!! n100w80.005    80.70 768


CUST_NO.   XCOORD.   YCOORD.    DEMAND   READY_TIME   DUE_DATE   SERVICE_TIME


    0      14.00      15.00       0.00       0.00     847.00       0.00
    1       7.00      24.00       0.00     226.00     382.00       0.00
    2      15.00      27.00       0.00       0.00      69.00       0.00
    3       5.00      30.00       0.00     538.00     558.00       0.00
    4      45.00      26.00       0.00      64.00     169.00       0.00
    5      44.00      43.00       0.00     132.00     230.00       0.00
    6      16.00      20.00       0.00       0.00      34.00       0.00
    7      39.00      28.00       0.00     595.00     637.00       0.00
    8      48.00      31.00       0.00     102.00     173.00       0.00
    9      39.00      32.00       0.00      54.00     131.00       0.00
   10      17.00       1.00       0.00     325.00     377.00       0.00
   11      38.00      40.00       0.00     168.00     224.00       0.00
   12       3.00      48.00       0.00     191.00     280.00       0.00
   13       2.00      20.00       0.00     496.00     615.00       0.00
   14      10.00      12.00       0.00     295.00     380.00       0.00
   15      44.00      31.00       0.00     116.00     139.00       0.00
   16       5.00      42.00       0.00     207.00     290.00       0.00
   17       8.00      11.00       0.00     266.00     345.00       0.00
   18      49.00       1.00       0.00     408.00     511.00       0.00
   19      47.00      47.00       0.00     148.00     189.00       0.00
   20      26.00      48.00       0.00     153.00     291.00       0.00
   21      18.00      33.00       0.00       0.00      83.00       0.00
   22      30.00      26.00       0.00      37.00     114.00       0.00
   23       5.00      15.00       0.00     293.00     388.00       0.00
   24      21.00       7.00       0.00     318.00     427.00       0.00
   25       8.00      47.00       0.00     196.00     262.00       0.00
   26      18.00      30.00       0.00       0.00      78.00       0.00
   27      15.00      20.00       0.00     559.00     618.00       0.00
   28      24.00      29.00       0.00      22.00     149.00       0.00
   29      29.00      32.00       0.00      45.00     107.00       0.00
   30      19.00      36.00       0.00      33.00      67.00       0.00
   31      27.00      38.00       0.00     185.00     231.00       0.00
   32      44.00      15.00       0.00     716.00     817.00       0.00
   33      21.00      36.00       0.00       0.00      84.00       0.00
   34      40.00       3.00       0.00     390.00     506.00       0.00
   35      47.00       7.00       0.00     387.00     516.00       0.00
   36      44.00      10.00       0.00     610.00     707.00       0.00
   37       9.00      43.00       0.00     211.00     316.00       0.00
   38       2.00      14.00       0.00     510.00     603.00       0.00
   39      39.00      44.00       0.00     186.00     276.00       0.00
   40      27.00       8.00       0.00     372.00     488.00       0.00
   41       9.00       9.00       0.00     312.00     339.00       0.00
   42      36.00      16.00       0.00     332.00     449.00       0.00
   43      17.00       2.00       0.00     297.00     362.00       0.00
   44       5.00      45.00       0.00     211.00     250.00       0.00
   45      11.00      27.00       0.00      10.00      73.00       0.00
   46      31.00      46.00       0.00     120.00     266.00       0.00
   47      34.00      32.00       0.00      38.00     126.00       0.00
   48      20.00      44.00       0.00     571.00     655.00       0.00
   49      14.00      43.00       0.00     214.00     241.00       0.00
   50      21.00      12.00       0.00     436.00     517.00       0.00
   51      11.00      19.00       0.00     263.00     319.00       0.00
   52       0.00      41.00       0.00     222.00     293.00       0.00
   53       8.00       7.00       0.00     314.00     383.00       0.00
   54      23.00       0.00       0.00     343.00     437.00       0.00
   55      13.00      32.00       0.00       0.00      99.00       0.00
   56      17.00      21.00       0.00       0.00      23.00       0.00
   57      42.00      33.00       0.00      57.00     166.00       0.00
   58       4.00       1.00       0.00     292.00     375.00       0.00
   59      18.00       4.00       0.00     424.00     553.00       0.00
   60      33.00      28.00       0.00     101.00     160.00       0.00
   61      41.00      33.00       0.00     126.00     141.00       0.00
   62      10.00      48.00       0.00     229.00     263.00       0.00
   63      28.00      15.00       0.00     320.00     444.00       0.00
   64      46.00      42.00       0.00     100.00     176.00       0.00
   65      16.00      14.00       0.00     472.00     585.00       0.00
   66      25.00      32.00       0.00      44.00     127.00       0.00
   67      28.00       9.00       0.00     363.00     446.00       0.00
   68      18.00      26.00       0.00       0.00      56.00       0.00
   69      13.00       2.00       0.00     310.00     361.00       0.00
   70      30.00      31.00       0.00      46.00     160.00       0.00
   71      31.00      17.00       0.00     344.00     475.00       0.00
   72      15.00      37.00       0.00      16.00     108.00       0.00
   73      14.00      25.00       0.00     651.00     719.00       0.00
   74       4.00       7.00       0.00     275.00     378.00       0.00
   75      24.00       9.00       0.00     305.00     378.00       0.00
   76      19.00      15.00       0.00     445.00     506.00       0.00
   77      27.00      24.00       0.00      35.00     167.00       0.00
   78      20.00      29.00       0.00       0.00      67.00       0.00
   79       9.00       6.00       0.00     515.00     575.00       0.00
   80       6.00      29.00       0.00     250.00     336.00       0.00
   81      16.00      28.00       0.00      11.00      65.00       0.00
   82      32.00       2.00       0.00     408.00     498.00       0.00
   83      26.00      20.00       0.00     332.00     403.00       0.00
   84      46.00       3.00       0.00     396.00     482.00       0.00
   85      36.00      46.00       0.00     181.00     210.00       0.00
   86      10.00      31.00       0.00       0.00      60.00       0.00
   87      36.00       2.00       0.00     440.00     499.00       0.00
   88      17.00       4.00       0.00     322.00     400.00       0.00
   89      46.00      31.00       0.00      82.00     145.00       0.00
   90      15.00      36.00       0.00      20.00     110.00       0.00
   91      33.00      19.00       0.00     354.00     475.00       0.00
   92      47.00      47.00       0.00     102.00     230.00       0.00
   93      33.00      14.00       0.00     466.00     541.00       0.00
   94      19.00       2.00       0.00     285.00     419.00       0.00
   95      11.00      43.00       0.00     203.00     322.00       0.00
   96       9.00      28.00       0.00     261.00     347.00       0.00
   97      16.00       2.00       0.00     306.00     399.00       0.00
   98      20.00      38.00       0.00       0.00      79.00       0.00
   99      19.00      11.00       0.00     492.00     538.00       0.00
  100       4.00      17.00       0.00     689.00     740.00       0.00
  101       0.00       0.00       0.00       0.00     847.00       0.00

