!! n150w60.001    58.87 1035


CUST_NO.   XCOORD.   YCOORD.    DEMAND   READY_TIME   DUE_DATE   SERVICE_TIME


    0       6.00      36.00       0.00       0.00    1087.00       0.00
    1      28.00      19.00       0.00     164.00     232.00       0.00
    2      43.00      22.00       0.00     272.00     349.00       0.00
    3       3.00      12.00       0.00     554.00     626.00       0.00
    4      26.00      47.00       0.00     103.00     150.00       0.00
    5      13.00      18.00       0.00     548.00     611.00       0.00
    6      21.00      23.00       0.00      36.00      93.00       0.00
    7      41.00      40.00       0.00     339.00     364.00       0.00
    8      41.00      25.00       0.00     121.00     182.00       0.00
    9      48.00      45.00       0.00     860.00     949.00       0.00
   10      17.00      39.00       0.00       0.00      49.00       0.00
   11      38.00      19.00       0.00     264.00     340.00       0.00
   12      13.00       0.00       0.00     200.00     296.00       0.00
   13      49.00      33.00       0.00     335.00     348.00       0.00
   14      36.00       9.00       0.00     250.00     332.00       0.00
   15      34.00      48.00       0.00     103.00     130.00       0.00
   16      34.00      39.00       0.00      87.00     154.00       0.00
   17      34.00      23.00       0.00     155.00     232.00       0.00
   18      35.00      45.00       0.00     388.00     437.00       0.00
   19      25.00      35.00       0.00      58.00     141.00       0.00
   20      27.00      12.00       0.00     201.00     204.00       0.00
   21      24.00      45.00       0.00      43.00     123.00       0.00
   22      20.00      15.00       0.00     564.00     615.00       0.00
   23      36.00       8.00       0.00     701.00     779.00       0.00
   24      47.00      35.00       0.00     298.00     355.00       0.00
   25      44.00      15.00       0.00     278.00     327.00       0.00
   26      44.00      38.00       0.00     336.00     389.00       0.00
   27      47.00       5.00       0.00     722.00     778.00       0.00
   28      17.00      24.00       0.00      17.00      53.00       0.00
   29      23.00       6.00       0.00     207.00     311.00       0.00
   30      39.00      49.00       0.00     375.00     431.00       0.00
   31       9.00      21.00       0.00      59.00      68.00       0.00
   32      17.00      22.00       0.00     479.00     527.00       0.00
   33      28.00      31.00       0.00     145.00     172.00       0.00
   34       2.00      36.00       0.00     451.00     531.00       0.00
   35       6.00      30.00       0.00     762.00     823.00       0.00
   36       8.00      40.00       0.00       0.00      51.00       0.00
   37       1.00       2.00       0.00     650.00     704.00       0.00
   38      17.00      43.00       0.00     384.00     480.00       0.00
   39       7.00      27.00       0.00      20.00      80.00       0.00
   40       3.00      25.00       0.00     547.00     576.00       0.00
   41      31.00       1.00       0.00     713.00     767.00       0.00
   42      24.00      41.00       0.00      92.00     134.00       0.00
   43      18.00      31.00       0.00       0.00      79.00       0.00
   44      37.00      38.00       0.00     327.00     423.00       0.00
   45      26.00      22.00       0.00     138.00     188.00       0.00
   46      31.00      23.00       0.00     131.00     218.00       0.00
   47      19.00      20.00       0.00     475.00     586.00       0.00
   48      23.00       7.00       0.00     174.00     260.00       0.00
   49      29.00      38.00       0.00     114.00     144.00       0.00
   50      22.00      10.00       0.00     219.00     232.00       0.00
   51       7.00      20.00       0.00     528.00     572.00       0.00
   52       5.00      45.00       0.00     470.00     504.00       0.00
   53      21.00      25.00       0.00     504.00     519.00       0.00
   54       4.00      31.00       0.00     423.00     477.00       0.00
   55      15.00      24.00       0.00      29.00      91.00       0.00
   56       6.00      37.00       0.00       0.00      17.00       0.00
   57      27.00      13.00       0.00     155.00     239.00       0.00
   58       3.00      21.00       0.00     518.00     584.00       0.00
   59      48.00      20.00       0.00     266.00     329.00       0.00
   60      15.00       1.00       0.00     822.00     887.00       0.00
   61       9.00       6.00       0.00     235.00     284.00       0.00
   62      49.00      38.00       0.00     742.00     775.00       0.00
   63      37.00       2.00       0.00     650.00     732.00       0.00
   64      28.00       9.00       0.00     147.00     209.00       0.00
   65       4.00      18.00       0.00     525.00     577.00       0.00
   66      10.00      46.00       0.00     388.00     499.00       0.00
   67      12.00      32.00       0.00      19.00     123.00       0.00
   68      18.00      33.00       0.00      82.00     125.00       0.00
   69       8.00      24.00       0.00       2.00      89.00       0.00
   70      12.00      19.00       0.00     498.00     580.00       0.00
   71      45.00      33.00       0.00     295.00     384.00       0.00
   72      13.00       8.00       0.00     239.00     256.00       0.00
   73       1.00      40.00       0.00     456.00     486.00       0.00
   74      15.00      16.00       0.00     506.00     594.00       0.00
   75       9.00       2.00       0.00     226.00     279.00       0.00
   76       6.00      16.00       0.00     530.00     623.00       0.00
   77      20.00      11.00       0.00     176.00     267.00       0.00
   78      17.00      18.00       0.00     503.00     560.00       0.00
   79      10.00      27.00       0.00      47.00     109.00       0.00
   80      20.00      33.00       0.00      34.00      69.00       0.00
   81      20.00      25.00       0.00       8.00      99.00       0.00
   82      16.00      42.00       0.00       3.00      47.00       0.00
   83      30.00      44.00       0.00      56.00     163.00       0.00
   84       6.00       1.00       0.00     650.00     681.00       0.00
   85      33.00      44.00       0.00      95.00     163.00       0.00
   86       7.00      17.00       0.00     540.00     587.00       0.00
   87       5.00      44.00       0.00     416.00     475.00       0.00
   88      43.00      14.00       0.00     291.00     327.00       0.00
   89      17.00       1.00       0.00     225.00     284.00       0.00
   90      27.00      32.00       0.00      91.00     173.00       0.00
   91      46.00       8.00       0.00     277.00     342.00       0.00
   92      25.00      27.00       0.00     561.00     656.00       0.00
   93       6.00      17.00       0.00     524.00     606.00       0.00
   94      42.00       5.00       0.00     235.00     322.00       0.00
   95       6.00      12.00       0.00     547.00     595.00       0.00
   96      49.00      29.00       0.00     307.00     380.00       0.00
   97      43.00      42.00       0.00     312.00     375.00       0.00
   98      26.00      12.00       0.00     209.00     233.00       0.00
   99      44.00      45.00       0.00     387.00     457.00       0.00
  100      40.00      41.00       0.00     365.00     429.00       0.00
  101      18.00       6.00       0.00     216.00     245.00       0.00
  102      39.00      48.00       0.00     371.00     428.00       0.00
  103      27.00      49.00       0.00      70.00     116.00       0.00
  104      25.00      25.00       0.00     108.00     210.00       0.00
  105      40.00      43.00       0.00     370.00     381.00       0.00
  106      44.00      43.00       0.00     326.00     407.00       0.00
  107      28.00      28.00       0.00     117.00     192.00       0.00
  108      47.00      20.00       0.00     748.00     798.00       0.00
  109      10.00      38.00       0.00       0.00      34.00       0.00
  110      19.00       7.00       0.00     210.00     262.00       0.00
  111      20.00      27.00       0.00      42.00      50.00       0.00
  112      24.00      37.00       0.00     474.00     538.00       0.00
  113      35.00      33.00       0.00     759.00     791.00       0.00
  114      13.00      39.00       0.00       0.00      60.00       0.00
  115       8.00      23.00       0.00      23.00      69.00       0.00
  116       1.00      35.00       0.00     453.00     487.00       0.00
  117      31.00      12.00       0.00     175.00     252.00       0.00
  118      47.00       6.00       0.00     287.00     330.00       0.00
  119      15.00      46.00       0.00     433.00     465.00       0.00
  120       1.00       4.00       0.00     601.00     676.00       0.00
  121      32.00      46.00       0.00      80.00     141.00       0.00
  122       6.00      39.00       0.00       0.00      36.00       0.00
  123      47.00       5.00       0.00     292.00     324.00       0.00
  124      10.00      23.00       0.00      17.00      78.00       0.00
  125      28.00      15.00       0.00     582.00     636.00       0.00
  126      28.00       1.00       0.00     663.00     731.00       0.00
  127      17.00      47.00       0.00     413.00     479.00       0.00
  128      15.00      39.00       0.00      24.00      47.00       0.00
  129       8.00      40.00       0.00      12.00      53.00       0.00
  130      34.00      22.00       0.00     137.00     174.00       0.00
  131       2.00      25.00       0.00     846.00     906.00       0.00
  132      31.00       7.00       0.00     223.00     298.00       0.00
  133      42.00      43.00       0.00     317.00     368.00       0.00
  134       3.00       0.00       0.00     641.00     705.00       0.00
  135      48.00      37.00       0.00     347.00     388.00       0.00
  136      20.00       2.00       0.00     252.00     313.00       0.00
  137       5.00      17.00       0.00     497.00     554.00       0.00
  138      39.00      28.00       0.00     121.00     191.00       0.00
  139      19.00      34.00       0.00       0.00      83.00       0.00
  140      11.00       8.00       0.00     655.00     709.00       0.00
  141       1.00      20.00       0.00     508.00     584.00       0.00
  142      37.00      30.00       0.00     133.00     204.00       0.00
  143      39.00       2.00       0.00     964.00    1040.00       0.00
  144       6.00      12.00       0.00     590.00     675.00       0.00
  145      23.00      37.00       0.00      90.00     135.00       0.00
  146      35.00      26.00       0.00     151.00     183.00       0.00
  147      27.00      49.00       0.00     408.00     464.00       0.00
  148      34.00      24.00       0.00     130.00     214.00       0.00
  149      14.00      12.00       0.00     577.00     640.00       0.00
  150      17.00       7.00       0.00     925.00     982.00       0.00
  151       0.00       0.00       0.00       0.00    1087.00       0.00

