!! n150w40.002    37.30 1077


CUST_NO.   XCOORD.   YCOORD.    DEMAND   READY_TIME   DUE_DATE   SERVICE_TIME


    0      32.00      30.00       0.00       0.00    1098.00       0.00
    1      11.00      40.00       0.00     437.00     485.00       0.00
    2      10.00      29.00       0.00     366.00     396.00       0.00
    3      28.00      38.00       0.00     116.00     158.00       0.00
    4       3.00      49.00       0.00    1025.00    1064.00       0.00
    5      32.00      46.00       0.00      68.00     124.00       0.00
    6      32.00      20.00       0.00     186.00     209.00       0.00
    7       9.00      27.00       0.00     339.00     382.00       0.00
    8      49.00      27.00       0.00      32.00      73.00       0.00
    9      35.00      31.00       0.00       0.00      31.00       0.00
   10      24.00       0.00       0.00     282.00     332.00       0.00
   11      31.00       7.00       0.00     273.00     346.00       0.00
   12       9.00      19.00       0.00     346.00     402.00       0.00
   13      17.00      17.00       0.00     324.00     363.00       0.00
   14      48.00       6.00       0.00     713.00     743.00       0.00
   15      14.00       9.00       0.00     661.00     684.00       0.00
   16      24.00      49.00       0.00     841.00     864.00       0.00
   17      47.00      42.00       0.00      52.00      72.00       0.00
   18      10.00      39.00       0.00     438.00     492.00       0.00
   19      25.00      25.00       0.00     127.00     186.00       0.00
   20      14.00       5.00       0.00     315.00     348.00       0.00
   21       0.00      41.00       0.00     513.00     524.00       0.00
   22      43.00      33.00       0.00      14.00      62.00       0.00
   23      49.00      39.00       0.00      48.00      57.00       0.00
   24      19.00      15.00       0.00     622.00     642.00       0.00
   25      11.00      16.00       0.00     620.00     654.00       0.00
   26      16.00      47.00       0.00     469.00     493.00       0.00
   27      31.00      46.00       0.00      98.00     152.00       0.00
   28      16.00      27.00       0.00     590.00     657.00       0.00
   29      49.00      11.00       0.00     978.00    1022.00       0.00
   30      49.00      26.00       0.00     213.00     258.00       0.00
   31      30.00      19.00       0.00     171.00     227.00       0.00
   32      48.00      30.00       0.00       1.00      47.00       0.00
   33      14.00      21.00       0.00     358.00     361.00       0.00
   34      10.00      33.00       0.00     358.00     406.00       0.00
   35       1.00      16.00       0.00     401.00     428.00       0.00
   36      26.00      15.00       0.00     130.00     195.00       0.00
   37      41.00      47.00       0.00     103.00     116.00       0.00
   38      24.00      42.00       0.00      90.00     167.00       0.00
   39      37.00      34.00       0.00      11.00      49.00       0.00
   40      48.00      34.00       0.00      24.00      62.00       0.00
   41      39.00      48.00       0.00      82.00      97.00       0.00
   42      50.00      13.00       0.00     725.00     729.00       0.00
   43      38.00       9.00       0.00     248.00     278.00       0.00
   44      35.00       1.00       0.00     674.00     714.00       0.00
   45      33.00      33.00       0.00     816.00     830.00       0.00
   46      28.00      16.00       0.00     153.00     209.00       0.00
   47      38.00       0.00       0.00     741.00     759.00       0.00
   48      43.00      38.00       0.00      39.00      97.00       0.00
   49      36.00       2.00       0.00     269.00     311.00       0.00
   50      48.00      49.00       0.00     780.00     827.00       0.00
   51      14.00      28.00       0.00     540.00     587.00       0.00
   52      33.00      13.00       0.00     161.00     202.00       0.00
   53      32.00      20.00       0.00     175.00     219.00       0.00
   54      33.00       0.00       0.00     255.00     296.00       0.00
   55       2.00       3.00       0.00     405.00     461.00       0.00
   56      19.00      24.00       0.00     592.00     623.00       0.00
   57      35.00      47.00       0.00      74.00      96.00       0.00
   58      45.00      48.00       0.00      85.00     118.00       0.00
   59      38.00      44.00       0.00      49.00      96.00       0.00
   60      29.00      22.00       0.00     185.00     224.00       0.00
   61      11.00       8.00       0.00     334.00     351.00       0.00
   62       1.00      13.00       0.00     405.00     451.00       0.00
   63      20.00      47.00       0.00     467.00     527.00       0.00
   64      38.00      35.00       0.00       1.00      32.00       0.00
   65      20.00      49.00       0.00     454.00     491.00       0.00
   66      25.00      50.00       0.00     466.00     499.00       0.00
   67      28.00      41.00       0.00     110.00     143.00       0.00
   68      19.00      31.00       0.00     594.00     617.00       0.00
   69      30.00       1.00       0.00     256.00     311.00       0.00
   70      46.00      30.00       0.00       2.00      60.00       0.00
   71      27.00      45.00       0.00      90.00     128.00       0.00
   72       9.00      23.00       0.00     333.00     383.00       0.00
   73      45.00      21.00       0.00     216.00     255.00       0.00
   74      37.00      25.00       0.00     211.00     244.00       0.00
   75      25.00      10.00       0.00     152.00     200.00       0.00
   76       4.00      22.00       0.00     430.00     472.00       0.00
   77       4.00      43.00       0.00     478.00     532.00       0.00
   78       4.00      28.00       0.00     423.00     459.00       0.00
   79      13.00      15.00       0.00     338.00     364.00       0.00
   80       6.00      35.00       0.00     387.00     397.00       0.00
   81       2.00      12.00       0.00     394.00     416.00       0.00
   82      11.00      20.00       0.00     345.00     407.00       0.00
   83      14.00      44.00       0.00     466.00     498.00       0.00
   84      10.00      50.00       0.00     498.00     561.00       0.00
   85      22.00      16.00       0.00     135.00     189.00       0.00
   86       5.00      30.00       0.00     357.00     404.00       0.00
   87       1.00      21.00       0.00     390.00     406.00       0.00
   88      37.00      17.00       0.00     188.00     202.00       0.00
   89      44.00      10.00       0.00     712.00     739.00       0.00
   90      29.00      43.00       0.00     111.00     148.00       0.00
   91      43.00      28.00       0.00     208.00     232.00       0.00
   92       6.00      32.00       0.00     374.00     391.00       0.00
   93      15.00      33.00       0.00     566.00     580.00       0.00
   94      38.00      46.00       0.00      52.00      87.00       0.00
   95       8.00      20.00       0.00     614.00     665.00       0.00
   96      12.00      49.00       0.00     491.00     524.00       0.00
   97      47.00      26.00       0.00      29.00      69.00       0.00
   98      43.00      18.00       0.00     222.00     244.00       0.00
   99      43.00      37.00       0.00     850.00     871.00       0.00
  100      24.00      48.00       0.00     477.00     524.00       0.00
  101      24.00      30.00       0.00     110.00     166.00       0.00
  102      21.00      20.00       0.00     135.00     167.00       0.00
  103      19.00       4.00       0.00     317.00     346.00       0.00
  104      12.00      42.00       0.00     504.00     541.00       0.00
  105      36.00      44.00       0.00      67.00     103.00       0.00
  106      43.00      21.00       0.00     230.00     260.00       0.00
  107      44.00      28.00       0.00      28.00      48.00       0.00
  108      27.00      29.00       0.00     129.00     174.00       0.00
  109      23.00      11.00       0.00     313.00     355.00       0.00
  110      21.00      23.00       0.00     126.00     172.00       0.00
  111       1.00      41.00       0.00     526.00     569.00       0.00
  112      11.00      34.00       0.00     542.00     590.00       0.00
  113      49.00      11.00       0.00     701.00     731.00       0.00
  114      26.00      28.00       0.00     122.00     158.00       0.00
  115      45.00      33.00       0.00     781.00     815.00       0.00
  116      24.00       3.00       0.00     255.00     309.00       0.00
  117      33.00      41.00       0.00      72.00      87.00       0.00
  118      20.00      46.00       0.00     472.00     505.00       0.00
  119      27.00      26.00       0.00     550.00     605.00       0.00
  120      38.00      31.00       0.00       0.00       6.00       0.00
  121       7.00      35.00       0.00     424.00     473.00       0.00
  122      15.00       4.00       0.00     340.00     369.00       0.00
  123      34.00       2.00       0.00     250.00     306.00       0.00
  124      47.00      39.00       0.00     780.00     821.00       0.00
  125      41.00      41.00       0.00      48.00      64.00       0.00
  126      38.00      42.00       0.00      53.00      79.00       0.00
  127      42.00      16.00       0.00     249.00     292.00       0.00
  128       3.00      49.00       0.00     500.00     539.00       0.00
  129      33.00      25.00       0.00     746.00     807.00       0.00
  130      30.00       4.00       0.00     281.00     299.00       0.00
  131       3.00       2.00       0.00     673.00     706.00       0.00
  132      12.00      41.00       0.00     455.00     487.00       0.00
  133      23.00      32.00       0.00     566.00     618.00       0.00
  134      48.00      24.00       0.00     228.00     251.00       0.00
  135      30.00      31.00       0.00     111.00     151.00       0.00
  136       9.00      14.00       0.00     863.00     941.00       0.00
  137      21.00      35.00       0.00     558.00     582.00       0.00
  138       1.00       9.00       0.00     388.00     433.00       0.00
  139      21.00       4.00       0.00     281.00     320.00       0.00
  140      42.00      39.00       0.00      30.00      63.00       0.00
  141       8.00      27.00       0.00     598.00     621.00       0.00
  142      44.00       6.00       0.00     676.00     719.00       0.00
  143      37.00      44.00       0.00      58.00      85.00       0.00
  144      28.00       0.00       0.00     274.00     294.00       0.00
  145       4.00      11.00       0.00     404.00     421.00       0.00
  146      44.00      26.00       0.00       7.00      40.00       0.00
  147       3.00      30.00       0.00     380.00     417.00       0.00
  148      34.00      36.00       0.00       0.00      31.00       0.00
  149       1.00      26.00       0.00     366.00     428.00       0.00
  150      15.00      47.00       0.00     913.00     959.00       0.00
  151       0.00       0.00       0.00       0.00    1098.00       0.00

