0.000000	12.886631	12.373252	16.151596	15.871827	10.518898	9.949848	9.713109	5.257378	20.601220	15.878311	16.425614	14.279751	5.443398	6.780376	6.399895	7.386558	15.711975	16.143065	19.844595	16.465747	18.417860	15.353095	14.903601	13.540960	7.458339	17.454033	18.567378	5.733874	19.865007	12.398689	7.895240	5.461295	15.013378	11.202180	7.750035	15.197930	8.852799	20.345739	5.402434	5.617205	13.337228	7.086766	15.886741	9.964008	18.789058	16.714649	15.937084	16.479784	16.471989	9.510990	19.009795	19.058904	20.601586	7.675285	18.177767	16.001937	9.059659	18.924947	7.860908	18.522404
8.928907	0.000000	18.330339	17.285957	20.494846	10.004563	16.030629	4.987085	16.742550	12.932984	20.708278	18.196958	12.294515	19.128311	5.375752	13.304044	7.318401	12.612619	14.681844	14.651899	8.865073	6.801086	8.316612	4.232570	12.001702	15.676400	13.967834	10.811552	11.628647	14.285475	8.059239	8.676528	20.000491	6.669589	13.780742	4.928640	4.291932	16.124107	9.188532	20.594807	16.623790	12.071585	7.128658	4.929292	15.617302	15.542674	17.370854	12.787534	19.858144	8.467545	10.045422	16.272989	16.617566	12.659535	9.117575	15.495759	19.322168	19.728176	12.752598	6.157758	7.140574
6.351733	14.488203	0.000000	20.788111	14.862236	15.189827	13.617214	11.840916	15.869648	11.502261	6.543475	7.755651	12.923882	18.111986	19.249925	16.774149	14.737691	20.027852	6.674732	21.008957	9.325542	4.883634	13.887883	13.507038	10.060333	5.076150	11.290965	20.162939	4.921640	7.469714	13.391468	12.052093	10.837076	18.050110	7.532366	11.371123	7.644395	10.035915	4.594830	7.086032	14.666125	9.141960	16.958227	6.790531	4.440576	9.147449	20.715911	16.289770	19.622214	12.324464	10.350867	9.005950	7.754717	13.122168	16.786868	11.370594	18.947330	16.663234	19.812269	9.364178	15.757326
9.977296	5.598992	6.662959	0.000000	4.697038	10.191213	5.249271	15.946236	18.608513	10.283111	11.767841	10.820720	14.734534	15.983702	19.307161	4.468091	19.931182	11.452150	16.774036	17.449972	5.402207	10.824188	7.150242	7.132427	17.777397	11.560618	12.482426	10.622100	7.819952	18.371564	9.667271	14.246351	12.826572	9.979011	18.290297	8.206506	4.474599	18.448955	12.436985	18.857300	13.470529	5.562271	6.002828	19.832521	9.989624	19.411105	5.162240	4.523100	19.394776	13.124864	7.179126	5.342370	6.212212	16.874668	17.077477	17.610789	13.565727	12.509453	12.182761	8.850683	19.627056
16.837738	17.071339	11.555483	16.179473	0.000000	20.399506	20.732420	20.748459	17.892391	11.722713	15.929695	12.007942	20.713491	13.706718	14.896065	18.971721	18.466052	6.632540	5.538154	14.336206	17.762028	6.499340	4.242298	5.661739	8.350304	15.799447	12.713572	9.921671	16.681859	14.619180	12.728281	8.453420	8.734555	20.619983	19.240755	10.064717	12.387914	16.519357	18.092162	9.112777	16.276541	13.098113	9.689266	11.924735	15.754196	5.890795	10.215135	6.327419	11.365926	6.200455	18.573998	16.858408	5.910502	6.336634	17.052557	18.649538	6.949722	11.613516	12.926256	16.896749	19.856635
11.101275	20.838846	15.166618	6.849054	17.840489	0.000000	10.051997	13.696927	16.776495	11.831066	11.700918	19.608198	8.929741	16.315285	12.025409	9.763824	9.138463	13.683335	5.329322	9.423631	7.360903	15.251212	19.940102	18.127745	7.136227	12.808215	9.587357	13.965882	19.207859	15.238781	10.382300	13.810323	5.537428	16.039897	7.943032	13.947225	7.021677	20.713687	9.196518	7.646186	11.198424	12.926489	19.595033	9.342602	8.435031	14.360302	6.936585	13.286018	4.973145	20.241412	6.582911	13.589095	14.709288	6.045918	14.887941	4.863848	16.572044	18.743555	14.869272	6.996634	12.917357
18.053048	15.303866	16.113836	17.952063	9.875412	4.529484	0.000000	9.243321	16.472171	9.327669	20.546493	17.463403	16.326635	10.440556	5.351239	12.699289	20.567732	9.100651	19.103773	10.152446	13.134345	16.982023	15.789207	15.220453	17.644617	20.412772	16.263556	18.909396	13.482228	18.662757	12.875324	19.722088	5.802258	17.145154	13.600251	4.602695	10.652793	11.650369	20.459837	4.384804	10.730940	12.343108	9.981013	18.193715	9.388485	14.742517	7.562468	16.706400	7.347283	20.895357	12.309769	11.695813	13.993012	19.062420	19.123152	7.066163	20.951268	8.386855	19.793858	15.397886	8.144469
20.968751	17.724769	14.802589	7.975010	14.084457	9.738324	7.339899	0.000000	18.468198	20.222433	18.170792	15.727262	15.258361	9.454035	15.424653	11.113096	7.026809	20.653858	15.296040	16.825321	8.630972	18.345571	17.923231	10.590394	15.792187	16.747580	13.212365	8.646178	16.614571	15.148827	16.565341	20.384959	7.727557	10.787297	14.731952	7.457718	12.309665	8.962770	19.522855	19.795329	15.909759	8.681259	20.275386	19.470303	20.608296	6.283270	14.000181	4.812888	8.960790	9.573966	15.270618	10.625086	10.644790	11.204451	16.659155	9.996909	8.499132	9.827561	15.108298	12.456321	10.029271
20.968164	18.487098	14.130898	20.220736	19.294729	5.649214	14.219877	15.292786	0.000000	20.608895	4.356126	6.676907	20.484062	15.725278	10.975769	17.054650	6.311578	6.646261	8.737231	15.264606	17.772594	14.158438	10.567221	16.140060	8.123173	16.171204	8.628807	13.213790	16.687098	16.348535	19.282130	8.975386	5.907507	17.121259	6.452381	16.682186	13.447910	14.312077	10.089699	14.821187	19.626692	19.894323	15.250648	5.093363	6.314521	20.867942	16.376626	7.283988	13.044421	16.797432	14.263431	18.574827	18.311984	19.640812	14.585559	12.835501	13.116191	20.562947	14.722978	6.303212	13.995058
20.284949	14.855961	12.600255	15.790106	5.550231	16.608367	9.887807	6.082701	16.038646	0.000000	4.608924	13.586827	9.632699	13.659163	19.684820	20.885247	15.815511	18.907794	10.930572	10.920134	19.675233	8.031269	20.958515	12.579459	12.360333	10.992376	14.622985	10.056279	10.310288	12.136292	15.998487	13.479822	7.530404	8.728850	6.744862	18.196337	8.450354	20.632097	8.468860	9.177522	20.811027	11.328179	18.764523	12.481013	11.641767	6.171454	12.993503	11.880242	7.982066	20.382299	11.593790	17.298108	4.764029	19.800034	16.701392	15.255276	4.633851	13.275850	19.040678	12.846089	19.887227
16.463993	14.919491	18.874481	20.762792	8.157571	13.609675	18.910696	6.783038	13.538423	15.130813	0.000000	12.703028	8.948811	14.768533	10.906932	8.486155	5.376464	4.872236	19.493544	19.496246	15.797768	17.220604	15.293986	12.450211	14.513485	7.375823	17.211653	20.397407	10.773774	20.441346	14.697735	20.781135	20.748927	17.783589	16.246457	7.417593	7.145814	11.930998	17.928995	15.549057	7.491656	9.937866	15.035762	10.679154	10.871200	6.526804	19.668460	9.433615	6.303057	17.183841	10.518855	14.988765	18.591922	13.240003	20.183002	14.102849	19.054953	6.204435	17.569499	11.380270	12.218261
8.009835	19.484076	6.457498	19.325480	19.058710	8.408001	13.100135	9.290256	7.210533	12.654091	16.597114	0.000000	10.540323	10.835924	6.236093	5.654035	11.812827	19.056314	5.012253	14.563107	9.253144	9.325017	21.037080	13.310932	6.949037	17.952293	13.663176	6.028674	10.459061	4.610061	11.693060	5.360098	7.467228	17.104005	10.256748	15.525747	5.311344	16.199240	7.861064	10.122746	18.831833	10.844716	12.178082	8.221928	6.393565	8.650559	7.304608	19.612620	16.953520	5.749813	18.068065	19.955239	12.946508	7.275213	8.467927	5.511567	8.382512	20.900420	5.249928	20.717330	18.764834
13.986862	19.958825	12.130909	7.157408	20.451480	16.054861	16.682170	8.970313	7.125002	8.402203	19.957153	13.910412	0.000000	13.014137	11.140430	8.479698	20.097949	19.635321	17.903497	16.041992	7.208865	4.351686	4.923587	18.976627	11.283125	5.043656	11.631342	16.690196	16.897174	12.549923	19.194215	10.663475	19.837855	16.336231	14.258047	4.937947	9.304695	11.642291	12.702860	15.187534	11.655528	6.319334	8.366815	6.082592	12.167739	16.586280	7.187445	11.584033	11.326991	19.587055	19.849953	15.520682	9.618146	19.201339	18.149030	18.606300	4.980412	14.570381	9.072496	11.037629	6.356095
19.268036	13.552183	20.819351	7.056297	19.066249	5.914231	6.721730	14.910467	7.404028	14.841479	9.809637	13.844582	9.348451	0.000000	6.639016	7.888325	12.498746	13.413454	11.303543	14.566909	19.220051	10.339038	20.603541	7.627596	18.006046	12.852431	13.760808	7.434690	5.556916	18.825787	19.867369	17.606504	12.482771	9.187836	15.251517	13.289474	10.685379	8.571613	9.548518	11.683329	9.317167	6.331655	6.314960	17.764140	10.457691	18.920610	4.893968	12.712541	5.681857	19.246511	4.901477	17.294877	17.709311	16.317257	15.608672	12.608467	18.916540	13.545685	11.295242	16.641038	12.579596
14.130071	15.407670	11.353020	13.781418	6.844992	5.432675	13.666057	15.912638	6.089489	9.440512	12.783839	20.433815	17.441379	6.633666	0.000000	7.730740	16.035189	13.200233	8.135091	20.769452	7.094768	8.483238	12.022724	17.870095	6.941810	13.814261	18.504826	6.310304	16.931092	12.917583	5.845729	17.780785	13.816839	19.074741	11.798255	8.177160	14.428973	16.896549	19.825708	14.862745	17.687085	18.846695	11.682382	13.260606	18.163802	16.736170	8.795722	20.735934	19.852514	10.986103	14.611374	8.461758	12.125511	13.410573	12.679783	16.451707	12.383025	19.116307	16.898912	7.075427	6.578400
10.617055	17.742791	8.318254	19.490816	17.449433	12.997761	7.420969	15.736152	9.405361	16.147834	14.976459	12.422008	14.684153	7.944633	5.724447	0.000000	20.800557	16.650815	15.959787	7.203410	10.986495	20.433116	9.249916	15.858395	10.524569	16.286849	10.613232	5.236137	16.406012	10.551137	15.483416	20.355047	14.588888	18.960254	8.310318	8.655075	19.534871	17.413210	5.083541	7.897859	17.632831	14.316970	4.325646	5.955212	19.657057	18.644402	18.492993	13.477633	9.115968	8.674526	20.857821	6.404724	12.925572	16.164678	15.250351	9.968412	17.227033	7.525140	4.633587	11.424520	19.955491
14.889806	7.208520	9.414730	13.363373	16.279347	12.357818	11.075538	17.975678	15.241596	7.690280	15.774625	6.526176	14.769375	8.829458	16.817865	7.801472	0.000000	7.785626	17.591135	8.764629	12.838880	13.224457	20.035511	11.805094	14.911438	13.718580	5.318137	10.891750	12.119114	10.749340	12.917337	17.147637	13.655113	9.813313	9.326021	9.514287	13.708377	20.383894	14.320919	10.923373	10.140199	17.566218	7.132792	13.302140	10.304435	7.514083	15.355164	9.180218	6.829649	10.886526	7.611240	6.628581	4.538272	7.607575	17.597143	7.997708	13.949491	13.076972	16.484348	5.035583	5.615012
20.340001	10.078439	7.717577	11.019848	8.258872	7.427268	6.070804	18.075268	6.059013	9.102735	10.036634	15.502574	6.819051	7.537214	13.218594	19.955198	5.013945	0.000000	9.017827	8.209138	6.428034	16.873453	20.659530	20.871665	11.988359	15.965221	9.415500	10.419954	6.276768	8.018075	16.121704	15.100266	7.043695	13.606694	17.959150	15.761977	8.001893	7.525330	12.741600	4.532378	11.217366	5.025445	11.120475	10.084684	4.350435	16.743958	13.401411	7.418756	13.557707	11.414551	16.363653	17.438035	12.542603	19.733793	19.692512	7.474056	13.836772	17.278073	13.489711	11.311321	18.186596
16.096558	18.352581	7.461959	4.782604	19.894088	10.560286	19.963776	19.752432	15.005950	16.695463	7.625087	8.804684	14.519060	13.238515	17.144869	9.962027	5.475099	14.752148	0.000000	18.734188	15.974498	6.207173	17.000370	16.505281	17.992196	7.315229	13.337543	14.422806	9.264744	12.175025	18.828410	18.198713	20.756908	20.892119	17.301690	18.952911	6.260865	19.797174	18.479306	11.665010	13.154429	17.758235	13.376082	12.130968	5.962416	19.324972	13.176932	6.545206	8.211216	11.082663	6.947422	18.417089	13.219663	19.781017	6.878437	19.397661	19.656491	17.289895	5.093351	16.348828	6.941173
9.812538	11.349824	15.545494	20.937420	8.932435	7.035710	7.342414	9.906603	10.059588	16.424466	12.595611	15.793049	14.688592	18.970279	16.706700	4.437147	19.318466	9.254965	13.395940	0.000000	9.012012	10.886554	5.205443	19.911877	20.182699	12.275736	20.744400	18.681205	7.861122	8.241228	19.235980	18.599249	6.304459	13.200556	11.031478	7.905173	13.863558	6.387973	12.352640	10.390677	20.878615	5.645654	15.511560	10.439728	12.638002	19.722513	5.059928	19.649985	13.262623	9.376287	11.385525	8.010968	5.582998	17.844912	4.552273	20.702597	7.100707	14.524195	6.056643	9.197513	11.358540
10.641233	19.064855	20.603142	9.257598	6.551811	8.860557	11.635895	9.139322	8.677872	9.719570	20.150036	4.615389	18.545200	8.389569	5.718661	20.551545	14.006720	13.527873	19.409167	15.584769	0.000000	15.644244	18.245921	13.968383	16.440000	11.844497	4.231835	10.013861	15.584146	16.673559	9.201378	11.899244	9.685813	20.189061	8.158183	18.881059	8.609555	11.006700	8.219017	12.531790	7.861177	11.402891	13.463995	4.552184	11.738359	4.619691	6.863829	17.241933	7.866115	5.140379	20.451203	11.244333	11.224953	20.462883	17.890709	8.966211	20.597196	10.011658	13.502857	12.867561	9.785259
13.012033	7.659642	17.999452	20.512394	20.597840	14.292072	7.628711	6.018278	12.817399	12.879538	14.059157	17.229609	12.330885	20.879400	11.339076	8.135785	6.815873	14.960281	5.669143	8.934922	14.679359	0.000000	18.169528	9.306983	9.699498	19.039778	16.612750	9.648470	5.536238	9.530633	4.944388	20.896618	6.729835	17.578238	8.125045	4.609703	11.693568	13.724875	9.034111	4.840588	19.802733	11.031817	20.535565	6.622391	7.097326	19.006334	14.693621	17.778991	10.102776	13.353290	13.318323	13.537558	12.346175	5.998796	6.849042	19.280497	16.197585	13.047363	7.554298	11.096921	15.861418
15.731212	13.353673	19.908655	14.694515	17.092628	18.931488	18.566328	18.747792	20.268929	17.771141	19.107058	13.683167	5.760282	14.854095	17.931369	16.360655	13.671575	16.545160	5.919960	17.026523	19.265821	10.699339	0.000000	4.912221	19.300845	12.301868	5.432888	17.973533	5.548814	15.968335	12.971770	6.832165	10.164176	20.608042	4.504026	16.223979	9.251359	10.417873	15.709121	11.352961	12.408653	21.076963	6.097533	6.207695	8.413142	9.847422	10.070946	8.545381	13.999800	7.404705	8.927709	6.207070	20.160228	4.676609	4.740858	13.434180	20.470881	14.851784	20.848566	17.264587	10.861815
15.478200	5.896805	7.619735	5.980798	10.786543	17.179615	6.048200	11.549171	16.848478	6.070894	12.585489	6.171864	13.827863	7.084192	4.675144	14.108916	10.805371	17.835947	16.545918	6.394952	18.351410	5.714187	9.100542	0.000000	18.483783	12.773179	16.150630	7.536735	4.251438	17.430018	16.888792	15.018145	16.698784	15.804255	19.137586	6.921188	5.391582	16.144513	15.125890	17.789772	7.765139	14.901919	7.847832	13.028925	8.248551	15.157985	14.709424	4.994251	13.874645	4.926933	5.498687	13.179165	19.374494	6.278267	8.276929	5.010776	19.753251	20.910639	11.423764	17.190641	6.048450
20.160936	12.202342	16.180558	11.762324	20.319197	11.432678	20.418624	14.400289	7.882621	13.925908	7.525314	6.166740	17.126018	20.105670	18.518662	11.973620	9.852066	13.553624	8.904081	17.528113	19.500615	10.671275	20.070582	16.767079	0.000000	18.827721	12.506255	14.164097	5.635116	16.151558	15.505775	4.345898	9.369650	8.776296	8.521316	20.720508	16.900667	10.260675	8.884882	12.164485	16.947019	5.943457	14.291525	9.158684	13.925670	10.088201	13.053971	9.863989	19.881771	17.268705	8.922250	12.897520	18.095265	15.643026	14.202331	17.919873	8.360767	14.309335	7.127002	15.825074	7.394570
5.356737	8.278463	12.796214	8.398789	10.548126	18.648858	11.499032	15.785437	17.864930	15.077835	14.518940	7.727318	15.296783	12.491971	7.146275	6.656903	9.419353	17.469725	20.545294	20.154081	8.837668	15.112713	12.650144	10.703877	17.324501	0.000000	16.313807	19.713552	20.008035	10.435942	20.993286	18.555508	14.480862	20.247544	17.781198	6.417037	7.905740	16.768850	17.027032	7.380310	4.516656	14.044406	7.819538	7.698902	12.287330	10.988675	13.463283	12.676203	20.303226	15.807096	11.713335	8.512449	20.396512	8.923630	20.578616	7.360235	15.461767	11.306050	13.293557	11.931006	19.894781
17.688046	20.095267	19.727771	5.617129	16.801213	20.772651	8.037798	9.615804	6.922097	9.827660	5.202450	17.418548	18.746695	5.631898	12.954065	12.658614	6.530697	9.288257	16.911104	8.593383	17.386819	17.722532	19.670656	8.380665	15.713733	20.995734	0.000000	5.633958	20.529455	19.428116	20.108152	6.427880	8.251697	16.091990	16.942829	19.156161	6.910941	9.465684	17.599343	9.471936	14.409091	20.779706	11.134725	4.790115	10.777998	8.987926	12.238270	13.685811	5.017195	10.047663	10.576465	17.351350	16.199181	10.456242	4.848609	5.374768	12.117876	6.774608	18.841097	8.562082	15.082031
8.544018	17.621934	9.013056	11.217707	19.186249	17.957730	19.337880	8.374454	8.625727	12.699399	10.777170	18.814149	5.246782	8.055399	16.129640	5.300346	8.323335	9.034661	10.805928	20.531628	4.834953	15.499479	12.801232	13.288750	6.304961	14.141950	14.820824	0.000000	8.939110	8.765689	9.775756	16.102327	7.214065	10.024204	4.842281	9.339094	19.134492	18.197540	18.405264	15.421124	18.842093	8.939075	12.371682	13.444034	4.476890	13.481973	8.500713	4.272459	20.293328	20.188297	10.256977	17.450026	11.899546	14.516361	5.196040	11.548305	15.120591	6.643377	4.876806	10.815907	5.556993
13.269541	7.563520	18.772979	17.891347	17.162685	7.438933	8.646200	12.588602	16.940341	17.132930	16.817296	10.616461	9.583661	18.176948	20.383899	5.258155	14.300689	18.286346	18.479767	17.673513	16.492753	17.038455	5.289940	13.379546	14.932040	15.913785	14.019540	6.984645	0.000000	12.431628	18.267847	8.353960	5.512136	16.899944	14.589906	9.535026	10.545128	7.282709	9.138587	9.835347	17.829454	12.845824	4.872056	7.804040	20.225516	6.757820	15.586687	4.497738	17.517628	15.228995	13.290708	11.356796	10.839919	17.031616	12.744879	18.464630	9.661989	10.621159	11.160106	13.213961	13.363181
20.643420	10.418688	11.567765	5.522895	21.065620	17.777019	14.713136	15.745767	9.154561	7.897690	8.930279	11.273651	12.165343	6.705910	16.784043	19.350136	8.530421	5.837791	16.537125	8.524627	12.178418	19.561863	8.324984	6.008581	10.025063	7.527464	6.745155	15.326154	14.483941	0.000000	16.571846	19.396737	14.034578	6.101099	20.841410	6.930714	20.660885	7.671119	12.241745	14.739381	15.377493	11.906973	20.824936	11.864193	6.618799	9.914905	11.858693	14.208055	16.652753	5.284726	5.410133	17.568541	8.340140	15.499976	10.415299	7.783575	14.401302	18.098321	20.404057	7.880694	16.748331
5.345617	17.808789	4.749073	12.376473	4.629084	19.385138	15.126743	8.580656	14.690655	6.725093	15.215382	19.637916	12.057610	14.094271	20.256328	8.608619	17.455515	8.035894	19.934856	10.652217	19.284655	8.964908	11.404093	5.587895	19.313629	16.384833	4.612321	9.039154	9.232323	12.276383	0.000000	20.297358	10.790493	10.580959	8.764792	13.023879	13.066327	10.011406	19.493517	6.546274	15.954235	9.039602	19.228338	18.809350	9.300538	16.693929	19.157203	7.068169	18.786481	11.814351	17.085939	4.933383	11.402299	18.061557	9.865617	19.356481	4.838587	17.974792	7.174986	18.259311	5.650708
20.825439	17.593234	17.359956	17.255520	5.744585	12.104781	13.689379	9.395697	13.620530	20.556567	7.905154	15.616393	14.781753	10.507075	8.207857	15.270388	5.998391	5.326118	10.642280	14.118957	7.989260	7.264497	11.733107	7.974777	17.252352	9.374840	10.803907	18.951132	4.826628	7.187788	6.596889	0.000000	19.897320	15.952277	12.842222	18.553101	7.205056	9.444910	6.090902	13.933801	7.895520	8.963619	4.466597	7.471692	20.668032	5.488475	15.460336	6.031663	4.864832	7.237228	19.967104	10.299494	11.686018	11.515098	6.320447	10.575356	19.763232	18.815434	12.718774	8.379087	11.844341
18.375594	6.513627	19.218071	6.591648	19.884983	7.404831	19.025390	16.281737	16.280336	9.466348	7.417616	20.629050	7.241996	20.194401	13.558134	5.534055	5.206455	19.320375	10.473096	19.619808	9.493970	9.412499	8.587697	20.857847	15.443499	19.985447	6.242715	11.815509	19.742232	18.666150	18.339309	13.931786	0.000000	4.433841	19.988490	12.107278	14.413196	5.423712	18.070677	19.137931	5.604689	6.319879	10.599149	4.220248	6.929657	19.359735	10.360328	9.050335	6.562157	9.309553	6.605106	7.693978	10.862522	12.943578	20.995830	9.412111	20.601356	7.698810	16.502529	10.402988	12.037926
8.566788	8.896027	10.567362	4.821814	9.879454	8.429066	4.421149	10.255321	15.114235	10.918126	13.113051	8.973830	9.427671	12.121656	6.140642	9.347810	9.207765	6.106889	16.320735	6.865746	12.014145	8.181233	16.094159	15.638425	5.303751	11.502123	7.962999	15.695067	15.247708	17.021955	17.944840	11.326332	4.548028	0.000000	18.362937	8.822726	19.046399	13.783172	6.783923	9.831215	15.866891	7.295623	11.622210	15.239059	16.991490	10.053486	19.255676	17.633363	20.368468	19.114962	8.516483	4.856135	15.405308	5.902688	19.569767	13.203777	17.284680	8.388896	18.709527	17.882408	18.361876
18.174873	11.899783	19.842658	4.644434	7.566717	6.264109	13.037971	19.677866	10.116860	9.930501	19.099920	5.994529	18.925720	7.140789	7.560135	17.989976	21.013105	18.668634	18.058459	20.345570	8.976965	7.424621	20.150924	15.531374	20.605006	4.289193	14.863212	13.215376	10.093233	20.410404	19.472256	17.119764	13.290835	6.070111	0.000000	6.806650	15.773637	14.609625	16.565893	9.897512	9.673607	9.754504	20.230688	6.999165	8.653045	6.914505	16.517838	16.244580	6.262194	20.076035	13.412023	10.467972	5.064597	15.704242	7.184800	20.296528	7.974480	4.988544	7.947158	4.973866	15.500797
11.635973	20.377876	7.587679	6.891673	15.672195	13.677739	10.735477	4.860418	13.687407	9.349603	16.433254	5.897532	9.733087	6.482867	11.983185	8.086180	5.700543	17.467033	7.274155	10.298407	20.656650	5.455355	18.120275	18.346710	16.300602	11.483445	8.516473	5.589365	8.868619	14.071834	20.834023	19.799420	7.257171	10.331461	12.624646	0.000000	7.282402	10.994169	16.356357	17.814325	11.334953	16.840299	6.271357	5.436164	14.212636	7.768470	11.023026	7.361601	13.163355	19.404650	17.272563	6.580389	13.922002	7.930082	13.784210	10.047831	11.810466	18.226512	16.404643	20.854596	14.400707
9.662385	16.006512	7.847309	20.966193	20.337991	17.932556	9.165988	17.193321	18.256841	5.580154	10.724850	13.443154	7.686736	4.464989	16.731120	16.920978	12.837776	9.884825	16.737769	16.710715	13.883524	20.181253	17.117026	14.006768	9.769610	15.393722	12.776729	13.769379	20.849544	12.649255	12.386683	8.498218	7.962001	8.432837	16.772575	9.992676	0.000000	20.942169	12.786621	8.648612	14.661885	16.549787	18.277845	7.197032	19.300009	16.938162	12.156779	19.040844	11.474090	6.403776	17.003016	18.546667	20.483487	6.693336	6.864626	19.817084	9.257185	15.234349	20.851876	17.429490	11.609025
13.507750	13.477568	20.241946	7.069487	15.353467	12.543221	7.710628	20.665090	5.068403	11.813502	18.329515	11.536211	7.152824	17.965008	8.530581	7.280393	14.457084	11.150533	13.292478	19.648336	13.829383	19.435516	19.862946	7.676536	18.471290	7.358008	15.265276	5.605792	14.508032	9.593653	9.097627	16.465293	19.917498	15.496880	11.477390	5.920010	20.385643	0.000000	14.660098	4.379439	7.765716	16.364618	13.695767	13.657782	14.961592	13.218323	5.249924	17.674012	16.285492	12.033579	13.998033	20.137897	14.538529	16.385045	11.273929	6.438006	12.200990	19.659856	13.271071	10.248081	5.838693
9.049797	13.315465	4.506080	10.351551	5.332955	13.639833	8.806552	14.134317	9.523630	4.772753	9.812212	6.905900	9.303031	17.916700	14.432146	13.839746	18.408286	16.589737	6.352763	11.258737	7.700742	17.491698	9.921305	10.949255	9.676150	19.721118	20.722013	6.816747	12.773557	15.997658	16.209837	10.858864	12.246185	5.687225	19.050491	12.159104	12.945557	9.503980	0.000000	18.851655	5.670604	11.387012	6.767540	10.738885	12.962974	18.833290	9.868283	4.628156	14.238374	4.254201	10.065656	16.138637	12.907092	7.703824	11.559542	4.861760	6.016485	17.283200	10.632250	18.917352	6.838793
7.583379	7.066562	14.886030	15.395267	5.284639	20.555615	12.807728	19.829897	14.127066	11.463432	8.239541	6.127637	18.077980	6.677741	13.331932	9.504632	4.657517	4.762133	17.999329	11.751729	5.597667	20.707215	9.466047	6.483239	18.467640	13.232139	6.772251	5.996130	8.971341	16.119049	13.713198	20.013248	19.007329	4.465648	14.578927	18.575553	5.842012	5.636554	5.601492	0.000000	14.552496	6.665406	8.100612	7.639788	11.001142	10.193962	10.291194	10.988696	11.598814	18.396486	15.075290	10.315715	9.720051	5.961653	5.065718	10.165089	15.266425	9.733453	13.343140	12.899011	20.532175
17.280696	9.670675	20.279666	8.881337	13.490532	19.354463	15.476174	15.230481	15.716221	16.025372	15.714662	11.691949	11.086067	9.997011	17.264549	7.639080	19.264509	18.626128	5.736754	20.671051	14.998848	5.036594	5.513892	10.846002	10.263676	6.005263	10.751515	13.746974	6.969125	12.137734	7.453320	7.734500	5.438451	9.681175	14.402733	12.609724	13.444085	16.070198	19.168046	4.460235	0.000000	12.066418	17.243709	16.325165	12.247173	10.060456	17.431776	13.723238	9.122089	11.899138	11.863376	11.799510	18.779358	8.607195	18.474332	5.150357	7.184852	14.092747	12.037933	7.561581	5.185825
4.720063	12.506567	8.869087	4.505304	19.222939	18.361468	8.008827	16.919453	14.648943	10.769778	9.023075	8.675229	19.870620	7.118046	18.249608	11.600031	20.562476	18.211802	9.569408	14.716674	5.849918	14.638192	11.725412	20.588875	4.413467	11.736873	8.520385	16.614298	11.885119	17.092538	8.443260	16.286379	8.602819	5.707109	19.691833	18.643338	11.946580	18.711552	20.273989	5.259898	8.014024	0.000000	14.350987	12.023530	19.976228	13.538760	14.762975	7.565667	4.970607	4.945745	4.947484	10.653293	8.595798	19.269919	9.351482	19.245689	4.903458	5.324714	15.038847	15.360235	4.648002
16.517478	16.065122	11.761448	13.577818	20.028764	13.960914	17.212629	4.724040	20.023298	12.113363	5.675597	4.509947	7.579357	17.212485	4.530097	6.912413	8.633069	15.737732	14.142700	16.844422	12.595229	18.836631	14.309798	7.819315	16.881828	6.346839	11.294454	11.666407	15.085905	4.320119	16.037999	10.914780	20.319377	10.399261	10.676164	7.474425	9.473524	9.648445	12.068655	6.264687	6.294708	16.476819	0.000000	20.604751	6.223049	18.965902	13.356585	8.414561	17.568242	14.205954	18.893150	12.631070	14.183761	9.257074	16.981754	11.371296	15.517423	5.437231	6.530780	14.981609	11.114546
20.916746	8.856033	13.488107	12.256227	11.592280	6.398105	19.668688	11.683308	16.547421	4.969919	15.113867	13.403846	14.070840	5.807425	5.669253	15.383877	10.515556	15.124081	15.828014	12.327779	11.789357	11.177041	6.530173	19.488848	16.048939	20.099766	6.668291	8.876217	7.125786	16.579717	14.074721	4.879562	21.019807	8.559182	12.794802	20.926093	6.709400	14.389172	4.270627	7.734309	11.832525	6.923029	11.187946	0.000000	16.397849	10.770416	17.839123	5.918567	19.508278	9.618704	7.617242	19.514196	7.895322	16.705099	13.405780	13.133339	14.735293	16.739804	20.928993	20.877373	9.359326
17.976750	4.826319	16.488024	8.734539	11.382225	9.430485	11.994417	5.497208	9.960510	17.131676	14.981296	4.661838	12.121428	9.565926	16.604197	14.088539	6.167774	18.824729	4.910874	6.150810	12.833313	14.970405	12.589894	15.744464	8.005504	8.231858	13.089522	9.002779	12.164648	6.269422	11.668243	19.889166	8.192447	4.976935	18.715765	18.520831	17.345312	17.668056	5.151278	8.626242	19.868161	5.511971	7.492437	6.690173	0.000000	5.739304	7.961640	12.573684	7.196606	16.865409	19.203013	11.050439	10.443829	6.614610	8.509621	8.464567	15.268708	20.147551	7.083758	20.708426	9.894917
13.950966	19.176616	7.294567	19.762545	13.521932	14.261865	20.807866	4.805573	20.363770	8.230213	6.514229	13.452671	6.589070	16.417584	5.046410	8.807203	19.558041	7.244119	20.452041	19.387416	9.833827	15.315070	9.168947	9.764698	10.792084	19.320322	16.695471	6.940250	19.170249	8.981332	19.976487	13.309677	12.346272	19.102335	19.700855	16.157775	5.453048	18.362025	20.631613	13.624065	14.287788	20.600810	7.517081	13.717601	5.616376	0.000000	12.907988	5.621148	8.311563	16.933291	19.291762	4.812957	9.795876	14.535604	15.631111	13.398620	17.040370	8.398251	17.345702	5.783888	4.783953
12.613306	9.553629	12.594690	8.614520	17.518428	5.084758	10.483684	9.370027	8.066410	7.943789	19.844229	10.589904	5.845767	7.092700	17.906967	9.998483	11.568317	12.221192	11.802464	13.462483	20.856615	20.310484	12.485777	11.985271	8.897928	11.794037	8.571586	18.681668	13.008381	18.343820	7.418636	7.356985	19.237943	9.293817	8.784267	19.025181	11.124582	20.263581	13.835786	9.351133	9.649700	5.249576	9.301946	7.285125	14.579014	11.424269	0.000000	11.617009	6.046085	20.431523	6.795948	7.068330	19.023387	20.024684	18.632380	12.733498	7.386188	12.440112	5.071157	11.738353	17.145067
18.658876	10.646564	7.433196	11.300491	6.994741	5.825942	10.261280	5.099754	16.742581	7.619890	17.058907	16.174791	16.836336	15.217404	19.431276	6.200522	6.069403	20.430605	7.642932	7.996491	18.983293	20.960556	12.937268	18.655274	6.631103	8.744638	5.854894	15.401866	11.837338	13.818643	9.388311	16.648731	15.192927	20.246128	12.000238	19.697770	18.071670	19.812521	13.535116	20.682380	10.428844	6.021496	16.852242	7.990914	13.981888	13.261915	17.304643	0.000000	9.365059	10.113679	12.489432	19.833080	8.951821	9.525789	6.395516	18.157573	15.259261	9.025603	19.302002	20.686885	8.093862
15.495012	15.969675	19.467698	10.356331	19.092218	10.998105	13.951784	18.058342	19.826022	11.899000	15.808617	15.212178	12.732947	12.262880	10.884758	10.415433	14.591063	12.070894	19.677277	17.233738	8.497034	19.794661	7.572967	14.797117	12.147492	10.272475	6.022122	11.632383	16.893786	5.177939	6.513545	6.145185	8.927662	16.164842	5.213127	11.982423	10.781835	19.730106	12.061441	10.973792	15.376776	18.111066	16.965916	10.670572	6.410054	7.726232	7.101344	13.216313	0.000000	6.321548	20.721435	19.632755	6.096426	14.067716	17.067124	9.044203	7.510358	6.831655	16.706340	10.219348	17.255891
10.520086	11.217532	4.374866	9.354231	16.779769	16.091625	8.012779	16.986482	19.828745	4.659754	5.314880	19.844787	8.322233	16.667037	8.422086	20.903767	19.282663	16.858928	6.897720	15.497598	19.350491	9.666918	13.251148	12.640784	19.947857	11.149840	9.469736	13.602163	8.131198	8.880872	7.052425	14.020035	5.238107	6.018489	17.358252	8.567646	12.743554	5.793080	15.286809	6.075656	17.066296	9.267153	9.257907	19.297890	10.811742	16.160357	10.668122	17.094945	15.279515	0.000000	4.998969	16.655339	12.229584	16.433548	6.822576	14.721834	4.356995	9.352415	9.911556	15.468235	19.610256
11.460434	4.605340	12.185399	5.168618	4.975456	21.055640	4.556841	16.285374	11.860578	13.983881	6.963061	19.198615	16.177366	5.427504	19.067416	17.829706	20.989250	18.998605	8.372542	18.159385	9.766567	16.206846	14.998760	19.624658	14.691982	15.775745	8.966598	10.905136	4.529735	14.042084	12.603364	7.321577	10.127904	19.786960	17.706576	16.920078	20.874514	4.875739	20.417456	6.987668	8.679614	7.148959	16.336680	8.041339	6.656097	6.749233	18.077617	17.189765	20.771676	11.809149	0.000000	12.456411	6.227283	4.543019	15.799551	10.745728	19.572836	16.954237	9.383626	9.549914	19.201663
11.053759	11.049104	9.250712	9.255287	18.710871	7.382401	17.589332	7.305996	16.956541	6.478420	16.349420	17.793835	15.315333	17.772073	16.601855	4.996497	4.260739	20.273207	8.701331	16.580184	10.446382	12.195244	19.660122	6.607762	5.316435	7.202249	8.738640	10.580844	7.200941	12.728107	9.455995	16.709805	16.452099	9.300501	16.868316	4.752253	10.084596	17.520965	16.387130	4.327946	11.743922	16.310901	10.352511	15.311805	15.951160	18.905329	20.258752	16.161117	9.717154	18.491227	16.154986	0.000000	7.571536	12.798599	6.249787	15.739095	6.554207	9.598407	7.721756	10.086381	15.612561
13.511545	16.150623	6.739541	15.100531	16.321164	4.237714	16.884366	18.897402	20.984265	8.075693	7.848827	7.140496	5.686543	8.166486	20.572191	11.781238	8.362348	15.732175	5.575760	10.649652	10.577283	8.557314	17.017744	19.086467	14.190561	13.380388	12.030075	7.801946	7.025809	10.817664	20.760807	17.003481	7.371821	15.985221	16.314385	6.823628	12.342539	5.860581	14.777721	17.757944	14.168418	9.722039	9.834577	4.533177	18.603578	15.522901	13.213029	16.692813	10.877053	20.440252	17.491053	7.244285	0.000000	6.040737	11.222856	9.992702	17.440825	20.898865	9.961157	13.227543	17.566087
7.253561	7.693046	20.301057	8.596557	9.716468	7.458973	13.848695	16.208613	8.123467	17.394910	6.028057	16.296736	15.258750	9.001363	10.313669	5.898192	11.977990	16.302642	9.721635	18.340873	20.880670	14.349881	16.616121	15.293720	12.357221	7.233167	16.917398	4.560071	17.413995	5.757561	5.158301	17.816808	19.087256	4.398083	11.940648	5.608338	8.007373	13.470948	9.922787	6.301122	10.404857	15.399523	8.521647	9.172434	4.796768	7.386336	15.260542	7.289910	9.578489	9.324636	13.320174	18.820464	9.061808	0.000000	7.735726	19.095783	12.750287	19.266462	15.623859	11.598597	6.176564
7.067358	17.620129	7.254668	14.371897	13.012544	19.480077	8.547177	6.362085	8.331477	9.034068	9.471483	20.504383	19.393781	5.058406	19.051978	13.294541	19.258614	12.403104	14.368213	9.732360	17.451375	7.873827	14.318959	19.088868	11.303457	20.057574	10.476544	7.636648	6.960328	19.606111	6.379097	20.109062	16.166903	12.318970	7.653373	6.196365	15.901876	19.390344	11.434057	13.990721	10.579342	20.749846	17.755760	4.301419	7.674115	18.668601	18.830673	10.778212	13.726607	14.292973	5.537754	13.932878	6.237126	8.666330	0.000000	7.946968	18.175751	8.071797	5.359649	18.429880	17.988942
16.886648	12.861100	4.402692	7.012646	6.743946	9.304311	11.089845	13.854150	10.646831	8.759423	19.645876	18.625901	19.835207	18.740018	8.477331	15.451102	10.339271	14.966568	11.330639	6.514060	4.577504	10.517968	10.241324	8.400469	16.662312	16.071841	13.725686	20.367130	4.377216	14.796083	8.531981	11.412486	18.924987	12.214233	8.928168	5.219507	7.702551	20.663243	6.070277	6.946866	19.101621	12.581545	6.054815	8.806654	8.201755	15.061139	20.562503	11.657558	6.145148	7.143967	9.137222	6.259679	4.932705	17.947818	10.288414	0.000000	5.462901	6.762457	17.398130	10.697516	13.629173
12.386099	9.848486	16.405518	12.989308	13.134122	14.210512	6.924812	16.569167	18.627234	6.457167	12.716859	10.308694	15.947043	6.620926	16.662251	5.216340	14.678217	19.756573	11.076363	17.605312	18.279228	8.764395	12.342588	6.860993	18.959133	7.645171	14.977218	5.789655	13.067552	16.887611	6.088636	4.967502	20.051907	18.396933	12.739775	17.658544	10.229576	15.747772	20.839743	18.673093	15.289541	6.407684	4.794491	5.608585	17.411832	18.938387	15.091969	13.581366	18.469738	7.381322	18.596286	17.208204	6.572783	20.843160	11.789867	21.024323	0.000000	5.504672	4.637117	14.610281	5.681483
20.793278	6.850236	11.306050	14.886288	19.921243	5.002746	18.035220	20.751778	17.966933	16.395413	8.568673	6.366395	8.383833	14.548253	12.454754	11.912397	10.423637	13.524204	7.173368	4.698190	17.397847	14.222173	6.605929	7.328209	8.306120	15.052112	4.415760	5.343965	12.837123	9.109190	7.797205	8.557282	14.406628	8.293423	6.698732	6.942102	5.772222	14.608363	7.328116	10.039732	17.780398	8.701081	21.005678	4.275436	5.649593	17.867671	15.540285	10.303262	4.592159	6.067589	12.132650	8.107969	16.341973	8.502104	7.010772	19.703003	19.281767	0.000000	16.439042	17.972314	8.314929
20.337374	17.294392	4.359125	7.277645	7.906044	6.116432	20.993626	5.855902	11.250121	13.864980	9.279267	5.244705	17.030599	17.275817	8.955249	11.682420	12.577801	9.680002	4.573396	16.461786	14.971177	12.044103	9.513162	15.389411	11.106495	12.268744	12.945474	15.397169	9.366356	7.581914	19.695004	9.764939	6.334067	6.950827	4.681683	14.651833	14.013754	6.608502	10.912972	16.115979	18.942145	11.830934	14.239379	11.477089	17.734545	8.566674	19.369032	13.933996	10.278933	8.834627	18.060560	18.883973	12.433242	7.561144	15.578137	15.097043	14.384312	5.130967	0.000000	7.804117	6.324435
15.147306	17.125327	7.319698	17.650395	11.729460	15.290571	4.606500	14.824309	18.889676	6.185395	4.852719	17.276153	7.197816	7.527703	6.487683	12.065388	19.736724	15.353394	16.135968	14.159942	8.458687	13.646352	16.570106	5.492650	16.233817	7.934969	20.658927	10.851444	16.956551	18.773408	10.424570	14.432899	12.453162	10.029020	12.480105	7.723747	16.197733	14.642485	9.059983	13.120783	18.724457	7.945221	8.780585	4.278637	13.934640	12.669591	19.207104	14.674371	13.975479	7.692574	6.806842	9.043994	19.042891	11.514260	6.468471	11.113447	4.644605	9.811393	4.336699	0.000000	18.442482
17.016752	11.787193	7.448869	18.241274	17.967808	20.097912	18.572291	20.637770	10.463646	5.193023	4.385226	15.347165	18.325120	16.933210	16.538399	6.418350	13.297557	12.074712	20.572551	15.914542	18.693436	5.358698	5.677693	17.981591	21.004184	9.253659	10.256367	17.994686	6.817393	10.611151	15.564734	5.221264	17.942708	17.032471	17.087393	19.425362	5.552012	12.782055	6.490469	9.715269	6.853011	5.420835	6.694082	8.508147	16.783159	10.398212	11.217877	6.427605	19.865256	11.269370	20.521140	21.054284	8.916318	10.809366	4.498936	19.317576	11.378731	14.021903	5.291397	13.484795	0.000000
