0.000000	36.439472	34.987030	45.676652	44.885132	29.740726	28.130781	27.461001	14.854930	58.265444	44.903477	46.451897	40.380862	15.381214	19.163770	18.087317	20.878767	44.432882	45.652515	56.124815	46.565440	52.088322	43.417546	42.145847	38.290686	21.081849	49.361481	52.511337	16.203024	56.182564	35.058995	22.317921	15.431849	42.456425	31.673854	21.907109	42.978556	25.027030	57.542642	15.265320	15.872948	37.714292	20.030600	44.927327	28.170841	53.138508	47.269631	45.069756	46.605154	46.583101	26.889172	53.763014	53.901952	58.266479	21.695627	51.409056	45.253237	25.612274	53.522963	22.220790	52.384096
25.242352	0.000000	51.840709	48.885965	57.964493	28.285577	45.334412	14.090221	47.348568	36.570614	58.568330	51.463351	34.764267	54.098316	15.189831	37.620410	20.685940	35.664241	41.518455	41.433735	25.061754	19.222360	23.510059	11.955561	33.935847	44.332236	39.498392	30.568697	32.880407	40.397055	22.781905	24.528328	56.565873	18.850331	38.969074	13.924872	12.123509	45.598880	25.976880	58.247300	47.012575	34.133560	20.149121	13.926716	44.165037	43.953901	49.126154	36.159109	56.163146	23.937075	28.401177	46.020094	46.994964	35.796977	25.776130	43.821167	54.646776	55.795443	36.060267	17.402268	20.182833
17.951059	40.970609	0.000000	58.794193	42.028818	42.955632	38.506424	33.480954	44.878969	32.522838	18.493532	21.922997	36.544862	51.222948	54.442384	47.437966	41.676457	56.643282	18.864883	59.419007	26.364506	13.797541	39.272195	38.194715	28.443361	14.342205	31.925043	57.025469	13.905066	21.114030	37.867748	34.078414	30.640910	51.047890	21.291283	32.151824	21.608235	28.374280	12.980461	20.028524	41.473983	25.845118	47.958756	19.192498	12.544050	25.860648	58.589926	46.067570	55.495658	34.848998	29.265335	25.460322	21.920356	37.105848	47.473951	32.150328	53.586289	47.124166	56.033360	26.473813	44.561190
28.208435	15.821418	18.831575	0.000000	13.269627	28.813646	14.831993	45.095650	52.627715	29.073640	33.274213	30.594634	41.667524	45.201647	54.604316	12.621895	56.369786	32.381064	47.437647	49.349992	15.264677	30.604447	20.210186	20.159784	50.276338	32.687940	35.295904	30.032704	22.104917	51.957343	27.331319	40.286367	36.269554	28.213287	51.727424	23.198549	12.640307	52.176295	35.167342	53.331577	38.091424	15.717527	16.963943	56.090655	28.243314	54.898394	14.585769	12.777524	54.852195	37.113477	20.291905	15.095388	17.556331	47.722352	48.296136	49.804971	38.360758	35.372368	34.448096	25.021044	55.509357
47.617871	48.278772	32.673413	45.755519	0.000000	57.694760	58.636633	58.682010	50.601676	33.146538	45.048852	33.953501	58.583079	38.759648	42.124526	53.655296	52.224666	18.745513	15.649296	40.540583	50.232855	18.368666	11.983085	15.998942	23.605380	44.680358	35.949856	28.051062	47.176861	41.341166	35.991472	23.897114	24.692495	58.318529	54.416442	28.455765	35.028511	46.717113	51.166864	25.762555	46.030142	37.037793	27.393546	33.718093	44.552334	16.646982	28.881326	17.882270	32.137122	17.523065	52.530067	47.676351	16.702736	17.908343	48.225632	52.743782	19.642879	32.837599	36.551577	47.784824	56.158879
31.388377	58.937732	42.889969	19.358072	50.454835	0.000000	28.419778	38.731946	47.444605	33.453086	33.084875	55.456004	25.244712	46.139756	34.002918	27.604485	25.835225	38.693492	15.058474	26.642018	20.806185	43.129300	56.395022	51.267536	20.170536	36.217620	27.105228	39.492869	54.323373	43.094132	29.354264	39.052765	15.647244	45.360635	22.453133	39.440084	19.846454	58.583635	25.999473	21.613302	31.663229	36.552239	55.418759	26.412772	23.845088	40.608755	19.605711	37.569412	14.050785	57.247483	18.605103	38.426871	41.596099	17.085852	42.101541	13.741562	46.866175	53.009772	42.048724	19.775601	36.526401
51.056204	43.278268	45.569820	50.770499	27.920188	12.795586	0.000000	26.131887	46.583615	26.370522	58.110611	49.387990	46.171868	29.519081	15.120482	35.909447	58.170701	25.728248	54.028894	28.703966	37.140299	48.026079	44.651387	43.042279	49.900679	57.732292	45.993405	53.478967	38.124525	52.781180	36.407483	55.778222	16.396496	48.487608	38.458433	13.002713	30.119539	32.941863	57.865445	12.386261	30.340630	34.901748	28.218950	51.454177	26.542583	41.690111	21.376449	47.246293	20.767652	59.097610	34.807424	33.070433	39.569624	53.911901	54.083722	19.972311	59.255794	23.708788	55.981272	43.544270	23.023036
59.305257	50.127442	41.860064	22.543604	39.828340	27.532339	20.746760	0.000000	52.230739	57.193789	51.389324	44.476131	43.149527	26.728036	43.619998	31.421820	19.860973	58.414367	43.256128	47.582741	24.399439	51.883803	50.688927	29.943002	44.659817	47.362797	37.361033	24.442460	46.986490	42.839636	46.847209	57.653602	21.843515	30.500074	41.660220	21.080092	34.807131	25.338157	55.214555	55.985434	44.992449	24.541712	57.343601	55.065874	58.285465	17.757364	39.589906	13.597389	25.332554	27.067341	43.184203	30.041151	30.096897	31.680280	47.112627	28.263924	24.026440	27.784807	42.724971	35.222048	28.355481
59.303594	52.284208	39.959730	57.188987	54.569143	15.963506	40.211468	43.246921	0.000000	58.287160	12.305126	18.871036	57.933984	44.470519	31.033297	48.231554	17.837455	18.784334	24.700067	43.167196	50.262748	40.037646	29.877440	45.644014	22.962784	45.732125	24.393316	37.365064	47.191684	46.233826	54.533500	25.373849	16.694264	48.420002	18.235811	47.177785	38.027433	40.472316	28.526443	41.912682	55.508327	56.265504	43.127705	14.390902	17.845780	59.020050	46.313302	20.588578	36.885888	47.503839	40.334688	52.532412	51.788780	55.548275	41.246048	36.294815	37.088938	58.157164	41.634832	17.813784	39.575414
57.370658	42.011065	35.629262	44.653930	15.683465	46.968939	27.955254	17.189920	45.357096	0.000000	13.020337	38.420453	27.233509	38.625105	55.672784	59.069009	44.725804	53.474435	30.905426	30.875895	55.645660	22.702770	59.276297	35.570426	34.950478	31.080280	41.351931	28.431894	29.150531	34.316626	45.243479	38.117718	21.285735	24.676356	19.063293	51.461595	23.888440	58.352802	23.940796	25.945730	58.859027	32.030327	53.069096	35.291905	32.917526	17.441016	36.741832	33.592214	22.563567	57.646077	32.781790	48.920340	13.459157	55.998745	47.232122	43.140799	13.090861	37.540644	53.850387	36.324771	56.245428
46.560478	42.190803	53.380186	58.722561	23.060104	38.485094	53.482647	19.171301	38.283509	42.788669	0.000000	35.920026	25.298666	41.763715	30.838546	23.989727	15.191845	13.765293	55.131628	55.139273	44.675606	48.701067	43.250315	35.204761	41.042137	20.848396	48.675745	57.688819	30.461816	57.813131	41.563414	58.774456	58.683334	50.293854	45.945029	20.966572	20.197659	33.735813	50.705236	43.971959	21.176108	28.096881	42.519754	30.194118	30.737452	18.446366	55.626497	26.670262	17.813348	48.597060	29.740605	42.386792	52.580776	37.439226	57.082231	39.880374	53.890775	17.534326	49.688156	32.177703	34.548531
22.642131	55.104842	18.250289	54.656146	53.901403	23.768616	37.043513	26.264674	20.380759	35.781573	46.937102	0.000000	29.801341	30.637649	17.623893	15.977145	33.401487	53.894624	14.161427	41.182528	26.159678	26.363019	59.498570	37.639897	19.640940	50.771149	38.636458	17.037067	29.571435	13.023552	33.062643	15.145545	21.106996	48.371187	28.999056	43.906011	15.007609	45.811445	22.221231	28.619939	53.259529	30.662524	34.434859	23.242180	18.069409	24.454855	20.646916	55.468515	47.945439	16.248118	51.098689	56.437846	36.608876	20.563753	23.938157	15.574079	23.696502	59.111937	14.833854	58.593941	53.069974
39.552226	56.447992	34.301398	20.230461	57.841803	45.402969	47.177740	25.359496	20.138778	23.752210	56.443263	39.335933	0.000000	36.800209	31.499152	23.971458	56.841599	55.532742	50.633096	45.366561	20.376042	12.292564	13.910575	53.669176	31.902862	14.250272	32.888031	47.200449	47.786025	35.486863	54.284773	30.149760	56.105747	46.199017	40.319456	13.951203	26.305525	32.919009	35.919549	42.949144	32.956459	17.859397	23.652091	17.189612	34.405596	46.906451	20.315441	32.754186	32.026968	55.396186	56.139974	43.891681	27.192335	54.304927	51.327753	52.621453	14.071343	41.203106	25.648593	31.208310	17.963399
54.493626	38.322438	58.882576	19.944399	53.922734	16.713286	18.997848	42.165273	20.928194	41.970092	27.734098	39.149690	26.429318	0.000000	18.763834	22.298356	35.342075	37.929949	31.960628	41.193283	54.357868	29.231868	58.272012	21.560707	50.923225	36.342713	38.912678	21.014943	15.702377	53.242422	56.189248	49.792849	35.296879	25.974910	43.130163	37.579189	30.211732	24.231502	26.995345	33.035111	26.340811	17.894255	17.847021	50.238830	29.567561	53.510694	13.826777	35.946940	16.055858	54.432726	13.848022	48.911200	50.083710	46.145336	44.140619	35.652494	53.499180	38.304055	31.937143	47.061371	35.570815
39.957389	43.571949	32.100609	38.970987	19.346580	15.350878	38.644609	45.000596	17.209125	26.689775	36.148655	57.791826	49.325680	18.748698	0.000000	21.852519	45.347315	37.326710	22.996503	58.741403	20.053239	23.981475	33.995323	50.538596	19.620493	39.063906	52.334364	17.833850	47.881985	36.527041	16.519482	50.285922	39.071199	53.946758	33.360260	23.115523	40.803038	47.784257	56.071381	42.030257	50.020828	53.301574	33.032432	37.497514	51.369546	47.330517	24.865547	58.646573	56.147219	31.062533	41.319083	23.920702	34.286125	37.921799	35.854262	46.525719	35.014679	54.064356	47.790942	19.998521	18.592341
30.018429	50.178430	23.514705	55.123910	49.348468	36.753878	20.976121	44.501284	26.590327	45.666008	42.351976	35.124968	41.524989	22.457663	16.176353	0.000000	58.829404	47.089031	45.133989	20.360608	31.063643	57.789847	26.150546	44.847132	29.756770	46.059305	30.007614	14.794835	46.396439	29.831935	43.786248	57.568976	41.255467	53.622854	23.492253	24.467631	55.248550	49.245987	14.363113	22.325331	49.867332	40.486161	12.218892	16.829230	55.594235	52.729252	52.300888	38.111525	25.771581	24.522662	58.991416	18.100981	36.549643	45.713663	43.126864	28.183301	48.719258	21.270842	13.090113	32.302894	56.438561
42.106818	20.375065	26.616833	37.788262	46.038082	34.943364	31.315560	50.837310	43.102095	21.738052	44.610131	18.444590	41.766095	24.960994	47.561647	22.052635	0.000000	22.007802	49.749369	24.777580	36.304375	37.395243	56.664951	33.379607	42.168019	38.793206	15.026828	30.795593	34.268027	30.392688	36.526345	48.494632	38.613648	27.744496	26.365860	26.898500	38.764342	57.650591	40.497333	30.885059	28.669318	49.678872	20.160817	37.615022	29.133971	21.239558	43.423399	25.953356	19.303170	30.780813	21.514433	18.734314	12.820448	21.504064	49.766365	22.607823	39.446495	36.977982	46.618066	14.227432	15.866741
57.526409	28.494586	21.815282	31.158004	23.346702	20.993944	17.156260	51.119068	17.122902	25.734142	28.376313	43.840449	19.273186	21.304999	37.378655	56.437731	14.166214	0.000000	25.493923	23.205995	18.166930	47.718914	58.430415	59.030582	33.898099	45.149362	26.619011	29.460794	17.738969	22.665444	45.592082	42.702246	19.908746	38.476660	50.790549	44.574347	22.619662	21.271379	36.029154	12.803773	31.716818	14.198749	31.442695	28.512255	12.289023	47.352551	37.895877	20.969861	38.338068	32.274692	46.276598	49.316219	35.466154	55.811336	55.694545	21.126316	39.127594	48.863658	38.145696	31.982634	51.434035
45.520939	51.903637	21.092090	13.511710	56.264839	29.857821	56.462000	55.864070	42.435410	47.215348	21.553609	24.890903	41.057909	37.435017	48.486799	28.165235	15.470904	41.717360	0.000000	52.983271	45.175608	17.542074	48.077987	46.677291	50.884043	20.676966	37.715184	40.785591	26.192497	34.426209	53.249842	51.468316	58.705913	59.088451	48.930477	53.602078	17.693977	55.990652	52.262164	32.983285	37.197121	50.222123	37.824218	34.301563	16.849611	54.654708	37.260786	18.498430	23.211873	31.335719	19.636371	52.086140	37.381681	55.944941	19.441202	54.860357	55.592635	48.897106	14.390868	46.234656	19.618693
27.742305	32.091567	43.961878	59.216616	25.252333	19.886156	20.753875	28.008432	28.441254	46.448649	35.616124	44.662257	41.537547	53.651216	47.247141	12.534347	54.636301	26.164831	37.880399	0.000000	25.477471	30.780891	14.707998	56.315167	57.081373	34.711139	58.670526	52.833373	22.221394	23.296783	54.402932	52.601506	17.817314	37.327622	31.190907	22.346023	39.203376	18.053588	34.928714	29.377965	59.050245	15.953433	43.865874	29.516738	35.736054	55.779423	14.296308	55.574229	37.503223	26.508073	32.192571	22.645336	15.776170	50.467350	12.860061	58.552258	20.070044	41.072439	17.116196	26.002287	32.116224
30.086835	53.918789	58.270882	26.172278	18.517116	25.048977	32.900914	25.837656	24.532128	27.479281	56.988963	13.038628	52.448590	23.716467	16.159983	58.124905	39.608407	38.253663	54.892911	44.072996	0.000000	44.241260	51.601876	39.499944	46.492598	33.491087	11.953483	28.311885	44.071230	47.153379	26.013222	33.645974	27.383777	57.099372	23.061835	53.398796	24.338847	31.120805	23.233945	35.435561	22.221552	32.241703	38.072939	12.859808	33.190802	13.050797	19.399873	48.761413	22.235521	14.523918	57.841019	31.793112	31.738284	57.874064	50.596917	25.347892	58.254059	28.305652	38.182886	36.385518	27.665126
36.794257	21.651371	50.904571	58.014140	58.255883	40.415721	21.563863	17.007655	36.243601	36.419404	39.756760	48.726544	34.867166	59.052467	32.061157	22.998466	19.264196	42.306205	16.019888	25.259371	41.511425	0.000000	51.385748	26.311997	27.422494	53.847842	46.981339	27.278126	15.643876	26.944745	13.969424	59.101180	19.020779	49.712880	22.968082	13.022542	33.064082	38.811016	25.539992	13.675756	56.006381	31.191866	58.079695	18.716801	20.060477	53.753223	41.551776	50.280848	28.563442	37.759735	37.660808	38.281063	34.910423	16.952536	19.358038	54.528881	45.806761	36.894212	21.353335	31.376056	44.855684
44.487307	37.760818	56.306052	41.554304	48.339002	53.541469	52.508365	53.021759	57.325332	50.258638	54.038190	38.693018	16.277738	42.005784	50.711952	46.268115	38.660222	46.790114	16.729496	48.151977	54.487360	30.251226	0.000000	13.878419	54.586448	34.785071	15.351479	50.831241	15.679457	45.158173	36.680345	19.310289	28.737153	58.284745	12.723560	45.881435	26.154628	29.454907	44.424807	32.100442	35.087184	59.611408	17.231883	17.543551	23.783161	27.840997	28.473389	24.157289	39.588828	20.930108	25.238964	17.541782	57.017797	13.211831	13.393601	37.988586	57.896691	41.999246	58.965232	48.825503	30.710901
43.771490	16.663985	21.538468	16.901617	30.497941	48.585102	17.092311	32.655555	47.648257	17.156515	35.587486	17.442179	39.102388	20.023320	13.207684	39.897537	30.551209	50.441985	46.792259	18.073333	51.900325	16.147327	25.727938	0.000000	52.274832	36.118496	45.673918	21.303644	12.008943	49.293539	47.762313	42.469913	47.224745	44.693959	54.124557	19.562152	15.234617	45.656611	42.774741	50.311348	21.949842	42.141086	22.183796	36.842047	23.317502	42.865545	41.596484	14.110496	39.234742	13.920041	15.537638	37.267105	54.794814	17.743211	23.397790	14.157250	55.866386	59.140846	32.300755	48.616296	17.093016
57.019801	34.503494	45.758590	33.258604	57.467550	32.325975	57.748847	40.721886	22.282219	39.379776	21.271332	17.427680	48.433467	56.863443	52.373510	33.856398	27.854136	38.326517	25.172115	49.571066	55.151634	30.171827	56.764174	47.417963	0.000000	53.247894	35.363319	40.053656	15.923621	45.676544	43.849505	12.276187	26.489294	24.810589	24.089203	58.602931	47.795909	29.010167	25.117797	34.396389	47.927045	16.795974	40.414174	25.892432	39.379102	28.522207	36.912908	27.887869	56.229993	48.837155	25.223519	36.470279	51.175644	44.237814	40.161826	50.679427	23.634982	40.464561	20.144437	44.752860	20.901435
15.136035	23.402129	36.183666	23.742552	29.823417	52.741859	32.513701	44.640720	50.523984	42.638786	41.057570	21.842839	43.258231	35.322906	20.198962	18.814440	26.629914	49.405877	58.107220	57.000408	24.984221	42.737462	35.770408	30.264065	48.995010	0.000000	46.135575	55.754070	56.587215	29.506027	59.374669	52.477755	40.949841	57.264831	50.287090	18.135817	22.347628	47.422975	48.153418	20.861090	12.759294	39.715028	22.103745	21.762444	34.743940	31.069811	38.070926	35.844133	57.422366	44.701998	33.120004	24.064118	57.686288	25.227423	58.201494	20.804294	43.725000	31.967721	37.590740	33.735837	56.266800
50.023546	56.834011	55.794300	15.872730	47.514535	58.750455	22.721242	27.185710	19.564723	27.785089	14.699530	49.261088	53.018657	15.914515	36.630254	35.794371	18.457381	26.259018	47.825437	24.293094	49.171320	50.121114	55.632710	23.691278	44.437858	59.381598	0.000000	15.920343	58.062410	54.946521	56.870465	18.166494	23.326404	45.508015	47.915192	54.177111	19.533159	26.760992	49.772590	26.778679	40.746787	58.770414	31.483012	13.532957	30.473767	25.409328	34.605141	38.700498	14.175411	28.407516	29.903593	49.070973	45.811278	29.563459	13.698449	15.187049	34.264526	19.147450	53.285737	24.204539	42.650658
24.153430	49.836504	25.480426	31.717784	54.262236	50.786530	54.691226	23.673705	24.384601	35.909758	30.471423	53.209495	14.824952	22.771040	45.614533	14.976495	23.529079	25.541550	30.552785	58.068556	13.659813	43.831693	36.197861	37.577138	17.818732	39.990997	41.911656	0.000000	25.271218	24.780579	27.638242	45.537260	20.390755	28.341147	13.680545	26.402847	54.115805	51.464996	52.052686	43.610013	53.288554	25.271120	34.982588	38.016465	12.646788	38.123803	24.030913	12.068415	57.394361	57.097211	28.999704	49.350144	33.646831	41.050275	14.681394	32.653105	42.759751	18.776174	13.778223	30.581017	15.702597
37.522794	21.379426	53.093018	50.598722	48.537203	21.026946	24.442524	35.596294	47.908153	48.453023	47.560038	30.016748	27.094771	51.406739	57.650604	14.857129	40.440099	51.716246	52.263468	49.982431	46.641846	48.185736	14.947053	37.834018	42.226306	45.003839	39.644678	19.741684	0.000000	35.152185	51.663910	23.615723	15.575687	47.793864	41.258346	26.957172	29.814935	20.584958	25.835575	27.806837	50.423616	36.324023	13.764785	22.059899	57.202510	19.099953	44.078421	12.705771	49.541404	43.066444	37.582680	32.111292	30.648952	48.166388	36.038430	52.220643	27.316374	30.030041	31.554818	37.365548	37.787718
58.384837	29.457214	32.708161	15.606127	59.579317	50.275268	41.606986	44.528488	25.880769	22.324853	25.246234	31.876058	34.398819	18.953090	47.465959	54.725902	24.114962	16.497025	46.767383	24.098570	34.435810	55.324915	23.533745	16.980220	28.343577	21.277415	19.064121	43.341327	40.958551	0.000000	46.865614	54.857744	39.687223	17.241972	58.944985	19.589102	58.434248	21.683841	34.614972	41.681238	43.486574	33.667841	58.898379	33.546808	18.706638	28.031920	33.531249	40.178021	47.094515	14.932303	15.287101	49.685445	23.576624	43.833100	29.447624	22.002000	40.724752	51.184290	57.707635	22.276769	47.364922
15.104576	50.365151	13.416843	34.996142	13.077372	54.824927	42.777156	24.257087	41.543383	19.007362	43.027930	55.540083	34.094020	39.856104	57.289683	24.336200	49.365675	22.715857	56.380181	30.117909	54.540642	25.344206	32.245102	15.790022	54.622616	46.336520	13.029946	25.554262	26.100770	34.712971	0.000000	57.405763	30.509118	29.916309	24.778040	36.827772	36.947864	28.304937	55.131553	18.501452	45.118281	25.555528	54.381313	53.195920	26.293764	47.211008	54.180058	19.977988	53.131217	33.405799	48.320076	13.938289	32.240029	51.080276	27.892476	54.743853	13.670095	50.834804	20.280191	51.639759	15.967734
58.899800	49.755306	49.095322	48.799852	16.233327	34.227477	38.710593	26.562986	38.515805	58.139112	22.345968	44.162464	41.801116	29.707275	23.202371	43.183553	16.951392	15.049410	30.089795	39.925946	22.583921	20.533435	33.175944	22.542946	48.790889	26.503979	30.547069	53.597046	13.636262	20.316410	18.644649	0.000000	56.273984	45.112741	36.313832	52.470944	20.365264	26.702217	17.213122	39.402105	22.318714	25.340560	12.617668	21.119628	58.454467	15.508746	43.720950	17.045524	13.744347	20.456287	56.471415	29.119993	33.042719	32.559156	17.862547	29.900455	55.894624	53.213132	35.964573	23.686813	33.490644
51.968746	18.409087	54.352266	18.629822	56.239080	20.930464	53.807136	46.044844	46.040879	26.762870	20.966636	58.344180	20.469776	57.114481	38.339275	15.637700	14.710860	54.641703	29.611144	55.488851	26.841017	26.610523	24.277008	58.991489	43.673316	56.523310	17.642628	33.409074	55.835210	52.790779	51.866086	39.396406	0.000000	12.524994	56.531920	34.234540	40.758402	15.325519	51.106080	54.125535	15.837538	17.860938	29.967771	11.920703	19.586113	54.753059	29.292102	25.585896	18.546387	26.319270	18.667898	21.748514	30.712901	36.600585	59.381868	26.609425	58.265830	21.762185	46.669505	29.412794	34.038331
24.217851	25.149329	29.877840	13.622641	27.931621	23.828211	12.489086	28.995018	42.741769	30.870214	37.080056	25.369447	26.653447	34.275218	17.353845	26.427505	26.031291	17.258352	46.155176	19.405295	33.971050	23.127046	45.514152	44.224798	14.986127	32.522449	22.509623	44.385048	43.119386	48.139053	50.750062	32.025104	12.848050	0.000000	51.932936	24.941947	53.866574	38.975950	19.173802	27.795144	44.871168	20.621496	32.862197	43.094917	48.052863	28.423991	54.458657	49.868839	57.606946	54.060551	24.075530	13.719742	43.565266	16.680629	55.347278	37.336735	48.882350	23.714563	52.913501	50.573431	51.929934
51.400868	33.647500	56.119335	13.120800	21.388470	17.703156	36.867639	55.653109	28.603286	28.076043	54.017993	16.940465	53.525152	20.183443	21.369847	50.877762	59.430743	52.797807	51.071512	57.542165	25.378319	20.986455	56.991477	43.921930	58.276155	12.115758	42.031577	37.369552	28.536442	57.725592	55.071401	48.415772	37.583040	17.154300	0.000000	19.238102	44.607336	41.314133	46.848773	27.982711	27.349244	27.578117	57.217141	19.782763	24.461890	19.543244	46.712817	45.939719	17.697738	56.779602	37.925900	29.596646	14.309518	44.411006	20.307958	57.403416	22.542105	14.094350	22.464805	14.052825	43.835421
32.901133	57.633563	21.447775	19.478648	44.320339	38.677660	30.353467	13.731859	38.705013	26.432578	46.473514	16.666043	27.517523	18.322060	33.883459	22.858125	16.108724	49.398260	20.560758	29.116918	58.422267	15.415043	51.246401	51.887025	46.098214	32.469605	24.075502	15.794181	25.071788	39.792625	58.924085	55.997008	20.512709	29.210433	35.698269	0.000000	20.584090	31.085353	46.255957	50.380813	32.049492	47.625116	17.723660	15.360748	40.190981	21.959265	31.166994	20.808160	37.222374	54.880130	48.848068	18.597968	39.368723	22.416496	38.978886	28.407991	33.394806	51.546964	46.392565	58.982291	40.723067
27.317495	45.266181	22.182314	59.298018	57.520721	50.715309	25.913097	48.623879	51.632771	15.768123	30.323402	38.013976	21.728025	12.613118	47.316229	47.853372	36.301253	27.946819	47.335040	47.258500	39.259864	57.077281	48.408027	39.608542	27.620855	43.532488	36.128539	38.936927	58.967998	35.767891	35.025028	24.023856	22.506801	23.838881	47.433512	28.251949	0.000000	59.230050	36.156525	24.449346	41.461986	46.803206	51.692196	20.342563	54.584081	47.901989	34.374590	53.850858	32.443136	18.098298	48.085471	52.452741	57.932357	18.917515	19.402126	56.046981	26.171110	43.081592	58.974597	49.292043	32.824892
38.196729	38.111341	57.248993	19.981716	43.418598	35.467902	21.795621	58.446145	14.320287	33.403395	51.838379	32.618889	20.217492	50.807121	24.115416	20.578408	40.882569	31.527735	37.587686	55.569562	39.106687	54.967456	56.176734	21.699169	52.239487	20.797993	43.169091	15.840657	41.026710	27.123040	25.719693	46.564156	56.331070	43.824340	32.452472	16.729638	57.655539	0.000000	41.456933	12.371081	21.951473	46.279327	38.728664	38.621197	42.309912	37.377888	14.833842	49.983843	46.055468	34.026032	39.583829	56.954620	41.112991	46.337121	31.876846	18.195142	34.499668	55.602156	37.527122	28.974534	16.499575
25.584371	37.652721	12.729372	29.267270	15.068751	38.570418	24.896188	39.969403	26.924932	13.483839	27.741384	19.518898	26.300818	50.670450	40.812014	39.136009	52.061235	46.916230	17.953972	31.833865	21.767650	49.468042	28.050027	30.958284	27.356439	55.775476	58.607189	19.266668	36.119564	45.241132	45.841425	30.702553	34.627533	16.071047	53.878151	34.381167	36.606184	26.869339	0.000000	53.315608	16.024021	32.196779	19.127454	30.363108	36.655460	53.263649	27.900018	13.074746	40.263797	12.016762	28.458423	45.639987	36.497361	21.776370	32.684896	13.735655	17.002583	48.878164	30.061420	53.501477	19.329040
21.435611	19.973440	42.096134	43.536858	14.932056	58.136419	36.216242	56.083230	39.948886	32.412984	23.292012	17.317050	51.126740	18.873396	37.699309	26.871184	13.157814	13.453793	50.904223	33.228627	15.817670	58.565323	26.762019	18.323115	52.229160	37.416978	19.140781	16.944993	25.362405	45.584570	38.777979	56.601964	53.756037	12.614982	41.227286	52.534464	16.508967	15.927688	15.828492	0.000000	41.152506	18.838497	22.898954	21.595201	31.105081	28.821423	29.096508	31.069870	32.796003	52.027852	42.631584	29.165884	27.480642	16.847454	14.312689	28.739735	43.172342	27.518560	37.731020	36.474498	58.070104
48.871081	27.340949	57.355711	25.107768	38.148018	54.738143	43.765759	43.070648	44.444895	45.319541	44.440484	33.059499	31.345350	28.264212	48.825398	21.593199	54.483647	52.677550	16.211171	58.463010	42.415317	14.230292	15.580655	30.666162	29.018657	16.970834	30.398842	38.873540	19.697774	34.320707	21.067649	21.863159	15.367220	27.370656	40.728801	35.656052	38.016609	45.446361	54.210736	12.599668	0.000000	34.118942	48.766435	46.167710	34.630330	28.443710	49.298513	38.806385	25.788899	33.645675	33.544498	33.363811	53.111065	24.332172	52.248092	14.552148	20.308105	39.851793	34.038352	21.373939	14.652494
13.334769	35.364202	25.073110	12.727176	54.366036	51.928780	22.639279	47.849058	41.425373	30.450510	25.508772	24.524651	56.198445	20.119097	51.612307	32.799447	58.155832	51.505347	27.054445	41.616995	16.531333	41.394956	33.154173	58.230517	12.467352	33.186597	24.086570	46.985718	33.606014	48.338746	23.868370	46.057977	24.319789	16.127301	55.692623	52.726240	33.779897	52.919230	57.339648	14.862060	22.653983	0.000000	40.582401	33.997604	56.497228	38.284462	41.747990	21.385500	14.043604	13.973265	13.978184	30.120953	24.299927	54.498951	26.437894	54.430401	13.853627	15.045436	42.528482	43.437748	13.130894
46.711796	45.431999	33.256125	38.394966	56.645863	39.478814	48.678506	13.346020	56.630400	34.251755	16.038147	12.740311	21.424232	48.678098	12.797321	19.537326	24.405374	44.505753	39.993119	47.636782	35.615044	53.273102	40.465868	22.103114	47.742609	17.937213	31.934913	32.987236	42.661618	12.203255	45.355263	30.860749	57.468060	29.402250	30.185660	21.127359	26.783173	27.278057	34.125269	17.704790	17.789724	46.596765	0.000000	58.275434	17.586990	53.638834	37.769057	23.787176	49.684599	40.172077	53.433006	35.716443	40.109288	26.170795	48.025319	32.152315	43.882459	15.363767	18.457615	42.366544	31.425921
59.158126	25.036179	38.141157	34.655944	32.777517	18.082255	55.627143	33.035052	46.796511	14.041657	42.740726	37.902767	39.789813	16.411113	16.020201	43.504634	29.731270	42.769624	44.761178	34.858379	33.335084	31.602732	18.455898	55.118342	45.386216	56.846741	18.846658	25.093284	20.140995	46.887883	39.800793	13.786020	59.449702	24.196333	36.179672	59.184571	18.962963	40.690432	12.063234	21.862618	33.457214	19.567359	31.633584	0.000000	46.373346	30.452315	50.450971	16.725554	55.173313	27.193913	21.531415	55.190056	22.318152	47.242612	37.908239	37.137453	41.669673	47.340798	59.192773	59.046730	26.460085
50.840344	13.635386	46.628467	24.692450	32.183235	26.661409	33.915237	15.533453	28.160945	48.449474	42.365659	13.170039	34.274573	27.044595	46.957142	39.839888	17.430606	53.239429	13.874607	17.382612	36.288627	42.334846	35.599950	44.524802	22.629878	23.270273	37.013488	25.451349	34.396851	17.718186	32.992431	56.250914	23.158775	14.061507	52.931151	52.379645	49.053890	49.966993	14.554755	24.386057	56.191488	15.575222	21.178318	18.908567	0.000000	16.218386	22.505778	35.554089	20.341358	47.696156	54.309662	31.244553	29.528341	18.694787	24.056117	23.928650	43.178800	56.981932	20.022092	58.568749	27.975369
39.450670	54.234981	20.618509	55.892680	38.236854	40.330258	58.850083	13.576691	57.593655	23.265621	18.410790	38.040903	18.622529	46.429178	14.258063	24.898029	55.314100	20.475782	57.843389	54.831372	27.802534	43.309966	25.921469	27.606957	30.513619	54.641551	47.215371	19.616082	54.216969	25.390674	56.497962	37.636347	34.910698	54.024827	55.718147	45.694132	15.408516	51.930354	58.351433	38.525807	40.403599	58.264285	21.248040	38.790436	15.870600	0.000000	36.499894	15.884103	23.495774	47.888209	54.560750	13.597583	27.695165	41.104715	44.204104	37.887983	48.191153	23.741030	49.054994	16.344524	13.515525
35.666186	27.009803	35.613518	24.352894	49.543667	14.366557	29.641099	26.490362	22.802193	22.455276	56.123778	29.941615	16.519589	20.047390	50.642914	28.268376	32.709722	34.556824	33.372167	38.068662	58.988003	57.442899	35.305383	33.889361	25.154708	33.348326	24.231428	52.834683	36.783925	51.878850	20.969523	20.795099	54.408486	26.274751	24.833139	53.806545	31.454315	57.310203	39.124805	26.436906	27.281606	14.832858	26.297747	20.591796	41.227531	32.302186	0.000000	32.847480	17.086326	57.785342	19.207825	19.978442	53.801468	56.634319	52.695239	36.006230	20.877720	35.176188	14.328077	33.190785	48.487359
52.770200	30.101915	21.010714	31.951994	19.770246	16.463501	29.011879	14.408984	47.348656	21.538905	48.243597	45.742273	47.613903	43.033652	54.955460	17.523256	17.152297	57.782744	21.604097	22.604377	53.688036	59.282072	36.582734	52.760009	18.741447	24.721024	16.545412	43.555528	33.470831	39.076304	26.542090	47.083137	42.964401	57.260824	33.931705	55.709420	51.108888	56.034071	38.274153	58.495062	29.485945	17.016759	47.658906	22.588600	39.538154	37.501220	48.938830	0.000000	26.476307	28.594289	35.315725	56.092236	25.307181	26.931040	18.074930	51.351925	43.152073	25.515923	54.589720	58.507805	22.879859
43.819057	45.161962	55.058505	29.280795	53.996205	31.096490	39.452984	51.071182	56.072269	33.645286	44.706302	43.018867	36.004671	34.674766	30.775810	29.448005	41.261620	34.131603	55.651443	48.738228	24.020506	55.983544	21.406152	41.844583	34.348314	29.043550	17.018531	32.890976	47.776441	14.630182	18.408855	17.366698	25.238829	45.714127	14.729735	33.881304	30.484621	55.800904	34.104861	31.027703	43.484545	51.220346	47.980510	30.169839	18.116061	21.839768	20.071846	37.372203	0.000000	17.865661	58.605555	55.525482	17.228750	39.780976	48.266844	25.568545	21.229021	19.308845	47.246121	28.893244	48.800902
29.744087	31.717289	12.358145	26.445671	47.453866	45.506981	22.650459	48.038696	56.079972	13.164143	15.017615	56.125357	23.525961	47.134927	23.808464	59.121405	54.535008	47.677822	19.495755	43.826373	54.726906	27.330319	37.470755	35.743927	56.416962	31.525775	26.772456	38.463843	22.985488	25.106452	19.933445	39.646079	14.800410	17.008251	49.090499	24.220280	36.034681	16.370529	43.230011	17.169988	48.264503	26.199312	26.173152	54.578088	30.569234	45.701437	30.162908	48.345556	43.209376	0.000000	14.123844	47.101831	34.580568	46.474345	19.283160	41.631596	12.307585	26.440533	28.022446	43.743299	55.461828
32.404502	13.010197	34.455559	14.603812	14.057323	59.551080	12.872986	46.055133	33.536581	39.543790	19.680619	54.297219	45.749558	15.336248	53.926034	50.424327	59.363250	53.731357	23.668295	51.357051	27.612246	45.832963	42.415069	55.502573	41.547138	44.613301	25.348987	30.833463	12.796296	39.708460	35.638058	20.694924	28.634532	55.961756	50.075970	47.850825	59.038641	13.775204	57.745542	19.750235	24.537057	20.206557	46.200287	22.731262	18.812161	19.075659	51.125713	48.613820	58.747696	33.391080	0.000000	35.222301	17.598967	12.833880	44.680653	30.382469	55.355961	47.947468	26.528836	26.999293	54.305844
31.253945	31.240776	26.152799	26.165741	52.917305	20.867007	49.744267	20.650842	47.953986	18.309480	46.236330	50.322843	43.310712	50.261273	46.950515	14.116850	12.035259	57.337436	24.598499	46.889204	29.535564	34.483414	55.602907	18.675411	15.022015	20.357325	24.704052	29.915983	20.353624	35.990979	26.733579	47.255925	46.526827	26.293659	47.704381	13.425841	28.512006	49.550843	46.343018	12.225398	33.206541	46.127354	29.269987	43.300729	45.109580	53.467461	57.296541	45.703587	27.472445	52.295892	45.686243	0.000000	21.402105	36.190413	17.662635	44.509609	18.523896	27.136490	21.827105	28.517055	44.151623
38.207467	45.673898	19.048239	42.702998	46.156390	11.970116	47.749791	53.445033	59.349149	22.828454	22.186611	20.182613	16.069116	23.085326	58.183316	33.312115	23.639455	44.490033	15.755691	30.110652	29.905907	24.191049	48.127141	53.979933	40.128527	37.836399	34.016119	22.053977	19.858142	30.585989	58.716944	48.086788	20.837073	45.205946	46.137209	19.286137	34.900136	16.561502	41.789709	50.221302	40.065880	27.486268	27.804659	12.806034	52.613754	43.897960	37.362912	47.207853	30.754010	57.810037	49.466217	20.476252	0.000000	17.071195	31.732351	28.252022	49.324114	59.107537	28.162775	37.403974	49.678501
20.502495	21.745877	57.416229	24.302075	27.470505	21.083644	39.161327	45.837961	22.963616	49.194212	17.035321	46.087278	43.150628	25.447344	29.160097	16.667910	33.868762	46.103986	27.485124	51.870512	59.056059	40.579273	46.990875	43.249564	34.941674	20.444795	47.843244	12.882121	49.248207	16.270040	14.574624	50.387838	53.982165	12.423830	33.763116	15.847860	22.635165	38.092611	28.054221	17.807872	29.418083	43.548901	24.090140	25.931334	13.551780	20.878139	43.155697	20.605332	27.080137	26.361942	37.666044	53.227363	25.618354	0.000000	21.866628	54.006290	36.053730	54.489172	44.183586	32.795390	17.455474
19.975691	49.831396	20.505626	40.641558	36.795701	55.093528	24.162368	17.980348	23.552114	25.539872	26.777398	57.991474	54.849381	14.292002	53.882356	37.593522	54.466968	35.071485	40.631136	27.515468	49.353961	22.257339	40.491787	53.986725	31.960387	56.727371	29.620898	21.586318	19.672886	55.450102	18.028477	56.873041	45.719957	34.833455	21.633635	17.511494	44.970148	54.839657	32.329878	39.563143	29.911731	58.685934	50.215122	12.150349	21.692318	52.797713	53.256246	30.474372	38.815916	40.418269	15.648165	39.399494	17.626816	24.499475	0.000000	22.464270	51.403353	22.817434	15.144275	52.122330	50.874835
47.756247	36.367240	12.436868	19.820904	19.060702	26.304439	31.356040	39.176758	30.102672	24.762852	55.562602	52.676909	56.098254	52.999766	23.964761	43.694827	29.232528	42.323992	32.037288	18.410313	12.931443	29.738094	28.955418	23.747304	47.121558	45.451009	38.813310	57.603161	12.364791	41.841658	24.119376	32.268847	53.523076	34.537137	25.240263	14.747788	21.772770	58.440920	17.154771	19.634798	54.022806	35.576327	17.111026	24.896477	23.185108	42.591550	58.155908	32.962202	17.366593	20.192433	25.831714	17.690621	13.936372	50.758488	29.088644	0.000000	15.436394	19.113073	49.203321	30.246068	38.540259
35.023376	27.844008	46.395043	36.729965	37.139668	40.184971	19.572403	46.858033	52.680681	18.249352	35.959155	29.146020	45.097932	18.712654	47.121386	14.738826	41.508195	55.875784	31.317896	49.789477	51.696108	24.776919	34.900275	19.391850	53.619683	21.610430	42.354122	16.360838	36.951329	47.758970	17.206711	14.034818	56.711339	52.029116	36.023989	49.940081	28.922182	44.534159	58.940270	52.810423	43.237740	18.109354	13.545338	15.848560	49.242086	53.560989	42.678773	38.405003	52.235094	20.863954	52.593124	48.665987	18.576450	58.949937	33.336528	59.462481	0.000000	15.554571	13.100101	41.315990	16.054800
58.808812	19.361414	31.967721	42.096865	56.341666	14.134532	51.005765	58.691400	50.812568	46.366454	24.223184	17.992541	23.700239	41.140503	35.217615	33.683186	29.471214	38.243282	20.275614	13.272888	49.202522	40.217962	18.670227	20.713686	23.480375	42.566010	12.473840	15.099900	36.299405	25.752407	22.040561	24.190959	40.739820	23.444454	18.932782	19.621320	16.311518	41.310564	20.713425	28.385079	50.284827	24.597792	59.409729	12.076839	15.964578	50.531739	43.947140	29.130652	12.972904	17.147164	34.306322	22.919771	46.215261	24.034849	19.815600	55.724227	54.532472	0.000000	46.489887	50.827792	23.505296
57.518977	48.909829	12.313609	20.570633	22.348486	17.285350	59.375631	16.548264	31.809488	39.207398	26.233585	14.819078	48.163510	48.857275	25.316879	33.032541	35.565736	27.367337	12.919820	46.554233	42.337031	34.055807	26.895316	43.520290	31.403144	34.691356	36.605950	43.542241	26.479976	21.431466	55.701594	27.607638	17.901080	19.646005	13.226186	41.433548	39.628309	18.677507	30.855633	45.575884	53.571619	33.452715	40.266641	32.451623	50.155100	24.217531	54.779361	39.402659	29.061820	24.975619	51.077457	53.407040	35.156753	21.372701	44.054231	42.693129	40.676683	14.497291	0.000000	22.060118	17.873828
42.835332	48.431513	20.689607	49.917026	33.165624	43.240654	13.013480	41.921514	53.423176	17.480460	13.710078	48.858227	20.344781	21.278092	18.335688	34.116028	55.819629	43.418391	45.632437	40.041901	23.912016	38.588859	46.860691	15.520557	45.909268	22.430321	58.428708	30.681558	47.954015	53.094233	29.473855	40.814146	35.213109	28.354772	35.289335	21.832735	45.807181	41.407102	25.613190	37.101931	52.955742	22.459328	24.822724	12.085895	39.404479	35.825428	54.321237	41.497314	39.520020	21.744543	19.238644	25.567954	53.856649	32.556785	18.281333	31.422812	13.121286	27.739067	12.250161	0.000000	52.157983
48.124335	33.328962	21.055055	51.588729	50.815043	56.841494	52.525236	58.368852	29.584408	14.672859	12.387453	43.400769	51.825944	47.887978	46.770986	18.139530	37.602056	34.142406	58.184334	45.005981	52.867977	15.141583	16.044078	50.854039	59.405502	26.161136	28.997978	50.891088	19.268497	30.001726	44.016311	14.752757	50.744030	48.168807	48.324189	54.938728	15.688502	36.143607	18.343569	27.467115	19.369266	15.317381	18.919627	24.051946	47.463456	29.399282	31.718263	18.165715	56.183269	31.863948	58.038882	59.547245	25.206737	30.562514	12.709160	54.633783	32.173349	39.651362	14.951176	38.131785	0.000000
