18.724419	31.411981	30.160201	39.372997	38.690830	25.638701	24.251179	23.673932	12.809454	50.222583	38.706640	40.041138	34.808848	13.263029	16.523006	15.595271	18.001067	38.301060	39.352194	48.377693	40.138995	44.898862	37.425998	36.329991	33.007440	18.176092	42.548748	45.263435	13.971303	48.427463	30.222224	19.241395	13.306669	36.597661	27.304758	18.887338	37.047657	21.576227	49.599639	13.163147	13.686828	32.510678	17.270079	38.727196	24.285704	45.803960	40.745898	38.849947	40.173222	40.154216	23.181104	46.342187	46.461930	50.223475	18.705074	44.313440	39.008079	22.080616	46.135300	19.157683	45.153773
21.761801	32.456646	44.685458	42.138927	49.963210	24.384589	39.078039	12.150394	40.813929	31.525005	50.483624	44.360234	29.968214	46.631165	13.098087	32.429766	17.834880	30.743852	35.789276	35.716261	21.606153	16.573501	20.268833	10.310648	29.254245	38.214319	34.048296	26.352284	28.344619	34.822803	19.641277	21.146422	48.757816	16.252870	33.592106	12.007888	10.455393	39.305970	22.394850	50.206946	40.524355	29.424642	17.372225	12.009478	38.070220	37.888253	42.345932	31.170352	48.410729	20.636855	24.484218	39.668991	40.509177	30.858250	22.221834	37.773857	47.103852	48.093825	31.085165	15.004864	17.401280
15.477838	35.317118	38.021436	50.678283	36.229130	37.027900	33.193373	28.862198	38.685518	28.036450	15.945365	18.901032	31.502811	44.153044	46.927699	40.890977	35.925449	48.824531	16.265412	51.216775	22.728924	11.898149	33.853349	32.924728	24.520574	12.367565	27.521244	49.153917	11.990819	18.203828	32.642934	29.377115	26.414520	44.002171	18.356592	27.716693	18.629756	24.461037	11.193953	17.268290	35.750948	22.281291	41.339817	16.547765	10.817834	22.294676	50.502236	39.709908	47.835457	30.041239	25.228988	21.949657	18.898755	31.986294	40.921990	27.715405	46.189877	40.620530	48.298873	22.823129	38.411642
24.318104	13.642417	16.236706	49.714116	11.443169	24.839702	12.789686	38.872264	45.363735	25.063777	28.684018	26.374637	35.917751	38.963616	47.067258	10.884925	48.588820	27.914263	40.890702	42.538846	13.162593	26.383094	17.424854	17.381415	43.337213	28.178742	30.426403	25.890341	19.057818	44.785978	23.562166	34.727408	31.265538	24.322286	44.587824	20.000360	10.900793	44.974681	30.315602	45.970355	32.835708	13.552879	14.627096	48.348252	24.348164	47.320708	12.577479	11.019053	47.280892	31.992868	17.495283	13.016692	15.137643	41.136073	41.630586	42.930968	33.067832	30.492303	29.695724	21.571067	47.847264
41.046027	41.615621	28.166223	39.440968	30.337080	49.730742	50.542490	50.581598	43.617604	28.573983	38.831931	29.269459	50.496335	33.411613	36.311616	46.249350	45.016369	16.162534	13.494074	34.946502	43.299738	15.837749	10.334369	13.795415	20.350985	38.514346	30.990008	24.182473	40.665945	35.636481	31.025874	20.602414	21.287909	50.268334	46.905340	24.531264	30.195951	40.269713	44.104708	22.210135	39.677651	31.927641	23.615796	29.066575	38.404010	14.353925	24.898031	15.418552	27.704023	15.108973	45.279577	41.096427	14.401977	15.441023	41.569822	45.463767	16.935924	28.307725	31.508598	41.189914	48.407051
27.058720	50.801991	36.971309	16.690464	43.491050	13.471181	24.500249	33.387738	40.896698	28.838180	28.520839	47.801281	21.763834	39.772121	29.312049	23.797593	22.272765	33.354597	12.984878	22.968095	17.938513	37.177575	48.610569	44.191472	17.390682	31.220779	23.367311	34.043536	46.825129	37.147266	25.305631	33.664234	13.492306	39.100640	19.357926	33.998043	17.111373	50.496814	22.414322	18.634122	27.295601	31.509169	47.769182	22.770521	20.557576	35.005256	16.903891	32.385814	12.116406	49.345259	16.041521	33.124810	35.856194	14.732163	36.291806	11.849904	40.398181	45.693009	36.246286	17.050310	31.486901
44.009336	37.305963	39.280924	43.763103	24.069680	11.034620	39.031491	22.528442	40.154659	22.734108	50.089141	42.571595	39.799797	25.447677	13.038319	30.955182	50.140929	22.180568	46.571334	24.745175	32.015985	41.397838	38.489378	37.102576	43.013453	49.763089	39.645989	46.097382	32.864235	45.495998	31.384411	48.078983	14.138045	41.795605	33.152012	11.213131	25.965180	28.397584	49.877846	10.681845	26.155725	30.086701	24.327167	44.352327	22.882398	35.937218	18.429992	40.725784	17.905303	50.939781	30.005409	28.508392	34.109686	46.470504	46.618587	17.219843	51.076111	20.440106	48.253981	37.535214	19.849095
51.118740	43.208888	36.083690	19.435898	34.332660	23.735414	17.887298	22.051651	45.021603	49.298982	44.296434	38.338335	37.195007	23.042230	37.600481	27.087543	17.123887	50.350932	37.286881	41.015750	21.035341	44.722598	43.692801	25.813031	38.496643	40.826193	32.206224	21.072418	40.501874	36.927930	40.381836	49.695270	18.832530	26.293141	35.911456	18.174578	30.005156	21.844370	47.593190	48.257568	38.783321	21.157958	49.428097	47.465050	50.239838	15.310902	34.127166	11.725649	21.839541	23.334658	37.224893	25.897621	25.945666	27.310296	40.610584	24.365927	20.713873	23.953003	36.829106	30.362750	24.444835
51.117307	45.067686	34.445897	49.294844	47.036945	13.764875	34.662856	37.278946	37.324835	50.241299	10.611919	16.270714	49.936916	38.333497	26.752696	41.574927	15.379928	16.195991	21.294435	37.210235	43.325500	34.513049	25.756527	39.344868	19.797166	39.420806	21.030063	32.209698	40.678720	39.853194	47.006226	21.875131	14.394675	41.737339	15.723249	40.666741	32.780557	34.887667	24.592178	36.129039	47.846376	48.498945	37.176201	12.409535	15.387103	50.872936	39.921691	17.750969	31.796722	40.947749	34.769053	45.281598	44.640704	47.880805	35.554504	31.287309	31.971720	50.129262	35.889576	15.359528	34.114676
49.451416	36.213830	30.713706	38.491569	13.523523	40.486748	24.099901	14.821853	39.097589	12.989165	11.228320	33.119280	23.477869	33.295658	47.988112	50.915132	38.553514	46.093476	26.642492	26.617041	47.964735	19.573075	51.093781	30.662998	30.128699	26.793189	35.645759	24.510691	25.130045	29.582417	38.999669	32.858368	18.351811	21.274000	16.436411	44.358720	20.594939	50.297872	20.640061	22.368003	50.734160	27.611982	45.744137	30.422956	28.376610	15.038260	31.672569	28.958086	19.453104	49.688784	28.259627	42.168553	11.606515	48.269040	40.713571	37.187485	11.289100	32.361021	46.417489	31.313127	48.481643
40.134718	36.368736	46.012248	50.616547	19.881041	33.174990	46.100554	16.529497	33.001254	36.884004	11.331791	30.964299	21.810334	36.000652	26.584851	20.682232	13.099823	11.870356	47.521720	47.528309	38.510251	41.979574	37.281871	30.347851	35.378764	17.974892	41.957750	49.725622	26.260169	49.832759	35.828024	50.661272	50.582739	43.352309	39.604297	18.076742	17.414058	29.081847	43.706856	37.903816	18.257329	24.221962	36.652241	26.029455	26.497725	15.904715	47.948220	22.992438	15.359151	41.889936	25.638597	36.537648	45.323281	32.273614	49.202837	34.377505	46.452297	15.118678	42.830291	27.738997	29.782283
19.520814	47.498635	15.735727	47.111928	46.461457	20.491669	31.932571	22.642883	17.571862	30.844974	40.459309	16.062979	25.690942	26.411710	15.195871	13.776629	28.793709	46.455614	12.211762	35.499760	22.552393	22.727642	51.285346	32.446561	16.934253	43.763663	33.305442	14.690118	25.492798	11.231091	28.501678	13.059919	18.197765	41.695269	24.999497	37.846979	12.941040	39.489168	19.158063	24.672757	45.908261	26.433148	29.684316	20.037963	15.579837	21.083100	17.801248	47.812064	41.328340	14.010166	44.045952	48.647477	31.557981	17.729574	20.637787	13.429249	20.429517	50.952128	12.791290	50.505696	45.744894
34.094692	48.656221	29.569293	17.442328	49.857470	39.137125	40.666703	21.862761	17.363311	20.477530	48.652145	33.908281	28.170093	31.722880	27.154192	20.666487	48.995450	47.867417	43.644683	39.105747	17.567796	10.601093	11.995567	46.261313	27.502127	12.288333	28.351190	40.686273	41.190949	30.590980	46.791862	25.991225	48.361259	39.823195	34.755925	12.030582	22.678091	28.377888	30.963888	37.022308	28.410164	15.398838	20.391243	14.821588	29.659095	40.432893	17.515568	28.235836	27.609087	47.749728	48.390758	37.834629	23.442383	46.809232	44.243369	45.358339	12.134124	35.517495	22.111917	26.903531	15.488473
46.971861	33.034806	50.754455	17.195787	46.479841	14.411069	16.380007	36.346733	18.043666	36.178518	23.909300	33.747768	22.784781	44.984547	16.178323	19.224533	30.466195	32.696541	27.551912	35.509029	46.854858	25.200145	50.228244	18.588794	43.894729	31.328590	33.543501	18.118430	13.539822	45.893517	48.433224	42.920520	30.427243	22.393152	37.178319	32.394240	26.044635	20.890605	23.272609	28.477950	22.708502	15.428881	15.388172	43.304887	25.489459	46.124726	11.923346	30.987495	13.844468	46.919374	11.941656	42.160675	43.171197	39.776930	38.049175	30.733728	46.114802	33.018962	27.531672	40.566410	30.663334
34.443880	37.559070	27.672555	33.593754	16.680560	13.236885	33.312467	38.790341	14.838405	23.009255	31.161342	49.814398	42.517893	16.165279	21.923226	18.840291	39.089160	32.176642	19.826227	50.632786	17.289590	20.675120	29.305504	43.563239	16.916631	33.673836	45.110912	15.376821	41.273652	31.487452	14.244040	43.345473	33.680121	46.500546	28.758178	19.928804	35.172698	41.189425	48.331641	36.230370	43.117003	45.944497	28.475641	32.323849	44.279389	40.798372	21.437053	50.551057	48.397002	26.777894	35.617448	20.622743	29.556130	32.689517	30.907621	40.104761	30.184031	46.601897	41.195187	17.242432	16.030523
25.878038	43.252831	20.272837	47.515068	42.537533	31.682950	18.084971	38.360013	22.923546	39.363823	36.507642	30.279082	35.794908	19.361831	13.948316	16.213907	50.708629	40.590249	38.905306	17.554495	26.778850	49.812692	22.544523	38.658080	25.652529	39.702784	25.868717	12.757661	39.993342	25.717310	37.743762	49.622335	35.562622	46.221391	20.253487	21.094112	47.622489	42.449210	12.385585	19.247781	42.984714	34.899599	10.537598	14.510994	47.920415	45.451244	45.082061	32.853031	22.217914	21.141540	50.848258	15.607047	31.506931	39.404895	37.175475	24.296442	41.995251	18.338975	11.288456	27.846892	48.648093
36.296354	17.566954	22.946390	32.574429	39.684494	30.122568	26.995964	43.820684	37.154129	18.741637	38.453821	15.903185	36.002704	21.519313	40.997571	19.012759	28.754931	18.974120	42.883047	21.361240	31.295548	32.235707	48.843206	28.774852	36.349100	33.440534	12.957603	26.547833	29.540532	26.200591	31.486852	41.801659	33.285784	23.918261	22.730090	23.189143	33.415658	49.692675	34.909227	26.624938	24.715314	42.822290	17.382306	32.425123	25.115772	18.312013	37.431043	22.374576	16.643147	26.535095	18.548913	16.152881	11.056047	18.539976	42.897695	19.491245	34.003569	31.876093	40.184350	12.268649	13.681478
49.585650	24.564722	18.808198	26.860175	20.128045	18.100332	14.792843	44.063515	14.764094	22.185648	24.462789	37.790475	16.617306	18.368413	32.221411	48.647378	12.215888	48.959638	21.978615	20.006777	15.663884	41.133110	50.364762	50.882013	29.221711	38.918555	22.948268	25.397443	15.295049	19.540906	39.300111	36.809521	17.165060	33.167721	43.780383	38.422981	19.501449	18.339438	31.058351	11.041675	27.341786	12.243928	27.105535	24.579950	10.598041	40.817362	32.667176	18.079576	33.048276	27.822587	39.890058	42.509739	30.573132	48.107522	48.006867	18.214416	33.728725	42.119702	32.882481	27.570878	44.334968
39.238797	44.739693	18.184919	11.651807	48.498371	25.739619	48.668294	48.152971	36.579550	40.699114	18.582677	21.458906	35.392357	32.269986	41.794908	24.280873	13.340328	35.960701	45.538377	45.670170	38.941175	15.125355	41.442575	40.235393	43.860961	17.827146	32.511447	35.157662	22.580678	29.676861	45.899912	44.364513	50.602199	50.931887	42.177289	46.203485	15.256273	48.262065	45.048687	28.433284	32.064957	43.290488	32.605417	29.569435	14.528560	47.110689	32.119826	15.949586	20.011843	27.013337	16.930315	44.896982	32.224019	48.222669	16.762109	47.287926	47.919036	42.148529	12.409505	39.853910	16.915079
23.916372	27.664762	37.895128	51.042345	21.770403	17.145590	17.893430	24.145732	24.518758	40.038339	30.702383	38.498746	35.805731	46.245834	40.726515	10.809472	47.094825	22.556834	32.653837	14.239502	21.964437	26.535162	12.682822	48.541747	49.202098	29.922426	50.571701	45.540981	19.158203	20.085022	46.893697	45.341147	15.362570	32.177428	26.888532	19.265615	33.794038	15.566201	30.109942	25.326057	50.898960	13.756194	37.812387	25.445658	30.805744	48.080018	12.328009	47.903173	32.328769	22.852656	27.751811	19.523575	13.603420	43.501836	11.090187	50.469772	17.304073	35.404880	14.758314	22.416747	27.686012
25.936993	46.476441	50.227269	22.563253	15.965691	21.595142	28.362293	22.274860	21.149698	23.689687	49.122455	11.244084	45.209357	20.446725	13.934208	50.101460	34.143111	32.975532	47.315983	37.990894	10.857483	38.135912	44.479621	34.049633	40.076216	28.870930	10.308857	24.407262	37.989373	40.645706	22.426171	29.004419	23.607377	49.217610	19.882533	46.028287	20.983120	26.828115	20.030865	30.546766	19.158339	27.794155	32.819776	11.089968	28.612131	11.254572	16.726490	42.031582	19.170379	12.524174	49.856794	27.407540	27.360286	49.885274	43.613502	21.852760	50.212770	24.401890	32.914533	31.365481	23.849856
31.717751	18.666932	43.878652	50.005997	50.214342	34.838891	18.591514	14.664769	31.243171	31.394686	34.270968	42.001531	30.056897	50.900874	27.638552	19.827919	16.609558	36.468195	13.813467	21.776468	35.783217	25.528748	44.293352	22.683669	23.640745	46.415295	40.497435	23.516322	13.489403	23.229000	12.046285	50.942858	16.399770	42.851600	19.801733	11.230220	28.502918	33.455884	22.018320	11.793189	48.275621	26.889359	50.062496	16.137788	17.295828	46.333748	35.817994	43.341100	24.624065	32.549843	32.464583	32.999147	30.094178	14.617265	16.690435	47.002245	39.485131	31.803896	18.410072	27.048102	38.665450
38.347966	32.550776	48.533891	35.820173	41.667529	46.151249	45.260874	45.703340	49.412352	43.321959	46.579346	33.354188	14.035694	36.209279	43.712645	39.882747	33.325923	40.332629	14.425040	41.506343	46.966460	26.078673	18.433246	11.967853	47.051859	29.986144	13.237403	43.815453	13.520068	38.926148	31.619577	16.649283	24.773777	50.239217	10.972544	39.549488	22.548041	25.392369	38.294101	27.672410	30.246519	51.382595	14.858019	15.126628	20.504204	24.001429	24.546454	20.826645	34.126238	18.045315	21.758881	15.125104	49.147305	11.393358	11.550016	32.747077	49.904775	36.203644	50.825692	42.086818	26.474841
37.731043	14.368579	18.569627	14.573381	26.291303	41.879629	14.737729	28.150831	41.072215	14.793064	30.677701	15.039261	33.707001	17.263805	11.389784	34.392296	26.337211	43.479975	40.334477	15.583218	44.736838	13.923300	22.180300	50.495011	45.059605	31.135349	39.370641	18.367246	10.356655	42.490192	41.170513	36.609285	40.707213	38.526068	46.653781	16.866349	13.136686	39.355725	36.872000	43.367386	18.924168	36.325888	19.125800	31.758938	20.102878	36.950259	35.856525	12.167868	33.821070	12.003725	13.397843	32.125272	47.231438	15.298704	20.172074	12.208162	48.154967	50.977044	27.845049	41.906514	14.738337
49.149032	29.743468	39.443615	28.670567	49.534922	27.866784	49.777356	35.102758	19.210625	33.946067	18.339397	15.026765	41.748944	49.014276	45.144649	29.185772	24.012753	33.038321	21.701267	42.729378	47.538962	26.010244	48.928721	40.873737	32.192157	45.898233	30.484504	34.526847	13.730500	39.372904	37.798280	10.586978	22.836472	21.389688	20.767965	50.513444	41.199468	25.009073	21.654453	29.651161	41.312487	14.482333	34.837557	22.322069	33.945486	24.588526	31.820010	24.041826	48.468340	42.096860	21.745569	31.438532	44.112275	38.132942	34.620072	43.684613	20.376497	34.880983	17.368189	38.576832	18.020604
13.051723	20.175814	31.191516	20.469206	25.709968	45.462110	28.028576	38.480184	43.550645	36.754828	35.392065	18.831948	37.288693	30.449675	17.415181	16.221938	22.957664	42.587011	50.086218	49.132318	21.539331	36.839872	30.835352	26.089739	42.232907	12.598507	39.768517	48.058168	48.776210	25.436427	51.178563	45.234493	35.299219	49.360210	43.346479	15.637070	19.266998	40.878056	41.507585	17.985833	11.003341	34.235002	19.056808	18.762660	29.950695	26.784166	32.818041	30.898891	49.495980	38.532996	28.551115	20.746346	49.723440	21.748934	50.167468	17.936883	37.690976	27.558026	32.404195	29.081867	48.500062
43.119345	48.988910	48.092840	13.686640	40.956967	50.640587	19.588995	23.436674	16.868565	23.953246	12.675524	42.462225	45.700666	13.722652	31.576406	30.856004	15.914209	22.638009	41.224916	20.943688	42.384859	43.203434	47.953575	20.425015	38.305349	51.184534	30.342070	13.727675	50.047599	47.362186	49.020327	15.663508	20.110550	39.227658	41.302272	46.699074	16.841362	23.070633	42.903060	23.085877	35.124218	50.657789	27.140282	11.670119	26.270469	21.905708	29.831072	33.360635	12.223814	24.489681	25.779067	42.298375	39.489024	25.485925	11.812747	13.095689	29.537515	16.508940	45.930848	20.867367	36.765059
20.823319	42.958144	21.966983	27.342619	46.772438	43.776920	47.142162	20.409870	21.022553	30.955450	26.268449	45.865140	12.783618	19.631913	39.319460	12.914225	20.285225	22.019662	26.338570	50.052896	11.779449	37.782929	31.203750	32.392473	15.363792	34.472844	36.128154	12.508761	21.786679	21.363824	23.826686	39.252863	17.580476	24.432481	11.797317	22.761968	46.646238	44.361652	44.868150	37.591875	45.933275	21.786594	30.156373	32.771105	10.906379	32.863613	20.717728	10.407911	49.471844	49.215747	25.000056	42.538977	29.005157	35.385778	12.659893	28.148720	36.859081	16.188958	11.881500	26.362902	13.540012
32.345637	18.432558	45.764754	43.615058	41.838349	18.128774	21.072473	30.685292	41.296205	41.765798	40.996183	25.876590	23.358298	44.311443	49.692686	12.811350	34.859900	44.578190	45.049811	43.083910	40.204844	41.535439	12.888850	32.613863	36.399334	38.793137	34.174372	17.021078	41.304887	30.302540	44.533085	20.359899	13.430635	41.197706	35.565103	23.239710	25.702658	17.747850	22.273067	23.971988	43.464144	31.312482	11.869918	19.019020	49.306499	16.468005	37.995570	10.957213	42.703814	37.123403	32.397249	27.681761	26.421451	41.518763	31.066345	45.012902	23.549286	25.888046	27.202167	32.210115	32.573960
50.325481	25.394357	28.196170	13.456869	51.354938	43.336291	35.865576	38.383458	22.312017	19.247369	21.765146	27.479026	29.653254	16.341432	40.915102	47.172047	20.790166	14.224685	40.313038	20.776038	29.685135	47.688303	20.289247	14.641124	24.434576	18.344640	16.437124	37.360309	35.306726	45.120398	40.397698	47.285674	34.211039	14.866714	50.808242	16.889576	50.368066	18.694916	29.839545	35.929570	37.485489	29.023265	50.768075	28.918954	16.129029	24.165976	28.905544	34.634030	40.594975	12.876138	13.181919	42.827955	20.326202	37.784142	25.386093	18.969120	35.105228	44.119727	49.741838	19.205928	40.828024
13.024610	43.413756	11.570047	30.168055	11.277475	47.257391	36.874081	20.912655	35.810761	16.388206	37.090210	47.873745	29.390565	34.356587	49.381628	20.980838	42.552362	19.584354	48.597779	25.963774	47.012381	21.849583	27.797085	13.615358	47.083030	39.941701	11.236602	22.030618	22.501624	29.924005	22.855027	49.481671	26.300936	25.790026	21.361636	31.746636	31.850136	24.401274	47.521655	15.952191	38.891768	22.031710	46.875065	45.853439	22.667955	40.695374	46.701614	17.224736	45.797676	28.797425	41.651219	12.019452	27.792712	44.030083	24.045796	47.187518	11.788310	43.818524	17.485188	44.512270	13.768519
50.769300	42.888164	42.319360	42.064711	13.997419	29.505585	33.369335	22.899982	33.201458	50.113705	19.265567	38.068002	36.032887	25.609872	20.003653	37.224332	14.616280	12.977066	25.939544	34.416780	19.470645	17.703445	28.599326	19.435332	42.056986	22.849127	26.333644	46.199148	11.759151	17.516403	16.075605	33.259623	48.506253	38.886994	31.303699	45.228623	17.558508	23.019978	14.841850	33.965311	19.242079	21.846441	10.881282	18.208652	50.385491	13.372943	37.687486	14.697407	11.852304	17.636955	48.676409	25.103725	28.484507	28.067751	15.401553	25.776363	48.179304	45.868273	31.002692	20.421167	28.870549
44.795806	15.872586	46.850031	16.062826	48.476172	18.045622	46.380213	39.690321	39.686904	23.072252	18.076797	50.290441	17.648581	49.230631	33.049316	13.484081	12.685288	47.099480	25.527021	47.829590	23.139602	22.940952	20.929824	50.848321	37.646432	48.721134	15.212018	28.800248	48.128099	45.504271	44.707329	33.960400	32.668448	10.801411	48.728554	29.511672	35.134229	13.215029	44.052322	46.654623	13.656310	15.400167	25.834378	10.280606	16.887000	47.195452	25.252057	22.057882	15.990917	22.689937	16.095641	18.750654	26.476565	31.550835	51.184767	22.940006	50.222915	18.762437	40.228682	25.356075	29.342570
20.878840	21.681629	25.756872	11.747413	24.079534	20.543031	10.770464	24.996017	36.843583	26.612145	31.964065	21.871337	22.977946	29.546730	14.963131	22.783218	22.441744	14.880831	39.785411	16.731163	29.284584	19.938735	39.232947	38.121724	12.922526	28.036115	19.406612	38.259834	37.169031	41.495205	43.745490	27.607481	11.079835	31.862890	44.764944	21.502899	46.431440	33.598031	16.531652	23.961912	38.678795	17.779339	28.328925	37.147942	41.420923	24.503880	46.941723	42.986012	49.655060	46.598617	20.756181	11.831098	37.553310	14.382924	47.707576	32.185283	42.135811	20.445084	45.610038	43.593261	44.762356
44.306383	29.005734	48.372970	11.314903	18.440352	15.264184	31.780995	47.971156	24.658405	24.204003	46.561939	14.606862	46.137187	17.401806	18.424302	43.855547	51.226890	45.510328	44.022530	49.599228	21.878983	18.093878	49.124621	37.860699	50.231814	10.448713	36.231508	32.213566	24.600795	49.757314	47.469813	41.733694	32.397559	14.791155	13.697572	16.587069	38.451413	35.613183	40.383184	24.123565	23.577615	23.774867	49.319109	17.056482	21.089163	16.850054	40.266010	39.599720	15.259514	48.942018	32.693051	25.514527	12.339394	38.282207	17.509119	49.479648	19.434606	12.153952	19.367986	12.118164	37.786141
28.362481	49.677999	18.491464	16.794382	38.204066	33.340951	26.166789	11.841541	33.364526	22.787591	40.059768	14.370352	23.722645	15.797583	29.209094	19.706967	13.890030	42.580446	17.726993	25.101075	50.357740	13.292185	44.173256	44.725376	39.736318	27.990571	20.756157	13.618943	21.614801	34.301879	50.790230	48.267543	17.685582	25.181670	30.773179	36.697799	17.747101	26.797561	39.872268	43.427254	27.628499	41.052271	15.281855	13.245391	34.645199	18.932289	26.867923	17.940215	32.086721	47.304968	42.106266	16.035372	33.936541	19.326351	33.600562	24.490090	28.787951	44.432295	39.990004	50.840394	35.103775
23.550252	39.019235	19.124523	51.112501	49.580747	43.715537	22.339879	41.913050	44.506247	13.596485	26.140877	32.768959	18.732996	10.877360	40.786058	41.248992	31.292858	24.092631	40.802270	40.736305	33.842721	49.198571	41.727019	34.143227	23.811701	37.525061	31.144005	33.564400	50.828075	30.833183	30.192950	20.711646	19.404180	20.552226	40.887138	24.355607	28.729243	51.053924	31.168125	21.078352	35.740609	40.343912	44.557463	17.538942	47.049819	41.290892	29.632373	46.417894	27.967759	15.604734	41.449026	45.212935	49.935514	16.310773	16.728432	48.310612	22.562246	37.136458	50.833763	42.488904	28.296774
32.926464	32.852873	49.346560	17.227949	37.426905	30.574639	18.791253	50.378319	12.348675	28.795354	44.683450	28.119231	17.431151	43.794666	20.790557	17.742204	35.241241	27.178826	32.401563	47.899150	33.710707	47.380229	48.422439	18.708126	45.029143	17.931453	37.211869	13.658998	35.365469	23.382662	22.173195	40.137888	48.555453	37.776592	27.975806	14.425161	49.696939	27.853600	35.736254	10.668762	18.925574	39.892410	33.384910	33.292290	36.471390	32.220750	12.791280	43.085127	39.699478	29.331970	34.121929	49.092856	35.439829	39.942219	27.479706	15.688199	29.740171	47.927241	32.349367	24.978363	14.226883
22.056568	32.457614	10.977553	25.230655	12.993735	33.248526	21.463461	34.454234	23.211924	11.627786	23.915578	16.829071	22.674034	43.676877	35.180434	33.735977	44.875517	40.441321	15.480348	27.442662	18.767147	42.640587	24.181581	26.688048	23.583816	48.076617	50.517114	16.611688	31.136270	38.997646	39.515005	26.467646	29.850371	13.857558	46.441417	29.638042	31.555661	23.164011	26.040380	45.956592	13.817029	27.755438	16.491707	26.175098	31.598129	45.911811	24.052297	11.275212	34.707956	10.363394	24.533555	39.341397	31.461872	18.774662	28.176119	11.844813	14.660398	42.132204	25.915089	46.116783	16.665443
18.480980	17.220816	36.287146	37.528827	12.875925	50.111383	31.219592	48.341853	34.436552	27.941773	20.080910	14.931420	44.070127	16.272749	32.497765	23.165601	11.346804	11.601891	43.878352	28.644731	13.639187	50.481032	23.071518	15.798491	45.020243	32.254440	16.503193	14.610764	21.865268	39.293637	33.427411	48.788921	46.336174	10.878967	35.538334	45.283367	14.234977	13.734006	13.648514	21.741533	35.473885	16.242671	19.742155	18.618522	26.814564	24.846405	25.083486	26.784217	28.271876	44.846746	36.748621	25.143277	23.690859	14.526701	12.342127	24.776002	37.214671	23.723539	32.525095	31.442168	50.054230
42.126099	23.570466	49.438534	21.645811	32.884483	47.182596	37.726104	37.127026	38.311414	39.065223	38.307612	28.498968	27.021638	24.366175	42.086727	18.616797	46.963261	45.406686	13.978324	50.392854	36.562233	12.271113	13.434916	26.436283	25.016390	14.633036	26.205895	33.509770	16.983234	29.585934	18.163854	18.849461	13.250969	23.596068	35.108717	30.736794	32.771229	39.174522	46.728054	10.865769	36.522662	29.412044	42.035911	39.796213	29.852782	24.520875	42.494480	33.451893	22.232839	29.004161	28.916963	28.761238	45.780308	20.977367	45.036559	12.548503	17.509245	34.352873	29.342588	18.427829	12.634986
11.499311	30.485265	21.615940	10.975661	46.861898	44.761362	19.518356	41.245274	35.709054	26.250425	21.991413	21.143254	48.441150	17.346350	44.488611	28.274844	50.128114	44.396428	23.323544	35.874203	14.254254	35.682839	28.580563	50.192482	10.751732	28.608507	20.765696	40.501209	28.969979	41.667309	20.577641	39.701640	20.966695	13.906041	48.005211	45.448648	29.119840	45.614976	49.424690	12.815599	19.531028	35.383495	34.982543	29.307469	48.698655	33.002076	35.987100	18.437792	12.110217	12.049595	12.053835	25.966398	20.949577	46.976451	22.792173	46.917371	11.946486	12.973641	36.659763	37.443409	11.323603
40.265131	39.162144	28.668429	33.097313	48.826756	34.031422	41.960130	11.509008	48.813428	29.526509	13.829204	10.986981	18.471173	41.959778	11.036115	16.844953	21.040456	38.363864	34.474673	41.062325	30.701452	45.919959	34.882110	19.056264	41.153532	15.465904	27.529750	28.436689	36.774505	10.524122	39.096010	26.603987	49.535361	25.346987	26.022165	18.215315	23.089749	23.516263	29.417497	15.265591	15.338792	40.165992	21.818444	50.231192	15.164067	46.235163	32.557877	20.507664	42.827226	34.628908	46.057771	30.788842	34.574793	22.561975	41.397184	27.717117	37.826681	13.247993	15.914410	36.520198	27.091078
50.991936	21.584111	32.878570	29.874857	28.255944	15.590907	47.948777	28.477899	40.338142	12.108539	36.842685	32.673114	34.299455	14.150643	13.813737	37.501055	25.630552	36.867590	38.584001	30.049324	28.736480	27.243462	15.912930	47.510269	39.122686	48.999881	16.249705	21.633327	17.365222	40.416891	34.308919	11.888220	51.243230	20.860294	31.188074	51.014727	16.349942	35.075649	10.403445	18.848994	28.841737	16.870837	27.270051	48.486614	39.973440	26.251981	43.487719	14.421642	47.557646	23.443743	18.563549	47.572076	19.241594	40.722612	32.677831	32.013532	35.919603	40.807233	51.021797	50.895930	22.811298
43.823299	11.758397	40.193314	21.287871	27.743765	22.984807	29.236482	13.394236	24.277175	41.762740	36.519435	11.357339	29.546174	23.315054	40.476581	34.342612	15.029287	45.890938	11.964568	14.987924	31.281976	36.492879	30.688443	38.380281	19.510254	20.062175	31.906694	21.941924	29.651559	15.277137	28.441166	48.486370	19.966080	12.125647	45.625250	45.149937	42.283652	43.070605	12.550750	21.023807	48.435154	13.430234	18.259234	16.303060	20.646882	13.984542	19.403299	30.648918	17.537904	41.113496	46.813313	26.934767	25.455658	16.118815	20.739450	20.629594	37.220236	49.116395	17.262746	50.483984	24.117238
34.007166	46.748949	17.776765	48.177628	32.961045	34.765235	50.726451	11.707811	49.643605	20.058165	15.874054	32.792166	16.056540	40.021558	12.295048	21.465047	47.678983	17.653757	49.858837	47.262946	23.968280	37.333281	22.347094	23.799724	26.304815	47.099349	40.699134	16.912829	46.733426	21.889631	48.699287	32.443501	30.094415	46.567829	48.027208	39.388062	13.286559	44.762718	50.296692	33.210078	34.828443	50.221584	18.319324	33.438148	13.684804	40.998119	31.464055	13.696441	20.256521	41.279016	47.029711	11.725816	23.875745	35.432697	38.103889	32.660373	41.540107	20.467894	42.284604	14.093253	11.655095
30.745528	23.285070	30.700136	20.995226	42.705764	12.388553	25.552838	22.837392	19.658762	19.359774	48.376799	25.811836	14.244132	17.284549	43.653144	24.369764	28.197515	29.789430	28.768440	32.816090	50.845317	49.513677	30.434572	29.214181	21.686265	28.747893	20.890541	45.542110	31.708846	44.718330	18.079285	17.928959	46.898483	22.651568	21.409122	46.379703	27.115549	49.399313	33.726321	22.791321	23.519321	12.790432	22.671387	17.753743	35.538545	27.846282	13.192403	28.316242	14.732572	49.808809	16.560975	17.225127	46.375328	48.816806	45.421930	31.038594	18.000165	30.323226	12.355389	28.612117	41.795391
45.486535	25.949990	18.114785	27.544471	17.045694	14.195793	25.010548	12.425118	40.814005	18.570004	41.585306	39.429553	41.042607	37.095141	47.369890	15.109138	14.789428	49.806570	18.626189	19.488276	46.277567	51.098759	31.535450	45.477752	16.159029	21.312496	14.266387	37.544918	28.853473	33.684521	22.881973	40.585169	37.035458	49.356757	29.250675	48.019687	44.054742	48.299485	32.993191	50.420478	25.419120	14.672615	41.081392	19.474678	34.082564	32.327043	42.184488	15.717841	22.825278	24.650650	30.443485	48.349615	21.817673	23.217188	15.584595	44.264202	37.197202	21.997576	47.054679	50.431461	19.725698
37.772038	38.929414	47.458699	25.242312	46.543161	26.807159	34.009161	44.022246	48.332406	29.003826	38.536706	37.082399	31.037250	29.891079	26.530783	25.386421	35.567924	29.422956	47.969719	42.011601	20.708759	48.255939	18.455592	36.070348	29.609727	25.037843	14.674142	28.353728	41.182690	12.615757	15.872386	14.974209	21.758764	39.405295	12.701556	29.207237	26.279823	48.098531	29.399908	26.747876	37.483741	44.150802	41.358565	26.008530	15.620044	18.829301	17.305626	32.215851	17.463996	15.404237	50.515705	47.861161	14.855319	34.291839	41.605341	22.042929	18.302932	16.648038	40.725636	24.908303	42.065616
25.641598	27.342192	10.657613	22.798875	40.904680	39.226767	19.527991	41.408713	48.339045	11.352258	12.949663	48.378160	20.282538	40.629804	20.526011	50.960288	47.007526	41.097695	16.809125	37.778343	47.172912	23.561305	32.300787	30.812529	48.629478	27.177137	23.080513	33.156675	19.816734	21.644676	17.186347	34.175579	12.762467	14.665283	42.315204	20.880933	31.063114	14.115666	37.264372	14.804675	41.603324	22.586551	22.564006	47.044654	26.352747	39.394358	26.002556	41.673178	37.246588	42.568279	12.179371	40.601280	29.809894	40.060485	16.625902	35.886786	10.614038	22.794447	24.157810	37.706747	47.806301
27.934462	11.219581	29.702156	12.593029	12.122041	51.330601	11.101326	39.699189	28.910139	34.087422	16.968449	46.802589	39.435831	13.224276	46.482685	43.464757	51.168722	46.314903	20.405208	44.268620	23.804281	39.507713	36.562019	47.841416	35.813996	38.456553	21.853703	26.580471	11.035231	34.229341	30.721286	17.842623	24.685333	48.237161	43.164527	41.246797	50.888959	11.878898	49.774508	17.028448	21.153946	17.421727	39.824290	19.597631	16.219974	16.447068	44.069242	41.904380	50.638209	28.784740	31.291974	30.362969	15.174389	11.067622	38.514600	26.191784	47.715060	41.330088	22.870550	23.276011	46.810022
26.942861	26.931511	22.546464	22.557619	45.613317	17.990932	42.878650	17.804631	41.335706	15.786740	39.855353	43.377293	37.333924	43.324229	40.470870	12.173344	10.379335	49.422784	21.206899	40.418029	25.461883	29.726163	47.927889	16.102116	12.953456	17.551665	21.297870	25.789746	17.548476	31.025450	23.047007	40.734085	40.105716	22.667864	41.120585	11.577802	24.579735	42.711949	39.947301	10.543206	28.625696	39.761432	25.232997	37.325320	38.884269	46.087466	49.387538	39.396211	23.683795	45.077755	39.381263	30.708331	18.452103	31.197330	15.229260	38.367187	15.971534	23.394254	18.818387	24.584087	38.058659
32.935718	39.370624	16.423436	36.810169	39.786457	10.323192	41.159721	46.068136	51.156569	19.681395	19.128226	17.401091	13.855894	19.902779	50.151801	28.716685	20.380352	38.350316	13.585771	25.957520	25.781061	20.855740	41.484938	46.529138	34.591374	32.615915	29.323427	19.013916	17.121447	26.367187	50.611706	41.450160	17.965133	38.967322	39.769926	16.628468	30.085313	14.280254	36.023055	43.289780	34.537382	23.695708	23.970112	11.043624	45.351703	37.840040	32.207843	40.692655	26.511995	49.830093	42.639014	17.654162	48.157196	14.719531	27.355173	24.355669	42.516544	50.948337	24.278752	32.243232	42.821970
17.676779	18.748382	49.490691	20.951428	23.682123	18.177639	33.757797	39.512020	19.797884	42.404588	14.688613	39.726893	37.195956	21.938472	25.138289	14.371962	29.196428	39.741293	23.694722	44.711143	50.903970	34.979847	40.505654	37.281224	30.121112	17.627051	41.240264	11.109199	42.451124	14.029060	12.567874	43.433309	46.531061	10.714224	29.105377	13.665206	19.514810	32.836731	24.185195	15.354433	25.360633	37.539206	20.768772	22.355596	11.686341	18.000526	37.200325	17.765408	23.345686	22.726714	32.469096	45.880538	22.085856	47.851156	18.852450	46.551853	31.079531	46.968022	38.086206	28.271348	15.050720
17.222756	42.953742	17.679477	35.033527	31.718996	47.488884	20.831022	15.503080	20.305078	22.018216	23.084772	49.986464	47.278467	12.324298	46.445041	32.406593	46.948886	30.232989	35.024545	23.720874	42.542267	19.189182	34.904448	46.534991	27.551704	48.897003	25.535428	18.610866	16.961785	47.796195	15.544560	49.022547	39.410319	30.027843	18.651646	15.099000	38.764100	47.270086	27.870148	34.104101	25.786081	50.584980	43.284454	10.478525	18.702222	45.510247	45.905432	26.270990	33.460107	34.841087	13.493099	33.963061	15.198390	21.121556	32.658162	19.367525	44.308525	19.671897	13.058825	44.928172	43.853025
41.165285	31.349728	10.725460	17.089353	16.434178	22.677155	27.030851	33.771097	25.950642	21.348546	47.893152	45.406133	48.354802	45.684386	20.660715	37.664972	25.200713	36.483525	27.617981	15.873643	11.151707	25.636433	24.961888	20.473301	40.618282	39.178528	33.457861	49.651798	10.663341	36.067827	20.793970	27.817549	46.135397	29.772463	21.760000	12.717115	18.771559	50.373816	14.791560	16.928959	46.566087	30.668084	14.753859	21.463710	19.988776	36.714118	50.128180	28.415114	14.974118	17.409554	22.269740	15.253380	12.017800	43.752752	25.076708	26.654903	13.310586	16.479313	42.412438	26.074227	33.222533
30.191526	24.004025	39.992139	31.662341	32.015441	34.640020	16.875185	40.391165	45.409383	15.734919	30.998022	25.126157	38.874230	16.134214	40.618134	12.709390	35.780434	48.163066	26.997977	42.917614	44.560834	21.360670	30.085432	16.719575	46.218658	18.631647	36.509492	14.107313	31.853123	41.167632	14.836325	12.102645	48.883185	44.847836	31.053899	43.047411	24.933243	38.388345	50.804178	45.521201	37.271033	15.614263	11.680789	13.665809	42.445848	46.168072	36.789290	33.105964	45.025356	17.988301	45.333923	41.949340	16.016828	50.812510	28.737725	51.254243	46.961252	13.412436	11.297064	35.614783	13.843556
50.690882	16.693345	27.558025	36.287776	48.564585	12.188583	43.965865	50.589691	43.799360	39.967500	20.883436	15.513589	20.432739	35.463541	30.358930	29.036490	25.406424	32.966585	17.481243	11.445979	42.411750	34.668453	16.097649	17.858793	20.243250	36.692106	10.757324	13.020581	31.291265	22.201389	19.002354	20.855663	35.118214	20.212292	16.323930	16.917343	14.064807	35.610107	17.858568	24.470344	43.344529	21.206290	51.208779	10.415171	13.765799	43.557329	37.882426	25.112912	11.187440	14.785004	29.573537	19.760096	39.837195	20.721121	17.084782	48.032448	47.005340	47.993276	40.073880	43.812481	20.264728
49.579244	42.159494	10.619230	17.735504	19.267737	14.904100	51.179392	14.268846	27.421653	33.797503	22.616090	12.778555	41.516283	42.114201	21.826031	28.475735	30.658956	23.593208	11.141690	40.129336	36.494762	29.357632	23.186399	37.514548	27.071448	29.905377	31.555459	37.533466	22.828440	18.477408	48.012942	23.800311	15.434763	16.938618	11.405729	35.716100	34.160264	16.103923	26.599578	39.286151	46.177234	28.837860	34.710407	27.975074	43.232724	20.878564	47.218120	33.965789	25.053590	21.531918	44.027653	46.035392	30.306476	18.426762	37.974722	36.801663	35.063800	12.501225	40.673981	19.019208	15.411276
36.924220	41.747260	17.838041	43.027542	28.590432	37.273545	11.222410	36.136651	46.049299	15.072254	11.822769	42.115021	17.540854	18.345224	15.809328	29.409532	48.114670	37.426727	39.334890	34.516716	20.615257	33.264419	40.393455	13.383122	39.573476	19.338266	50.363291	26.449553	41.335731	45.765801	25.408700	35.182271	30.355046	24.444224	30.420742	18.823240	39.485493	35.693307	22.081406	31.982918	45.646444	19.363265	21.400146	10.422976	33.967357	30.882770	46.823288	35.771056	34.066936	18.747232	16.587536	22.042419	46.422885	28.065707	15.762482	27.088399	11.315322	23.913582	10.564548	28.567801	44.958899
41.482520	28.731204	18.153001	44.468290	43.801493	48.995359	45.275414	50.311705	25.503979	12.652537	10.682872	37.411539	44.672733	41.278817	40.316143	15.640270	32.413948	29.432267	50.152679	38.794983	45.570803	13.056505	13.834316	43.835102	51.205136	22.553650	24.998567	43.867032	16.613265	25.863642	37.942041	12.721397	43.740291	41.520848	41.654764	47.355470	13.527864	31.156991	15.816120	23.679201	16.700112	13.208015	16.312592	20.735856	40.912945	25.344429	27.343031	15.662837	48.428071	27.468590	50.027322	51.327297	21.731106	26.346955	10.960134	47.092655	27.735244	34.180132	12.892403	32.870492	38.778666
