8.292258	10.865051	12.403232	15.842823	15.546686	14.039852	13.041181	11.801153	7.266505	16.545689	15.387452	14.888096	11.770902	6.833138	6.559203	11.600657	16.315981	14.871576	13.936565	16.681283	14.923917	16.297121	16.446402	13.711218	11.999653	13.854521	16.759172	15.923804	10.573322	16.633842	13.061937	8.172987	15.497251	12.687885	9.335843	13.972111	14.391523	13.442670	16.508862	5.037790	16.342234	15.834550	8.570918	16.406715	8.533432	15.542078	13.903541	16.188418	14.484553	13.671958	11.475287	15.440325	16.515384	16.598323	8.706917	16.759375	14.740475	15.242832	15.276885	15.063202	15.439599
11.314408	11.229208	15.817909	14.508524	16.723606	16.384546	16.196806	4.698240	14.430510	11.348184	16.692326	14.707180	10.258131	15.975870	5.253138	11.096991	10.642979	14.021161	13.634004	12.511930	14.875712	7.979756	11.532492	3.788032	10.765807	15.955876	15.105612	9.016009	12.097828	12.140219	14.913236	10.996547	16.215197	13.409374	14.574965	9.320503	6.734134	13.124243	16.727065	16.639145	15.532177	15.811291	14.927671	15.123260	14.421789	14.452698	14.212819	15.988603	16.078907	15.872782	8.525500	14.591089	14.975736	12.921716	15.891077	15.897890	15.786974	16.691611	13.965240	14.003978	11.648491
5.931118	14.160472	15.923876	16.626408	14.738592	14.690271	16.056288	13.407467	13.049824	9.969562	5.250985	8.500904	14.039397	15.622868	15.955514	15.301448	13.143021	16.646373	11.516409	16.786026	14.405974	13.561974	15.298377	16.473374	13.093642	11.130195	16.708312	16.208644	5.488410	13.862433	13.983224	9.675596	16.831313	15.806034	15.979189	13.887222	9.627364	11.499607	12.366588	12.404804	15.291988	10.087623	14.825411	15.758474	15.330949	10.946752	16.676139	14.591148	16.513298	10.434056	12.473556	12.350980	11.456633	14.763296	15.913831	12.619736	15.754280	16.819065	16.383453	13.304790	14.828428
12.009465	8.074381	12.998445	16.377224	13.454655	12.542201	6.440632	15.220759	16.766790	13.564269	13.161748	16.654712	12.489704	16.700573	16.213966	14.259251	16.595793	12.077429	13.770853	15.386461	14.623553	9.521100	15.275635	14.435867	14.429727	15.221271	15.919679	13.734509	15.168883	15.900527	10.891128	12.081442	12.194090	10.825432	15.002369	8.246582	9.219732	16.635576	12.844497	16.002707	14.708008	14.837854	11.206513	16.390218	14.417824	16.328314	15.298783	12.583799	15.705602	14.965440	8.457271	6.265884	8.413998	15.810848	15.751692	14.481192	10.965436	15.767830	11.832819	10.914659	16.810163
16.797668	14.547673	14.733319	15.579798	10.929199	16.416006	16.597692	16.674746	14.311887	11.225209	15.453441	14.713708	16.574488	14.931166	13.195124	15.569194	15.734687	14.810008	14.294410	16.175462	15.254723	8.291893	12.177516	6.730355	10.799964	14.496317	10.778810	9.767648	13.388211	15.280565	10.464316	9.151350	9.572713	16.763247	16.419012	16.328283	11.183343	14.141170	16.220502	11.673644	15.565963	11.828599	14.062487	14.776306	14.098325	12.966295	13.063767	6.774737	14.274086	14.158684	16.184550	14.271572	8.709452	9.966862	14.526818	15.777819	12.801650	11.774472	16.781843	14.478975	16.042615
11.838118	16.648205	14.518723	12.766037	16.236913	14.294236	15.541285	11.412911	15.339546	14.168471	9.623438	16.002551	7.615449	16.495320	15.495374	11.277478	10.113375	12.856695	12.942420	11.180565	6.420438	14.154010	15.946533	14.525076	5.854004	12.568895	16.604866	16.421357	15.852181	13.083526	14.145948	11.525418	13.996425	15.424920	14.571055	11.979733	12.580983	16.718860	14.144653	12.990918	9.188464	13.631873	16.496978	13.512457	13.346061	14.770335	13.570839	15.235368	13.404343	16.562397	15.957128	12.515534	16.121798	11.551016	16.474501	10.458482	15.614365	16.198683	14.904358	15.204914	10.457839
16.086791	12.464130	14.213485	14.730974	8.811264	7.895691	14.490479	16.237159	16.735544	9.272440	16.447628	16.687678	15.223898	10.851825	9.034799	11.810289	16.839405	13.014136	16.182731	15.494387	14.423124	14.509823	13.739637	13.359902	15.048637	16.399354	16.281939	16.007644	12.555786	16.380916	13.582059	16.363618	5.954480	15.349367	13.451246	14.249764	12.376394	10.313641	16.819891	4.229498	16.689370	16.300171	12.364944	16.052792	11.764683	13.806548	8.467659	14.081124	9.020069	16.838737	11.360745	15.962308	16.277159	16.540453	16.078451	14.371051	16.805267	16.111110	16.761998	16.559973	12.447714
16.839545	15.732851	13.792357	15.756401	13.256571	9.341412	13.191609	10.273054	14.948614	16.439206	16.430733	12.789281	14.265901	12.371195	14.084345	10.592382	12.604486	16.532940	14.990190	14.525622	9.749713	16.509738	15.020611	10.891967	13.608648	16.123318	11.651209	12.540782	13.988924	16.406890	16.437530	16.437127	15.779821	9.504211	14.195300	15.927760	16.778178	7.736429	15.964488	16.311026	13.189462	13.659093	16.724292	16.550244	16.552859	7.861744	13.280482	5.464238	10.405275	12.845938	16.119738	16.322087	12.032414	14.983205	14.799749	8.715519	7.547866	9.552679	15.629447	13.274824	16.479168
16.808040	15.546625	13.338747	16.570721	16.295169	8.312740	16.377466	13.854651	15.146825	16.692205	16.667615	9.487579	16.684003	14.418317	11.214978	14.795156	7.437780	15.659885	9.258792	13.591341	16.012567	13.944612	12.144754	13.126240	13.730316	15.162469	9.135368	12.212451	16.024696	15.438074	16.197389	9.468598	12.206486	15.607348	13.347540	14.622585	11.212595	11.533702	15.162985	13.714220	16.407097	16.356219	15.176338	5.852209	7.499513	16.784392	16.544230	14.120768	12.854232	16.151851	15.131798	15.562098	15.684022	16.515280	16.734389	11.668220	12.855585	16.500492	14.602573	13.257412	13.641275
16.274051	13.317498	12.557312	16.380381	10.373215	14.299769	16.343985	11.890729	15.482437	16.319817	4.102825	11.304002	14.940313	14.353577	15.842066	16.784234	12.701136	15.788748	13.890510	16.354070	16.136282	10.654096	16.772534	11.396710	16.509342	8.884169	15.727941	8.936810	15.016654	9.838522	13.858575	13.353146	10.289057	12.284682	16.813082	16.214492	16.367819	16.524232	8.102090	14.855628	16.739288	14.838527	15.935600	12.750429	12.601777	16.060158	14.828903	15.227117	15.235165	16.355298	9.571368	15.398982	15.617635	16.103975	13.600079	13.649347	7.701855	10.819923	15.891045	16.622587	16.571963
16.241034	14.905197	15.301435	16.650404	12.955860	14.132041	15.116841	7.633173	12.988523	14.078219	14.086037	12.773403	15.561232	12.296552	16.758855	7.989982	5.159952	9.943457	16.773513	16.058459	12.873182	14.606564	13.553211	13.121271	13.307557	12.066551	14.935211	16.536652	11.805704	16.480385	14.440778	16.611995	16.668217	14.737380	14.260709	7.859021	15.845914	11.833794	15.673546	13.667660	7.531525	11.579472	13.886854	10.181967	13.184860	14.001775	16.353895	16.572014	7.288560	16.246924	9.202608	13.644988	14.980307	11.628636	16.820713	15.131703	16.682892	8.903626	14.805017	16.708492	13.833889
7.935151	16.545383	16.038685	15.898761	15.441651	15.625937	13.089575	9.467849	10.760529	10.684864	13.581896	15.566660	9.512495	10.047013	16.636046	13.685492	11.138461	16.065870	8.914103	13.846831	10.491644	11.915654	16.837271	16.147280	12.662592	14.997298	13.983933	16.507095	13.172971	10.521885	15.920735	15.363037	15.135410	15.579929	12.123136	14.072636	13.135259	14.050214	15.773694	8.723561	15.468974	13.282766	11.286197	11.749494	15.670947	8.388557	7.987131	16.172008	16.263517	12.155828	14.986015	16.422317	16.801705	16.069192	12.410422	8.875200	14.571623	16.718240	12.557159	16.829356	16.339820
11.261600	16.454498	9.832093	9.541465	16.658549	14.357584	14.058148	12.359661	15.501509	11.618941	16.272366	15.047293	11.192716	15.547778	14.362898	10.697938	16.108261	15.746233	15.259559	13.744531	6.751561	8.470173	7.576981	16.336741	9.181017	16.746073	13.771309	15.482655	15.372113	13.115097	16.817130	10.236621	16.132767	13.944586	13.117454	4.220951	11.790696	12.624241	11.023110	15.755688	12.809501	5.432233	11.063057	9.134747	13.549189	15.135371	9.161830	13.375167	12.115472	16.444109	16.026738	14.520690	8.154068	15.348967	15.364184	14.930338	9.113327	15.028295	13.370693	10.192189	7.969480
15.796303	11.656141	16.818183	8.073966	15.704783	11.970089	6.207619	16.700287	15.255118	16.160569	10.977806	12.349358	8.635853	15.734709	15.808931	6.767324	14.453352	14.798841	15.526399	12.690197	15.471444	13.514269	16.594218	13.203540	15.136830	14.996672	16.167685	15.091709	8.543389	15.996978	16.474260	14.715475	13.255029	11.724733	16.516682	11.233938	11.078543	11.254711	14.873660	15.930549	16.664450	12.412185	7.694664	15.649898	8.872084	16.243781	8.605521	10.432848	12.462403	15.873653	10.099341	16.155839	16.234881	13.327736	16.635197	11.894627	16.432104	10.905011	12.172149	16.682531	13.076610
14.516039	13.291011	15.434958	13.384371	7.581351	15.673177	15.173222	15.197076	10.165396	7.574380	16.350077	16.386688	14.003854	6.964052	7.431832	6.968738	16.281843	10.954901	7.505780	16.713769	11.983020	13.005502	14.064931	15.548052	10.707139	12.238127	16.184740	14.164857	15.475887	13.557789	5.210397	15.291819	14.748733	16.315565	13.331394	15.483856	11.876919	16.815954	16.514190	16.798802	15.102155	16.733139	12.142373	11.551374	14.996775	14.602097	15.237783	16.660670	16.044443	11.676331	13.505024	13.291438	14.680979	13.203368	15.674487	14.385914	10.108665	16.791621	16.463059	9.616109	5.864422
13.004382	16.492782	15.518792	16.349056	16.712839	11.157865	12.415670	14.239636	14.699787	16.308187	15.228947	12.612565	14.804370	10.131984	12.769283	11.036146	16.818496	16.194804	16.710221	12.815881	11.756482	16.747940	12.645509	15.049747	8.983606	15.813695	9.019019	13.236774	16.416030	13.443831	15.689675	16.473431	16.139234	15.477426	10.353699	9.202648	16.348536	15.519745	9.757913	9.187621	15.293147	12.772813	6.495742	16.020603	16.274939	15.458474	15.301556	12.719352	13.069898	13.791854	16.821064	5.306992	16.071566	16.295324	13.999380	14.275218	16.298603	9.353462	6.450453	15.295096	16.661862
14.692442	13.768578	13.641891	13.685394	13.539660	10.619573	12.924694	14.986844	16.146038	6.934255	13.260160	8.497929	14.338167	7.478009	14.506123	12.231067	10.060387	15.983757	14.432623	9.709144	16.019419	11.025807	16.111147	14.491402	13.429232	14.471643	15.251499	12.237984	15.562296	16.401255	15.120181	13.990467	11.809848	12.298356	16.778068	10.662948	12.379016	16.826700	15.951460	12.093030	15.883200	14.093050	11.000565	13.512894	8.840818	16.125828	13.997588	7.963529	15.261954	13.416178	14.497464	8.294438	4.102614	12.439560	14.574798	8.195886	16.719862	10.557548	14.066891	13.826829	6.211772
16.744417	11.523666	12.390667	9.841942	15.071728	7.909256	13.527254	15.748653	7.759283	9.621199	10.895728	12.790982	14.420617	12.030486	13.875748	16.220628	5.249669	16.455696	11.104795	13.417969	12.210964	14.384615	16.617280	16.732645	15.169846	13.076512	11.569197	12.537672	13.725857	11.845215	13.512147	15.620952	12.220963	16.637040	15.345418	14.324781	8.848227	11.022533	10.413305	7.924604	11.588308	4.244618	10.801452	15.247263	12.825849	13.638648	11.642127	8.592791	10.835786	11.550003	15.658740	16.632516	10.134444	15.848098	16.607732	9.993729	13.479095	13.919820	11.546179	14.989694	14.848520
13.144240	15.487054	12.610639	14.781272	16.819070	10.537743	16.767301	16.753510	12.003638	16.648993	8.786456	14.612986	11.824211	12.633141	15.607896	9.451838	13.290520	13.279317	15.083870	15.322692	13.887522	8.675997	15.808929	14.224362	14.566689	16.072692	15.310318	12.794821	14.106164	15.023909	15.871427	15.818343	16.709191	16.773834	16.332902	15.791713	5.211929	16.013330	15.753740	16.456800	10.904699	14.390414	15.618633	16.064256	8.674034	16.597989	12.489596	15.029688	13.865902	13.710789	12.008182	15.605536	11.925272	16.587380	16.526536	16.337470	16.704601	16.422172	6.793764	16.068565	10.780112
15.754526	14.687093	13.811012	16.820483	10.917412	16.021647	16.643615	13.537160	14.270901	16.539835	11.978123	12.725485	11.937771	16.619686	15.371716	5.913970	15.466300	7.889221	14.587516	5.618170	13.027864	10.646960	14.168082	16.203075	16.251834	13.658525	16.641925	15.407303	7.027015	7.191268	15.367507	16.010753	9.460116	14.698843	10.250908	11.418584	16.415660	8.460735	15.157618	12.125612	16.680970	7.172538	13.347178	13.934026	12.332162	16.247684	14.269011	15.929801	11.021069	16.800026	12.105103	8.151183	4.462282	15.876427	4.850775	16.778994	16.752471	13.700134	5.601594	8.779807	13.220541
10.962591	16.058968	16.574454	14.234710	16.596008	15.399336	15.189709	13.994635	13.130132	7.915138	16.170801	16.013898	14.978342	11.892693	9.638814	16.725579	11.890852	16.407330	16.391587	15.561482	4.196355	14.818579	15.201195	13.781557	13.377329	15.416897	7.930991	11.782413	14.533549	15.150855	15.379583	11.044470	16.071061	16.566175	10.942816	15.508699	9.980531	9.933063	7.398425	11.229769	9.504324	12.045113	11.108820	7.915572	16.709963	14.788096	11.682732	16.122144	14.830921	8.864696	16.719109	10.670739	12.317867	16.448064	16.369995	15.290920	16.635092	12.134858	14.376488	15.836303	16.777822
10.922028	12.050891	14.869775	16.435146	16.528313	15.463279	10.426990	15.137237	14.728624	16.401328	13.743606	15.757035	10.362027	16.694012	15.242272	9.894693	6.847275	13.285298	15.965078	11.910956	15.017573	13.281182	15.735897	9.729041	12.101346	16.157240	15.426822	16.529405	9.198008	9.763644	9.425305	16.799478	15.303655	16.569371	15.040490	7.725570	12.178332	14.858422	7.962052	9.201767	16.451576	15.392175	16.835550	7.437523	16.254109	16.027551	14.076447	15.921958	9.267210	10.885249	12.737449	12.430439	16.025863	5.893874	7.126558	15.713104	16.023018	15.396561	7.792507	10.224718	14.527009
14.950556	12.495676	15.931663	15.984214	13.989468	16.527569	16.076070	16.467988	16.576383	14.805711	15.919334	11.116613	10.402227	15.889124	15.675012	13.289360	14.052249	15.129001	12.941607	15.609642	16.424824	12.265620	12.302935	10.489071	16.255564	11.562250	7.233189	15.517043	11.044355	14.535589	10.946036	12.030512	11.944432	16.506190	6.840209	13.742625	12.323801	13.792157	14.229881	16.584663	15.364327	16.837872	7.059926	13.679143	7.433886	14.971934	12.318414	16.831323	12.887344	7.584559	15.732893	15.310728	16.282487	6.876374	12.094719	12.817899	16.814206	15.174327	16.762335	15.518721	15.440097
12.394017	7.359983	8.463027	16.023126	12.661753	13.809361	13.652576	10.589216	14.531175	5.967726	11.045195	12.193850	12.134854	9.502364	5.607274	12.665884	14.839887	14.331820	16.718807	6.299423	16.076039	15.397770	14.912335	16.557502	16.339096	14.257925	15.920388	13.438053	13.270920	15.533234	13.809229	12.480508	16.794936	12.738158	16.365314	7.622366	13.880044	13.266506	14.520070	14.818640	7.928143	16.027510	12.790552	13.803808	10.303147	12.523646	12.344177	6.260182	13.864906	15.768978	8.028502	14.843088	16.809653	14.796179	15.408673	11.810380	16.008792	16.837898	10.563413	15.380349	14.187332
16.547012	12.259426	16.690339	12.633710	16.837499	9.638292	16.674782	15.758493	15.543898	14.625849	8.104299	15.579470	15.915609	16.158022	15.635325	10.574318	15.232086	16.799488	11.711194	14.316304	16.362517	15.779437	16.747772	15.033167	16.242469	15.847043	15.955548	16.616122	14.193566	14.882766	13.504550	6.468913	9.314525	13.568632	9.818330	16.597169	13.914865	15.023058	13.775690	14.370266	13.896826	14.371351	13.090854	15.628286	11.999350	13.293218	11.280434	8.984239	16.295646	15.975043	14.927088	12.783944	16.422398	14.386737	13.009804	16.107994	6.762771	15.671100	15.137364	16.327303	15.774290
5.567644	13.532172	11.652709	12.622259	9.641952	16.493495	15.987052	12.758386	15.815648	14.358083	16.829856	6.384365	12.422332	11.941633	8.248250	12.184691	12.387031	15.099643	16.710190	16.542927	10.417385	15.403766	16.294287	15.395155	16.214126	16.575674	14.419368	16.368671	16.826079	11.179774	16.834745	15.260836	15.956561	16.447137	14.507393	13.577344	12.428532	14.094248	14.117926	15.488708	15.486478	15.493155	8.083835	11.761506	15.881461	11.430743	15.647843	14.584751	16.387181	14.921395	14.044808	13.872526	16.796045	11.406162	16.747134	13.300911	14.288795	16.097454	12.348100	12.398678	15.915601
16.152195	16.225794	16.379222	11.866382	15.139966	16.696456	12.746534	11.182554	14.858566	10.871677	14.147967	16.103151	15.064927	4.955398	16.714137	16.651877	14.418542	9.589440	15.294264	9.993233	16.188109	14.274293	16.614302	8.655789	12.955863	16.796923	13.716328	13.045094	16.674787	16.609233	16.192639	11.903373	16.111983	13.864748	16.582838	16.805710	13.557209	14.417354	14.223486	10.329970	14.128459	16.693100	15.049700	6.438493	10.852770	11.422665	9.906821	14.925761	10.453512	11.829685	12.523384	15.187640	13.300531	12.039456	12.007393	16.655227	16.745853	14.072627	16.243038	8.344889	16.211964
11.319398	15.214308	8.192362	9.952843	15.617850	16.835834	15.687610	10.149501	7.018595	14.820752	9.657130	16.175218	12.732445	12.370705	14.095319	13.505266	10.213314	16.343167	14.259068	16.729671	9.073894	14.167408	15.799062	11.949986	13.299698	13.568920	13.349989	4.570183	8.697252	13.527684	8.342587	15.819219	11.350941	15.232286	13.409243	12.312729	15.637822	14.992290	14.830337	15.178233	16.807098	11.128725	12.682643	12.382284	5.151367	13.114241	11.726040	12.259053	16.827618	16.593669	16.436301	16.416991	9.714456	12.893228	7.241465	10.821754	13.308461	11.142341	12.192058	16.477175	7.876707
12.360983	13.077785	16.142416	16.692961	15.824520	6.055224	15.135992	14.678147	14.770483	14.441507	14.491148	15.185821	7.887634	16.278058	16.502314	9.446568	12.120821	16.204374	16.302659	14.319879	14.844992	14.385471	7.697182	14.716618	12.737337	14.620233	11.598950	7.878800	15.745042	15.670509	15.107376	16.384406	15.055737	15.005416	12.750421	10.087863	11.342612	14.280833	10.340680	9.144257	16.768191	16.291904	7.939219	13.834508	16.182113	12.220617	13.325339	11.590303	14.126482	12.881340	14.651879	16.497471	15.438349	16.806325	13.924747	15.840733	9.628074	9.119084	14.241161	14.223075	15.382571
16.789848	11.143550	15.401600	16.015420	16.833251	16.461261	15.001951	16.592857	14.161183	10.081369	10.731694	16.028176	14.809687	14.602175	16.141929	15.792269	8.370410	7.141925	14.176156	9.743738	16.077228	16.602932	6.766268	15.164145	10.751937	9.694093	10.783895	13.341982	14.928586	15.224973	14.936710	16.486893	14.727146	11.443465	16.698493	16.008096	16.748398	10.658714	15.092730	16.446237	12.734068	16.696684	16.731964	10.200295	8.591967	12.477951	10.840885	15.459096	14.631755	11.695186	5.452709	15.364486	14.630464	13.231217	9.897674	13.521739	11.979400	15.474381	16.563675	14.801389	15.642752
8.707742	15.373796	9.856162	10.986148	14.319570	15.672079	13.395685	10.317270	16.215803	12.947088	16.396513	16.337252	16.029779	15.488828	16.459171	7.045973	15.514993	15.868318	16.372856	11.498465	15.753688	15.769739	12.551511	8.137598	16.272406	14.366638	16.381599	8.041606	12.207159	14.296081	14.777145	16.725183	11.393983	12.023015	16.590301	13.052073	10.868035	15.046354	16.172440	15.930038	16.618852	9.930710	15.533605	15.070791	15.867761	16.149806	16.407838	16.023426	16.020943	12.128711	15.386988	13.865341	11.279459	15.874248	12.004781	16.376392	13.750548	16.434683	13.907158	16.215415	10.513486
16.770746	14.648048	16.695768	14.847005	13.939391	16.323637	14.438367	8.681898	12.938403	16.828841	16.032616	16.605283	13.704218	15.246515	8.342586	16.383692	15.141734	7.831651	10.578097	13.107147	7.297127	9.631449	12.196209	8.249608	16.112477	10.129760	13.071878	15.610494	10.631503	14.146787	16.257564	11.482213	16.191906	15.476005	12.810812	16.269841	7.599000	7.564168	12.422547	12.799781	13.014643	14.215145	16.142195	12.151740	16.745472	10.131438	12.706629	16.571262	5.701606	13.104142	16.104055	14.321313	11.311420	14.569308	6.373747	10.735723	16.532545	16.175828	14.861644	16.835502	16.708858
15.963179	6.418283	15.542005	12.323940	16.040820	6.806186	16.688265	15.401687	15.003700	13.368141	9.943859	16.776422	9.131262	16.563671	12.906859	15.440511	15.973472	16.021380	12.439354	15.960131	16.351355	10.145254	9.909949	16.744000	16.360997	16.269297	10.632507	16.228658	16.636277	15.803591	16.325271	14.724834	16.353394	15.760345	16.672732	13.067366	13.933715	8.324438	15.993546	16.443315	15.499905	14.236376	12.386990	10.769904	7.086278	16.283593	11.241110	12.755765	15.022576	16.533737	12.678945	12.568661	16.326446	10.581590	16.817740	13.831479	16.567867	10.719242	16.212196	9.675727	10.818439
14.630282	11.781442	13.802419	9.773432	15.612969	10.817260	8.189397	13.179091	15.312434	14.099321	11.001141	13.812939	13.780749	16.526573	14.585718	12.767409	14.976940	9.303539	16.430885	9.429141	14.873118	15.522955	15.474203	15.153150	5.581574	13.423509	10.031956	16.428675	13.985615	15.307271	15.042022	15.416430	13.689773	16.732264	15.045790	16.832408	16.606660	12.918002	11.554757	12.904488	14.009779	14.373421	15.259798	12.304098	16.281041	9.268487	16.623261	15.893835	16.441127	16.243682	14.020152	14.463477	14.511765	4.778939	16.091752	13.609071	14.479951	12.711152	15.804944	15.076891	14.875380
15.520876	13.905421	16.614751	14.935390	6.096634	13.479290	11.007985	16.515745	12.733164	12.060103	16.278890	13.662474	16.284409	15.601917	14.783213	15.388632	16.812811	15.138708	14.544845	16.568986	15.862135	7.432074	16.552023	12.458832	16.831981	16.703804	13.758799	11.310102	9.665528	16.528529	16.346157	15.082932	12.078444	13.879680	10.350107	14.647487	16.354796	16.667889	13.983950	15.791639	9.618771	13.304446	16.747837	14.962034	13.077608	12.846764	15.277219	14.808762	16.663905	16.465604	14.410975	12.844019	16.181392	13.089323	15.565861	16.744162	9.359228	4.631138	12.593540	5.960421	13.351915
14.260908	16.607526	8.963995	12.573921	14.355990	13.522104	14.876170	4.392319	15.999297	9.154626	14.583073	6.699872	10.848192	8.409376	14.334226	9.033698	16.829888	14.152110	6.698211	12.039868	16.830133	10.506939	14.522208	15.493562	16.025588	10.082679	8.160003	8.749912	14.484196	15.812480	16.821638	16.103678	7.649353	15.720309	13.495804	13.637770	8.500643	10.054243	13.800002	16.741258	9.613497	13.608401	5.592750	6.089112	16.610821	9.882031	12.075818	14.190715	10.758302	16.283691	16.736539	14.575201	12.178110	7.359991	11.679691	15.998562	16.545982	15.417968	13.381932	16.819020	13.041859
8.328707	13.089964	9.774631	16.833513	16.656605	14.868750	14.592645	13.922375	16.439864	6.466451	11.536287	13.295410	7.851618	14.142708	15.419991	15.404560	13.572466	9.301927	14.027288	14.139048	13.130697	16.717411	15.531898	16.523360	12.568450	12.480092	15.107854	13.625947	16.667265	10.858319	13.334970	15.055242	14.499342	7.334394	15.422008	16.221806	9.740207	16.811643	11.482908	12.781073	13.815315	14.994509	16.301768	16.358970	16.794768	15.246475	15.607763	15.260895	12.219385	10.265467	16.431932	16.403222	16.669676	11.516541	7.082200	16.656232	15.351278	14.114504	16.810439	15.936580	15.007078
16.164301	11.722071	16.594895	7.472570	13.361265	12.267368	8.225016	16.554838	12.231106	12.822820	16.662842	11.963614	7.824862	14.635930	10.958029	8.646970	15.218123	9.831605	15.899624	15.768316	16.183585	16.790371	16.504641	8.784908	15.523407	12.080154	16.087480	5.102544	16.250088	12.257277	12.310790	14.870796	16.583603	12.726669	10.677989	14.064971	16.717134	12.709740	11.776451	16.604282	9.188893	13.563917	12.863493	13.654398	15.865959	11.180209	11.162906	14.963641	14.954118	15.834682	16.579697	16.232375	12.701954	14.435468	13.177421	11.224626	15.133926	16.483084	11.338803	14.845085	15.590524
15.913005	14.014322	8.967725	16.412960	8.987328	14.133273	12.611122	12.570834	9.441142	11.012494	13.616668	11.351666	12.248165	15.151412	12.001457	11.344052	15.139702	16.722768	15.238030	10.212199	14.141515	16.088927	12.515512	13.860349	7.941286	16.812024	16.684950	16.366708	15.243179	12.928136	13.710248	14.167361	16.522708	13.869669	16.400679	13.544861	15.197457	11.026895	13.497965	16.677552	5.575099	13.755157	12.895019	10.600694	14.810629	16.139250	14.382431	15.541091	16.622475	12.605313	12.215690	15.879543	13.562192	16.650136	10.467194	6.062799	12.701158	15.314817	12.151484	16.791855	16.258376
9.357098	8.582904	14.339573	14.565520	9.203569	16.830182	12.435545	16.691496	14.145592	11.751629	7.837150	10.001086	14.624625	10.293969	11.532178	14.572406	15.839594	15.513745	16.660798	11.930218	7.410234	16.787585	13.843314	8.804496	16.801818	15.326971	9.403064	5.971632	13.097095	15.761800	16.623089	16.381290	15.796960	7.637020	13.502544	15.716533	13.033775	9.180901	15.540232	13.026742	13.182986	12.215233	12.682440	11.461365	16.340407	12.586691	11.618285	9.215857	11.688609	15.038062	12.195632	13.303488	13.394336	9.918860	12.667032	13.319688	16.179107	14.829692	15.700333	16.561942	16.797202
15.680749	12.007586	16.540904	8.788159	12.385102	15.482362	13.486788	14.886122	15.574039	14.813518	16.696442	12.390474	14.336422	10.242229	15.937176	14.664844	15.779469	15.302700	15.911314	16.550178	13.522173	13.101542	6.877388	12.520011	14.881055	7.186185	15.983383	15.010838	8.225730	13.826294	6.705138	10.046561	13.694874	14.084210	13.678430	12.980337	12.646197	13.597278	16.584194	3.700119	12.263694	10.967063	16.580557	15.889301	13.629676	16.479393	15.680678	14.395633	9.974472	10.493027	11.352470	11.496104	15.837711	16.699663	15.016591	8.329599	13.327101	16.807083	15.737792	15.223730	14.326475
9.590512	10.404038	12.957458	16.653720	16.065313	15.488002	13.321691	14.731997	15.988372	12.749824	11.876939	7.618097	16.170316	11.425413	15.283218	13.877429	16.828129	15.983091	16.190604	14.712417	11.728260	13.086458	15.377797	16.745554	11.062174	13.998969	14.884876	16.235608	15.597052	13.722310	8.455719	14.082167	11.816317	13.271511	15.974102	15.093759	11.627489	15.178157	16.733053	9.742083	10.199766	13.821089	12.729167	16.660011	16.763686	13.186319	14.082160	10.094344	14.114447	4.082937	14.915792	15.349117	16.351526	16.242501	10.821737	16.078984	4.542907	8.142727	15.336502	14.546882	7.368276
13.547980	13.596188	15.827988	12.155282	16.256526	12.192653	14.562107	12.267103	16.489065	15.082326	12.078436	5.754672	11.510194	15.125840	10.363788	9.218533	15.366467	14.360795	16.072754	14.714732	14.749650	16.406145	15.457038	15.571435	13.920132	14.553892	16.830224	10.188151	12.311223	5.102970	15.798971	13.412763	16.730471	13.850235	16.536266	13.390353	12.791757	13.989450	14.160205	7.346355	5.575213	13.261963	15.995607	16.547889	8.541955	15.889410	10.951346	8.045655	16.522739	12.372807	15.395650	14.390543	13.340624	9.570229	14.153434	11.515367	13.196276	13.640319	10.321862	13.214794	9.437627
16.716003	10.813345	12.116916	14.745887	15.202191	5.254032	16.014271	10.478389	13.650595	4.182691	16.796294	13.115280	16.330322	13.935916	4.555643	12.513872	11.012178	14.251537	14.525263	13.312826	9.518013	14.141668	12.432441	16.498154	13.847359	16.057337	12.815035	14.468177	14.428865	14.401329	14.941128	15.785565	16.820607	15.483413	14.572362	16.739039	13.703416	12.513693	11.977973	13.447231	9.735480	11.308126	11.216437	16.503484	14.723387	10.535627	14.528700	11.836803	15.781132	11.339457	13.915321	16.176782	11.541465	13.617461	15.276708	13.618641	16.136965	16.702164	16.729808	16.711222	10.841629
14.658808	6.390520	13.643229	11.574241	13.462349	14.962435	12.568313	4.418826	13.355541	14.829148	12.962999	5.297964	11.413568	8.194633	14.413747	13.316454	9.960595	16.398033	9.189681	14.845167	14.945498	13.992048	16.372934	13.740322	7.931760	10.797477	14.709779	14.804260	13.370231	5.672503	12.985285	16.493269	12.479954	8.214515	16.019057	16.657229	14.551680	16.137677	14.182538	9.238464	15.882915	16.286603	9.990397	5.406776	9.517573	12.650856	14.852882	15.024038	10.999032	15.769092	15.812551	14.273902	16.030674	10.546080	7.476785	14.972428	14.378090	16.545033	12.254404	16.732985	8.124691
13.640476	16.737712	8.486111	16.459997	16.427213	15.474128	16.777785	4.213175	16.578726	7.660280	13.695435	11.150073	7.144356	14.568625	5.903165	7.410739	16.086247	13.133346	16.655560	15.538371	13.305721	13.545884	10.203069	16.088974	13.171032	16.578794	15.991872	8.375314	16.741964	13.735943	16.167201	14.448974	11.153306	16.201976	15.771730	13.308038	7.895015	15.163348	16.641415	16.690026	15.001582	16.792121	13.351967	15.882688	11.818384	14.961435	16.454911	13.296488	15.177131	14.794592	16.059033	7.122327	8.937639	16.507094	16.677927	12.671760	13.768288	11.900992	15.963440	16.837669	5.556553
14.904639	12.945809	14.292435	16.291595	14.063703	13.669816	16.540472	11.096026	12.583588	14.618571	15.990885	16.443970	16.557812	8.348270	16.152499	13.679554	9.391343	15.473838	11.636888	13.258273	16.673753	16.516000	12.859854	10.603585	13.783326	15.447271	15.151582	15.929176	13.109961	16.193574	14.369750	10.557117	16.434937	10.437194	8.100591	16.006986	9.895675	16.430159	12.467083	11.685061	14.477643	16.330458	9.329634	15.471124	15.664498	10.032044	16.740779	12.226513	14.598172	16.495358	12.755117	7.351387	16.474931	16.181021	15.612265	11.191761	7.901654	13.998691	7.261371	15.604907	14.695480
16.651130	10.209004	10.984297	14.915011	12.881432	7.221709	15.289715	4.674783	14.253222	10.799923	13.870046	16.006272	15.628576	12.947916	16.602246	9.318564	6.692304	16.791939	11.443647	10.804885	16.529116	16.825201	12.358514	15.445197	15.150246	14.574002	8.766505	15.597816	15.032881	16.347951	15.568103	14.686089	13.105714	16.774546	13.822335	15.745888	16.787034	16.133993	12.579180	16.805527	11.783060	10.966196	16.100809	13.984308	11.660185	12.629854	15.755059	10.343165	13.800007	16.276593	12.250727	16.515514	12.594640	7.871564	13.520990	15.191733	13.669204	12.447487	15.595585	16.593560	9.428637
12.815731	15.297180	15.995509	8.846736	15.861168	10.705733	12.213846	14.703723	16.506637	12.234872	12.984225	13.069867	16.590529	13.013047	15.912928	11.610888	11.879193	11.889481	16.709263	15.973957	10.887433	16.738319	12.019659	16.042358	12.097627	12.162709	14.863888	15.282482	13.865720	5.963268	9.062611	12.953023	13.557510	14.325253	9.240068	15.338350	10.928007	16.559735	11.117134	9.636947	12.727980	15.132121	14.107046	11.870200	11.677338	16.405173	9.345776	16.004706	12.407611	8.674789	16.755339	16.001998	9.814103	14.926388	16.622573	9.734217	15.524156	14.957446	13.438780	9.877036	16.819457
8.808972	12.794229	16.390193	16.617593	14.687649	14.562080	10.982962	14.115478	16.351804	7.134061	15.782492	16.398428	11.050815	15.862371	11.801070	16.812528	16.025731	16.728544	7.993326	13.536485	16.767904	14.889178	16.128573	14.452430	16.070133	11.610419	14.591285	13.382948	10.232267	13.157053	6.816449	14.212536	12.581491	15.037329	13.948062	9.299258	14.122886	13.619992	13.154389	15.443605	14.040893	9.021665	11.474592	15.928645	10.173332	14.314095	12.684279	15.502781	15.025971	16.099048	8.054840	15.250089	15.116117	14.615158	13.428270	16.518430	7.255227	9.626694	16.735079	13.794894	16.350522
16.746832	11.935183	11.516875	9.748835	8.143495	16.833175	11.969447	15.527803	15.839551	12.030288	8.655028	16.514192	14.841529	13.565104	15.319749	16.220750	16.779599	15.670648	10.353290	15.242276	11.694629	13.645074	16.456111	16.433640	15.579108	14.197389	13.903401	10.820817	14.662751	15.044964	12.518922	14.829011	12.978505	16.776769	16.555021	16.681459	16.829705	7.123640	16.429394	14.298393	13.636660	14.704053	15.153345	8.940198	15.249897	11.100900	15.232518	14.318177	16.609384	13.201926	12.150381	16.065760	10.273579	11.456138	15.295770	12.829468	16.255881	15.085824	11.264779	14.983856	16.622132
9.867440	9.979534	8.588504	14.108167	16.329677	10.381784	15.958090	7.895151	13.840207	14.786670	16.161690	15.369214	14.889394	14.379088	14.840817	8.222195	8.684017	16.328537	11.920138	16.052041	9.244032	15.577757	16.096866	10.532227	6.861452	6.874733	11.180567	9.057882	7.539692	12.256521	15.701497	14.321668	14.068392	10.143481	14.510617	7.915428	13.627019	15.999767	16.692124	7.829963	11.532173	14.463636	12.068768	13.211770	13.916770	16.231783	16.680221	13.518294	8.598870	15.247837	14.703319	11.260924	15.097915	14.631890	16.447817	15.858697	11.938162	10.500070	7.214799	13.437793	13.607623
15.735772	14.858885	7.196641	16.808944	15.619570	10.810335	14.733700	15.655501	16.785406	12.438686	15.141281	8.139291	10.692441	8.649837	16.810598	15.940576	7.359326	14.236077	13.041425	9.794481	14.806597	9.265301	15.806173	16.353866	12.242586	12.474895	12.961775	7.683993	12.663872	13.416629	16.619890	16.508431	10.075964	16.575060	14.083505	16.437117	13.729923	6.903387	14.927410	15.627133	15.947773	14.674073	9.980846	14.045221	16.719667	14.494928	13.107091	14.114530	15.042165	16.404799	15.649066	10.636248	16.223833	9.931762	15.272351	11.208299	14.674263	16.763125	8.530404	15.707732	14.279049
6.065559	6.892672	16.521149	16.317968	9.755689	15.752082	12.251438	16.131280	13.010362	15.217087	15.521453	15.209371	14.746215	11.203560	10.971190	8.048461	16.503705	15.230343	12.430441	16.193775	16.826254	15.688087	16.472419	14.994550	11.931900	13.416709	16.072101	15.896904	16.202648	14.198039	4.877574	16.554840	16.415056	11.904183	9.816648	11.039065	15.957784	11.454066	12.376712	8.238633	10.615754	14.978785	7.491949	10.603228	6.516811	7.893592	14.730477	7.902445	7.756330	13.616860	14.367871	16.403668	15.825834	16.363938	13.296663	15.435376	10.396048	16.719027	13.094145	10.401729	14.094699
12.326335	15.576634	6.145749	14.367369	12.029999	16.233760	14.094847	12.610794	8.110125	11.793388	13.424331	16.656366	16.241754	4.791279	15.374689	10.856293	15.874536	11.128334	14.370957	13.795091	14.842692	9.538055	16.558937	15.880652	12.393433	16.137581	13.335311	9.677890	10.160778	16.145134	14.437077	16.744028	13.820433	13.182198	6.337769	8.262454	15.782089	15.656192	11.660521	13.008678	9.826021	16.631958	15.364070	8.470425	13.229300	16.723544	16.030768	10.777414	14.460711	16.683983	12.892762	13.562741	11.185467	13.923374	15.385820	11.954662	15.776487	15.122815	13.551510	16.479922	15.085450
13.566359	16.495042	9.009448	6.853842	9.876449	8.825698	13.812788	11.498728	16.180340	10.586203	15.933292	15.328710	16.539335	16.344465	11.711402	15.276084	12.730692	13.942579	14.628681	11.725924	12.351749	16.056297	11.903178	14.123243	15.122339	14.912921	14.827239	16.756721	15.714081	16.163355	11.734280	15.288203	15.733291	11.360159	13.037794	10.962577	8.573624	16.568009	6.268517	15.901833	16.797906	12.057288	11.531522	10.323593	7.517943	14.873854	16.602997	12.803847	7.232981	10.126106	10.094610	13.615475	7.304133	16.530902	14.814933	11.938703	6.953845	7.853234	15.818636	10.214380	16.434768
14.647313	12.921159	14.336917	15.259908	12.117465	16.542880	7.294973	13.629526	15.518469	13.480344	10.427569	15.841192	16.412890	8.259587	16.256230	4.199147	11.816211	15.837196	11.422022	14.928484	16.813852	7.838843	12.806231	7.230996	15.213908	11.130265	16.778472	7.559524	14.130380	13.975051	16.223170	9.468220	16.327577	15.973941	11.853723	14.135428	13.267066	13.931745	16.690093	15.452231	12.444190	16.689787	8.703303	10.426252	14.550977	15.714213	13.888591	13.377020	15.075490	10.578422	15.459478	15.205759	7.479822	16.801467	15.788632	16.838065	16.206155	15.966663	16.824329	14.619176	5.056463
16.651869	13.765346	10.576326	13.906755	15.963764	8.699684	14.673797	16.597039	16.685545	14.063272	10.519156	6.017108	16.497217	15.901255	14.884068	15.113720	8.493562	12.971802	13.058359	9.421132	16.683542	12.968782	15.685572	8.729738	9.245507	13.685871	11.541719	15.571906	13.410418	12.929027	10.815016	14.616670	16.166374	12.544578	12.914898	7.921543	14.349649	13.335258	16.387128	8.039785	14.564509	9.022730	16.793289	5.747313	10.833206	15.917582	12.545897	8.851075	6.718424	6.828572	14.883286	9.477565	15.163020	7.991738	13.543048	16.161922	15.741484	16.173334	14.786526	14.589428	11.140139
16.504254	14.264773	14.528034	15.972209	15.294641	15.778603	16.835788	16.294953	13.082490	15.168864	9.977936	5.680669	16.729453	15.623484	15.060715	12.063229	10.170367	9.933479	11.608380	13.561198	15.424423	13.713817	9.245874	15.844860	12.381936	16.419179	16.407297	15.754010	15.127374	13.808687	15.914023	13.923674	13.260566	15.389021	6.914819	12.592654	16.195243	11.238984	16.656107	13.010806	15.988965	11.019091	14.026015	10.778369	16.210739	7.850051	15.485658	11.854842	10.047902	16.518373	16.442621	16.673061	13.575825	8.169875	15.306130	12.888705	12.584211	13.253230	15.195216	12.168345	14.489875
15.604988	16.488995	14.089253	16.526903	12.590575	15.475823	7.976851	13.216732	16.606611	10.812559	4.494941	16.475866	16.012047	11.388941	16.067431	9.802112	16.023806	14.232172	14.355363	13.458856	7.602310	12.722521	14.344647	4.449000	15.455135	6.538915	16.763316	14.560352	16.168865	16.271173	14.851069	12.440990	14.177928	15.077219	15.313850	14.562425	15.581250	16.021654	7.272548	11.922515	15.242988	9.280145	8.643710	13.482003	15.821245	13.847157	16.025275	12.132167	11.510118	13.430879	10.627715	10.009736	15.848753	13.069600	11.098131	14.286771	4.398115	10.191197	5.489476	15.422945	16.229167
16.330028	13.374024	12.311214	15.107735	14.734575	16.695696	15.676771	16.514405	13.300863	8.197032	7.368333	15.510705	15.910137	16.223599	14.508982	8.711612	15.326757	13.715917	16.550405	16.302545	15.279496	11.326959	9.524845	14.797084	16.788620	13.020304	12.059366	15.604309	9.774080	10.288822	14.117579	12.331591	15.951252	15.853795	15.074054	16.127725	6.093939	11.787818	7.732380	15.859350	14.319291	14.710960	13.083918	15.165725	13.799825	14.254781	11.059961	8.043628	16.219177	13.655187	16.821621	16.821109	15.560032	14.046942	14.621689	15.865714	15.607741	12.846374	11.139366	16.816235	13.385023
