12.660421	16.591236	18.941330	24.196474	23.744024	21.441823	19.916014	18.021449	11.093234	25.270339	23.500740	22.737804	17.975231	10.431119	10.012591	17.715125	24.919383	22.712564	21.284017	25.477505	22.792532	24.890568	25.118645	20.939723	18.324725	21.158667	25.596507	24.320200	16.145521	25.405023	19.947726	12.478193	23.668495	19.376234	14.254851	21.338326	21.979120	20.529424	25.214075	7.688116	24.959493	24.183834	13.086169	25.058010	13.028896	23.736984	21.233562	24.724487	22.121254	20.879739	17.523578	23.581522	25.224039	25.350756	13.293954	25.596818	22.512263	23.279783	23.331811	23.005337	23.580411
17.277782	17.147610	24.158408	22.157878	25.542168	25.024139	24.737303	7.169338	22.038685	17.329386	25.494379	22.461393	15.663960	24.399747	8.017133	16.945603	16.251946	21.413266	20.821753	19.107404	22.718882	12.182968	17.610979	5.778686	16.439608	24.369200	23.070133	13.766196	18.474722	18.539488	22.776213	16.792141	24.765401	20.478554	22.259390	14.231414	10.279857	20.042918	25.547454	25.413125	23.721857	24.148297	22.798269	23.097097	22.025361	22.072585	21.706088	24.419202	24.557173	24.242246	13.016778	22.284025	22.871703	19.733491	24.270198	24.280607	24.111145	25.493286	21.327827	21.387013	17.788207
9.052977	21.626111	24.320310	25.393666	22.509386	22.435559	24.522614	20.475640	19.929218	15.223072	8.013843	12.979199	21.441127	23.860417	24.368648	23.369338	20.071609	25.424169	17.586406	25.637536	22.001199	20.711702	23.364647	25.159854	19.996166	16.996334	25.518802	24.755389	8.376591	21.170756	21.355305	14.773940	25.706727	24.140265	24.404819	21.208629	14.700248	17.560736	18.885345	18.943732	23.354885	15.403450	22.642032	24.067601	23.414413	16.716062	25.469646	22.284115	25.220852	15.932744	19.048774	18.861497	17.495078	22.547129	24.304962	19.272113	24.061194	25.688015	25.022470	20.318766	22.646640
18.339717	12.327539	19.850720	25.012952	20.547736	19.153652	9.831434	23.246060	25.608147	20.715209	20.100220	25.436910	19.073445	25.506978	24.763521	21.777030	25.346890	18.443555	21.030835	23.499226	22.333625	14.537894	23.329901	22.046870	22.037489	23.246842	24.313897	20.975308	23.166801	24.284637	16.631077	18.449686	18.621794	16.530704	22.912394	12.590635	14.077452	25.407673	19.615512	24.440751	22.462658	22.661042	17.112935	25.032805	22.019303	24.938225	23.365268	19.217207	23.986821	22.855973	12.912535	9.564447	12.846420	24.147621	24.057240	22.116119	16.744607	24.081896	18.069831	16.667029	25.674413
25.655324	22.217691	22.501329	23.794614	16.689244	25.072205	25.349792	25.467519	21.857449	17.141500	23.601560	22.471367	25.314341	22.803608	20.151214	23.778411	24.031258	22.618498	21.830747	24.704692	23.297951	12.659863	18.596472	10.274084	16.491793	22.139228	16.459474	14.914580	20.446220	23.337434	15.978977	13.972976	14.616750	25.602734	25.076798	24.938178	17.077536	21.596621	24.773507	17.826637	23.773476	18.063383	21.476405	22.567006	21.531161	19.801601	19.950522	10.341893	21.799695	21.623380	24.718577	21.795854	13.297826	15.218948	22.185829	24.097158	19.550049	17.980685	25.631146	22.112733	24.501724
18.077927	25.426968	22.173461	19.495638	24.798581	21.830481	23.735771	17.428278	23.427547	21.638331	14.694251	24.440513	11.626365	25.193385	23.665626	17.221358	15.442795	19.634149	19.765123	17.073290	9.800580	21.616237	24.354926	22.183167	8.935160	19.194436	25.360753	25.080381	24.210771	19.980710	21.603920	17.600171	21.375473	23.557984	22.253415	18.294292	19.212905	25.534918	21.601941	19.839220	14.029681	20.818497	25.195917	20.636048	20.381821	22.557884	20.725247	23.268379	20.470868	25.295866	24.371113	19.112909	24.622703	17.639281	25.161576	15.970064	23.847427	24.740170	22.762649	23.221851	15.969082
24.569217	19.034372	21.707107	22.497746	13.453379	12.054530	22.130308	24.798956	25.560408	14.157981	25.120519	25.487277	23.250855	16.571028	13.794904	18.035408	25.719091	19.874694	24.715798	23.664119	22.027401	22.159863	20.983143	20.402968	22.983084	25.046764	24.867372	24.448294	19.174407	25.018593	20.742388	24.992165	9.088672	23.442552	20.542527	21.762535	18.900326	15.748769	25.689276	6.453175	25.489861	24.895228	18.882831	24.517273	17.965730	21.085371	12.928405	21.504880	13.772400	25.718070	17.348577	24.379027	24.860069	25.262341	24.556475	21.947842	25.666934	24.606373	25.600825	25.292163	19.009292
25.719304	24.028454	21.063691	24.064435	20.245095	14.263359	20.145844	15.686760	22.830265	25.107651	25.094706	19.531151	21.787190	18.892382	21.509802	16.174642	19.248814	25.250862	22.893787	22.184001	14.887179	25.215413	22.940265	16.632360	20.783013	24.625025	17.792359	19.151484	21.364013	25.058278	25.105091	25.104474	24.100217	14.512090	21.679323	24.326244	25.625545	11.811204	24.382359	24.911813	20.142563	20.860084	25.543216	25.277299	25.281295	12.002665	20.281627	8.339660	15.888772	19.617713	24.619554	24.928712	18.374779	22.883115	22.602824	13.307095	11.523109	14.586142	23.870469	20.272983	25.168707
25.671171	23.743931	20.370647	25.308584	24.887585	12.691714	25.013322	21.158865	23.133100	25.494194	25.456624	14.486680	25.481661	22.020057	17.125868	22.595807	11.354915	23.916973	14.137131	20.756570	24.455815	21.296311	18.546417	20.045970	20.968901	23.157002	13.948557	18.649847	24.474346	23.578082	24.738193	14.457680	18.640734	23.836705	20.384081	22.332146	17.122228	17.612828	23.157790	20.944309	25.058594	24.980861	23.178192	8.932417	11.449233	25.635040	25.268111	21.565449	19.630385	24.668619	23.110141	23.767571	23.953850	25.223880	25.558644	17.818349	19.632453	25.201286	22.301570	20.246380	20.832861
24.855320	20.338181	19.176739	25.017776	15.839790	21.838935	24.962168	18.158308	23.645862	24.925244	6.259639	17.261883	22.817583	21.921144	24.195317	25.634799	19.396480	24.113856	21.213652	24.977576	24.644831	16.268931	25.616923	17.403526	25.214808	13.564766	24.020953	13.645192	22.934219	15.022865	21.164861	20.392646	15.711210	18.760204	25.678873	24.764325	24.998583	25.237558	12.369875	22.688198	25.566128	22.662071	24.338221	19.471791	19.244675	24.528526	22.647366	23.255773	23.268069	24.979453	14.614695	23.518355	23.852422	24.595472	20.769921	20.845193	11.758380	16.522287	24.270149	25.387827	25.310483
24.804877	22.763931	23.369320	25.430328	19.785658	21.582673	23.087290	11.653445	19.835561	21.500442	21.512387	19.506892	23.766248	18.778341	25.596023	12.198592	7.874759	15.183189	25.618418	24.525930	19.659338	22.307668	20.698314	20.038379	20.322993	18.426935	22.809788	25.256533	18.028403	25.170567	22.054374	25.371645	25.457543	22.507533	21.779256	11.998505	24.201196	18.071321	23.937845	20.873173	11.498143	17.682757	21.208067	15.547594	20.135532	21.383647	24.977309	25.310561	11.126932	24.813875	14.051290	20.838534	22.878687	17.757871	25.690533	23.109996	25.479964	13.594493	22.610873	25.519077	21.127144
12.114819	25.269873	24.495719	24.281937	23.583547	23.865107	19.989951	14.456536	16.431543	16.315939	20.742139	23.774541	14.524747	15.341406	25.408390	20.900418	17.008963	24.537254	13.610501	21.146918	16.020729	18.196389	25.715831	24.661634	19.337590	22.904646	21.356388	25.211374	20.117368	16.066934	24.315511	23.463437	23.115659	23.794813	18.513388	21.491911	20.059750	21.457655	24.090855	13.319382	23.625292	20.285117	17.234679	17.942523	23.933874	12.807551	12.194236	24.699415	24.839226	18.563337	22.887409	25.081848	25.661491	24.542330	18.952316	13.551063	22.254284	25.533970	19.176505	25.703737	24.955805
17.197099	25.131015	15.013042	14.569009	25.442772	21.927266	21.469776	18.874761	23.675001	17.743059	24.852746	22.981030	17.091855	23.745692	21.935386	16.335914	24.602020	24.048900	23.305339	20.990620	10.306483	12.932247	11.567593	24.951101	14.018302	25.576495	21.031532	23.646195	23.477305	20.028946	25.685058	15.631096	24.639461	21.296272	20.032547	6.440116	18.005474	19.278996	16.832724	24.063345	19.562044	8.290761	16.893758	13.947608	20.692168	23.115600	13.988987	20.426291	18.501678	25.115142	24.477467	22.176467	12.449288	23.441941	23.465190	22.802343	13.914883	22.952005	20.419455	15.563210	12.167268
24.125399	17.799895	25.686667	12.326906	23.985571	18.279557	9.475426	25.506540	23.298554	24.681939	16.763507	18.859019	13.185378	24.031292	24.144691	10.330567	22.073585	22.601437	23.713028	19.379767	23.629066	20.638816	25.344484	20.164073	23.117830	22.903690	24.692810	23.048891	13.044108	24.431998	25.161208	22.474066	20.242740	17.904692	25.226021	17.154837	16.917417	17.186574	22.715748	24.330505	25.451787	18.955008	11.747394	23.901714	13.546301	24.809072	13.139037	15.930899	19.031735	24.243576	15.421354	24.674712	24.795476	20.353824	25.407094	18.164262	25.096800	16.652288	18.588272	25.479413	19.970143
22.169361	20.297713	23.573320	20.440353	11.574269	23.937282	23.173430	23.209875	15.522276	11.563619	24.971476	25.027412	21.386823	10.631135	11.345829	10.638295	24.867225	16.728513	11.458808	25.527140	18.299313	19.861501	21.480140	23.746110	16.349972	18.689075	24.718868	21.632810	23.635854	20.705308	7.951832	23.354628	22.524880	24.918747	20.359412	23.648030	18.137208	25.683261	25.222214	25.657056	23.064852	25.556734	18.542779	17.639828	22.903848	22.300843	23.272070	25.446013	24.504516	17.830742	20.624692	20.298366	22.421362	20.163809	23.939283	21.970550	15.435600	25.646085	25.144095	14.683052	8.951076
19.859791	25.189506	23.701405	24.969917	25.525718	17.038609	18.960333	21.747060	22.450098	24.907476	23.258569	19.261158	22.609885	15.471227	19.500597	16.852641	25.687145	24.734245	25.521718	19.571791	17.953199	25.579347	19.311491	22.984781	13.716690	24.151970	13.770796	20.214849	25.072243	20.531198	23.962488	25.159942	24.649342	23.638206	15.809972	14.051351	24.969122	23.702861	14.899706	14.028392	23.356656	19.505991	9.915632	24.468093	24.856677	23.609250	23.369504	19.424311	19.959888	21.062922	25.691068	8.099413	24.545957	24.887822	21.379988	21.801425	24.892832	14.281771	9.846439	23.359635	25.447834
22.438876	21.027360	20.833803	20.900268	20.677610	16.216185	19.738040	22.888676	24.659738	10.585610	20.250579	12.974653	21.897600	11.416380	22.154210	18.678290	15.361838	24.411798	22.041915	14.825195	24.466284	16.836845	24.606429	22.131718	20.508893	22.101530	23.293026	18.688858	23.767874	25.049668	23.092392	21.366370	18.034735	18.781097	25.625379	16.282455	18.904332	25.699680	24.362454	18.467391	24.258163	21.523101	16.798280	20.636716	13.498533	24.628860	21.377250	12.158175	23.308999	20.488948	22.140980	12.663751	6.259317	18.996833	22.259134	12.513180	25.536449	16.121421	21.483134	21.116358	9.481773
25.573965	17.597494	18.922133	15.028090	23.018363	12.075256	20.658656	24.052598	11.846120	14.690829	16.638105	19.533750	22.023570	18.371834	21.191098	24.773699	8.011833	25.132845	16.957526	20.491686	18.647575	21.968565	25.379720	25.555979	23.168273	19.969994	17.667059	19.146733	20.962088	18.088770	20.635574	23.857490	18.662852	25.409909	23.436518	21.877149	13.509853	16.831844	15.901041	12.098705	17.696257	6.476276	16.494068	23.286554	19.587021	20.828848	17.778483	13.119588	16.546523	17.637733	23.915224	25.402998	15.474986	24.204533	25.365132	15.259996	20.585076	21.258433	17.631890	22.893029	22.677338
20.073472	23.652915	19.258215	22.574593	25.688023	16.091162	25.608927	25.587857	18.330814	25.428173	13.415476	22.317480	18.056678	19.292595	23.837542	14.432073	20.296964	20.279848	23.036915	23.401797	21.209087	13.246712	24.144690	21.723725	22.246746	24.547676	23.382890	19.539616	21.543136	22.945303	24.240175	24.159072	25.520144	25.618909	24.945235	24.118386	7.954172	24.456980	24.060368	25.134532	16.651812	21.977425	23.853947	24.534787	13.243714	25.350246	19.073280	22.954133	21.176055	20.939068	18.337756	23.833938	18.211083	25.334037	25.241078	24.952215	25.513133	25.081625	10.370962	24.541370	16.461463
24.061570	22.430704	21.092192	25.690182	16.671236	24.469687	25.419955	20.673790	21.794829	25.261396	18.291832	19.433680	18.230180	25.383395	23.476697	9.026779	23.621206	12.044645	22.278565	8.574844	19.895667	16.258029	21.637738	24.746881	24.821377	20.859216	25.417373	23.531069	10.727333	10.978285	23.470266	24.453043	14.444721	22.448655	15.652924	17.436945	25.071676	12.917826	23.149590	18.517170	25.477028	10.949668	20.383528	21.280137	18.832746	24.815036	21.791941	24.329361	16.829607	25.658926	18.485837	12.444880	6.808832	24.247816	7.402387	25.626793	25.586270	20.922789	8.549518	13.405318	20.190048
16.740262	24.526709	25.314288	21.739534	25.347219	23.518896	23.198619	21.372738	20.051917	12.084242	24.697572	24.457849	22.875686	18.161309	14.717742	25.545183	18.158496	25.058950	25.034897	23.766630	6.402539	22.631593	23.216168	21.047189	20.429595	23.545727	12.108463	17.992818	22.196112	23.139257	23.488717	16.865359	24.545185	25.301640	16.710049	23.685986	15.239832	15.167307	11.294787	17.148466	14.512263	18.394182	16.963675	12.084905	25.521324	22.585020	17.840522	24.623231	22.650449	13.535015	25.535297	16.294359	18.810906	25.121184	25.001908	23.353254	25.406934	18.531298	21.956148	24.186512	25.625002
16.678287	18.403010	22.709812	25.101448	25.243793	23.616591	15.921948	23.118451	22.494156	25.049780	20.989207	24.065403	15.822696	25.496954	23.278927	15.108685	10.452718	20.288985	24.383259	18.189211	22.935623	20.282697	24.033108	14.855595	18.480097	24.676852	23.560891	25.245461	14.044261	14.908462	14.391535	25.658089	23.372712	25.306523	22.970638	11.794613	18.597718	22.692466	12.155919	14.050005	25.126551	23.507956	25.713202	11.354522	24.824852	24.478709	21.497734	24.317379	14.149991	16.622096	19.451960	18.982898	24.476129	8.996074	10.879418	23.998283	24.471782	23.514657	11.896881	15.612909	22.186121
22.833233	19.082570	24.332207	24.412496	21.364844	25.242655	24.552837	25.151625	25.317236	22.611933	24.313371	16.975582	15.884116	24.267214	23.940085	20.295191	21.460763	23.105868	19.763880	23.840211	25.085678	18.731080	18.788092	16.016799	24.827076	17.656445	11.042333	23.698734	16.865185	22.199229	16.714969	18.371874	18.240357	25.209991	10.441922	20.987708	18.819972	21.063385	21.732156	25.329887	23.465408	25.716749	10.777615	20.890717	11.348967	22.865895	18.811742	25.706743	19.680975	11.579170	24.028518	23.383517	24.868210	10.497177	18.469971	19.574875	25.680591	23.175119	25.601341	23.701297	23.581172
18.927251	11.236055	12.921329	24.471947	19.336308	21.089670	20.850128	16.169804	22.192486	9.108909	16.866467	18.621427	18.531292	14.509270	8.558196	19.342621	22.664148	21.887903	25.534837	9.615689	24.552790	23.516504	22.774837	25.288389	24.954699	21.775003	24.314980	20.522371	20.267018	23.723471	21.089468	19.059395	25.651149	19.453043	24.994755	11.636933	21.197662	20.260274	22.175518	22.631686	12.104112	24.478645	19.533092	21.081185	15.732736	19.125303	18.851104	9.555735	21.174533	24.083649	12.257444	22.669038	25.673634	22.597369	23.533162	18.035546	24.450048	25.716788	16.130382	23.489888	21.667148
25.272361	18.721617	25.491342	19.293464	25.716179	14.716945	25.467573	24.067630	23.739764	22.337133	12.373249	23.794113	24.307678	24.678047	23.879450	16.147043	23.263365	25.658104	17.884007	21.864197	24.990482	24.099630	25.579090	22.959449	24.807068	24.202921	24.368699	25.377950	21.676673	22.729660	20.623968	9.874642	14.222280	20.721874	14.992015	25.348993	21.250863	22.944004	21.038226	21.946642	21.223303	21.948300	19.991906	23.868695	18.324263	20.301085	17.225875	13.717658	24.888314	24.398485	22.797377	19.522997	25.081971	21.971808	19.868075	24.601613	10.323610	23.934109	23.118646	24.936681	24.091766
8.497648	20.666169	17.794651	19.275969	14.722536	25.190596	24.416833	19.483949	24.154955	21.928029	25.704501	9.745467	18.970511	18.236081	12.593183	18.607434	18.916577	23.061014	25.521672	25.266119	15.907274	23.525665	24.886238	23.512509	24.763764	25.316152	22.021663	24.999885	25.698731	17.072082	25.711972	23.307291	24.370247	25.119768	22.156150	20.735185	18.979984	21.524931	21.561108	23.655443	23.652035	23.662238	12.341984	17.960876	24.255507	17.455523	23.898575	22.274341	25.028165	22.788679	21.449395	21.186176	25.652844	17.417967	25.578116	20.312840	21.822167	24.585508	18.857098	18.934372	24.307667
24.669145	24.781592	25.016006	18.121110	23.122621	25.500688	19.465840	17.076330	22.692686	16.601360	21.607006	24.594213	23.007973	7.562233	25.527702	25.432578	22.020400	14.642307	23.358363	15.259238	24.724015	21.800011	25.375170	13.215838	19.785662	25.654186	20.947530	19.921993	25.467582	25.367424	24.730936	18.177626	24.607707	21.174292	25.327097	25.667611	20.704421	22.018586	21.722386	15.773718	21.577200	25.495561	22.984708	9.828165	16.572472	17.443180	15.127214	22.795349	15.962470	18.065042	19.124904	23.195460	20.312259	18.385539	18.336552	25.437696	25.576159	21.491897	24.807938	12.740833	24.760462
17.285406	23.236204	12.507795	15.197528	23.852751	25.713635	23.959332	15.497990	10.714468	22.634913	14.745727	24.704319	19.444315	18.891634	21.526568	20.625061	15.595486	24.960919	21.776750	25.551435	13.854636	21.636708	24.129614	18.248843	20.310986	20.722314	20.387823	6.973688	13.279187	20.659313	12.737315	24.160411	17.333598	23.263671	20.478354	18.803056	23.883265	22.896995	22.649557	23.181086	25.669731	16.994088	19.368226	18.909326	7.861644	20.027637	17.906689	18.721048	25.701082	25.343646	25.103213	25.073710	14.833312	19.689966	11.054978	16.525085	20.324374	17.014891	18.618690	25.165662	12.025525
18.876780	19.971939	24.654203	25.495348	24.168509	9.242591	23.116549	22.417035	22.558110	22.055487	22.131330	23.192680	12.042220	24.861443	25.204070	14.424022	18.509851	24.748866	24.899029	21.869659	22.671948	21.969874	11.751241	22.475812	19.451789	22.328553	17.712515	12.028724	24.047080	23.933206	23.072828	25.023925	22.993932	22.917050	19.471779	15.403818	17.320873	21.810004	15.790082	13.962139	25.610287	24.882597	12.121035	21.128090	24.714854	18.662323	20.350162	17.699305	21.574179	19.671803	22.376902	25.196671	23.578501	25.668550	21.265961	24.193280	14.701333	13.923678	21.749390	21.721758	23.493283
25.643376	17.016737	23.522355	24.460174	25.709689	25.141348	22.911756	25.342405	21.627197	15.393896	16.387488	24.479663	22.618008	22.300962	24.653460	24.119235	12.779825	10.902897	21.650074	14.878050	24.554607	25.357799	10.328953	23.159563	16.418416	14.802199	16.467243	20.375589	22.799665	23.252498	22.812078	25.180509	22.491897	17.474960	25.503800	24.448984	25.580047	16.275986	23.050452	25.118394	19.446794	25.501036	25.554939	15.575595	13.118328	19.055489	16.554314	23.610200	22.346156	17.859549	8.322045	23.465652	22.344184	20.206358	15.113238	20.650230	18.293783	23.633554	25.297820	22.605330	23.890797
13.295214	23.479875	15.049816	16.776252	21.869187	23.935604	20.457640	15.754315	24.766327	19.772254	25.042423	24.951881	24.482112	23.655626	25.138155	10.756297	23.695602	24.235426	25.006279	17.558991	24.060289	24.084813	19.167876	12.424125	24.852807	21.941100	25.019637	12.277464	18.641762	21.833300	22.568288	25.544578	17.399360	18.360419	25.338500	19.932655	16.595795	22.979596	24.700075	24.329725	25.382121	15.163713	23.724038	23.016933	24.234574	24.665495	25.059726	24.472406	24.468612	18.521906	23.500031	21.175198	17.224385	24.244485	18.332561	25.011682	20.999813	25.100741	21.239087	24.765734	16.054101
25.614191	22.371049	25.499637	22.675023	21.288334	24.931080	22.050691	13.255729	19.758986	25.702951	24.486447	25.361390	20.929028	23.285410	12.737314	25.022835	23.125321	11.956687	16.152816	20.016799	11.140020	14.706490	18.625032	12.595258	24.608461	15.467829	19.962914	23.841512	16.234412	21.605202	24.830132	17.534160	24.729816	23.636034	19.564047	24.848888	11.601234	11.548016	18.970841	19.547194	19.875468	21.709643	24.653866	18.557091	25.575577	15.470393	19.404871	25.309412	8.702320	20.012207	24.595594	21.871850	17.273216	22.250746	9.729244	16.393644	25.250258	24.705252	22.697390	25.713128	25.519637
24.380358	9.797288	23.736871	18.820184	24.498981	10.389941	25.488173	23.522489	22.914428	20.415556	15.183803	25.622863	13.942284	25.297814	19.710792	23.581806	24.396084	24.469280	18.996519	24.375701	24.973429	15.491502	15.131994	25.573327	24.988160	24.848058	16.235946	24.785967	25.408744	24.136533	24.933576	22.488365	24.976544	24.070460	25.464441	19.956020	21.279663	12.709586	24.426753	25.113929	23.672549	21.742080	18.916514	16.445867	10.817877	24.869899	17.165794	19.479943	22.943267	25.252079	19.362576	19.194079	24.935371	16.158154	25.685991	21.123463	25.304225	16.368463	24.760816	14.774140	16.520020
22.343905	17.991334	21.079064	14.923418	23.845293	16.518218	12.503266	20.126717	23.386123	21.532682	16.799159	21.095136	21.045955	25.241134	22.275819	19.497734	22.873543	14.205496	25.094938	14.397395	22.714919	23.707766	23.633281	23.142764	8.518930	20.500150	15.318401	25.091562	21.358957	23.378235	22.972978	23.545013	20.906958	25.555396	22.978734	25.708401	25.363494	19.727816	17.644996	19.707168	21.395877	21.951463	23.305705	18.789869	24.866000	14.151942	25.388857	24.274411	25.110587	24.808922	21.411724	22.089053	22.162830	7.292633	24.576797	20.783659	22.114224	19.411782	24.138600	23.026253	22.718375
23.704590	21.236434	25.375856	22.810061	9.305860	20.585374	16.809616	25.224590	19.445413	18.417084	24.862714	20.865249	24.871146	23.828408	22.577560	23.502543	25.678459	23.120699	22.213370	25.305935	24.225980	11.346198	25.280018	19.026278	25.707748	25.511914	21.012419	17.271203	14.758557	25.244123	24.965486	23.035483	18.445105	21.197106	15.804484	22.370192	24.978686	25.457042	21.356414	24.118273	14.687120	20.318241	25.579190	22.850770	19.971668	19.618975	23.332322	22.616593	25.450955	25.147982	22.008839	19.614781	24.713752	19.989567	23.773320	25.573575	14.290580	7.066817	19.232090	9.097747	20.390766
21.779560	25.364816	13.686727	19.202116	21.924831	20.650787	22.719583	6.701939	24.435540	13.977981	22.271778	10.227510	16.565479	12.839359	21.891579	13.793222	25.704550	21.613336	10.224973	18.386168	25.704925	16.044098	22.178785	23.662859	24.475709	15.395897	12.458357	13.359643	22.120709	24.150114	25.691946	24.595018	11.678165	24.009291	20.610605	20.827507	12.978799	15.352451	21.075371	25.569138	14.679062	20.782636	8.536005	9.294367	25.369852	15.089339	18.441094	21.672318	16.428140	24.870049	25.561928	22.259750	18.597380	11.236067	17.835876	24.434418	25.270788	23.547363	20.436627	25.687945	19.917050
12.716110	19.990546	14.925250	25.710089	25.439801	22.708246	22.286402	21.262337	25.108656	9.870881	17.616778	20.304434	11.987194	21.598971	23.550454	23.526878	20.727733	14.203033	21.422628	21.593378	20.052780	25.532703	23.721430	25.236224	19.193757	19.058759	23.073559	20.809443	25.456089	16.580950	20.364875	22.993177	22.143849	11.196959	23.553535	24.775499	14.872655	25.676675	17.535222	19.518611	21.098766	22.900385	24.897668	24.985063	25.650892	23.285350	23.837340	23.307380	18.660441	15.675168	25.096538	25.052673	25.459773	17.586609	10.811646	25.439232	23.445471	21.555880	25.674836	24.339719	22.919589
24.687641	17.900626	25.345518	11.408069	20.405051	18.733752	12.557686	25.284318	18.678349	19.582394	25.449330	18.269664	11.946314	22.352535	16.733292	13.202364	23.242032	15.012296	24.283257	24.082639	24.717103	25.644174	25.207626	13.413111	23.708457	18.447718	24.570269	7.787049	24.818709	18.718334	18.800094	22.711372	25.328267	19.435490	16.305436	21.480201	25.532281	19.409625	17.983708	25.359861	14.030335	20.714671	19.644535	20.852911	24.231822	17.072746	17.046311	22.853224	22.838675	24.184035	25.322299	24.791647	19.397730	22.046261	20.124166	17.140610	23.113392	25.174690	17.315053	22.672089	23.811001
24.303700	21.402817	13.692427	25.067552	13.722376	21.584555	19.258952	19.197399	14.415731	16.816505	20.795266	17.334706	18.704413	23.140109	18.327482	17.323073	23.122218	25.540888	23.272447	15.593783	21.597147	24.572481	19.112876	21.167571	12.124192	25.677257	25.483109	24.996885	23.280314	19.743299	20.938241	21.636637	25.235228	21.181810	25.048789	20.685556	23.210458	16.838507	20.613907	25.471806	8.509037	21.006855	19.692702	16.187341	22.619446	24.649366	21.965228	23.735475	25.387657	19.250077	18.654796	24.252576	20.712035	25.429918	15.983374	9.254166	19.396513	23.389765	18.556700	25.646442	24.831371
14.287326	13.104481	21.899748	22.244959	14.052758	25.704999	18.990699	25.493110	21.603376	17.945785	11.965089	15.271236	22.335263	15.718715	17.610499	22.255480	24.191540	23.693695	25.446208	18.218641	11.312829	25.639918	21.141544	13.443039	25.661665	23.408334	14.357554	9.114877	20.001442	24.072683	25.388595	25.019164	24.126402	11.659322	20.620903	24.003522	19.904699	14.018126	23.734162	19.893954	20.132670	18.654098	19.367915	17.502308	24.956703	19.221626	17.742057	14.071532	17.849500	22.966928	18.624150	20.316777	20.455577	15.145608	19.344374	20.341528	24.710261	22.648571	23.978771	25.295172	25.654612
23.948851	18.336846	25.263029	13.418078	18.913631	23.645747	20.596830	22.734788	23.785814	22.623860	25.500667	18.921838	21.894934	15.639664	24.340630	22.396710	24.099679	23.371252	24.301117	25.277199	20.650893	20.008236	10.498727	19.119750	22.727046	10.970519	24.411227	22.925334	12.558776	21.115540	10.235556	15.340715	20.914752	21.509595	20.889629	19.823054	19.312541	20.765641	25.329170	5.644370	18.728138	16.747095	25.323613	24.267484	20.815140	25.169050	23.948741	21.985399	15.230574	16.022843	17.335934	17.555383	24.188664	25.505588	22.934124	12.717472	20.352854	25.669709	24.036003	23.250599	21.879736
14.643945	15.886882	19.788098	25.435394	24.536402	23.654363	20.344588	22.499309	24.418850	19.470867	18.137238	11.630411	24.696830	17.447379	23.341486	21.193666	25.701864	24.410781	24.727827	22.469395	17.910082	19.985190	23.485988	25.575701	16.892408	21.379361	22.732883	24.796586	23.820974	20.956670	12.910164	21.506473	18.044617	20.267921	24.397047	23.052024	17.756119	23.180970	25.556602	14.875521	15.574787	21.107588	19.439306	25.445005	25.603404	20.137761	21.506462	15.413719	21.555792	6.229253	22.780119	23.442169	24.973689	24.807117	16.525059	24.557289	6.932014	12.431961	23.422897	22.216483	11.248724
20.690321	20.763975	24.173807	18.562503	24.828545	18.619599	22.239745	18.733346	25.183827	23.034556	18.445094	8.783397	17.576911	23.101038	15.825386	14.075621	23.468677	21.932173	24.547772	22.472931	22.526281	25.057139	23.607056	23.781837	21.258909	22.227194	25.705063	15.557041	18.800755	7.787701	24.129475	20.483732	25.552658	21.152118	25.255944	20.449492	19.534933	21.364816	21.625704	11.215233	8.509212	20.253333	24.429903	25.273702	13.041918	24.267652	16.723081	12.283652	25.235276	18.894845	23.513266	21.977622	20.373514	14.612956	21.615357	17.584815	20.152974	20.831400	15.761331	20.181266	14.410362
25.530552	16.512237	18.503886	22.520532	23.217691	8.018499	24.458419	16.000479	20.847100	6.381662	25.653224	20.029225	24.941294	21.283025	6.951472	19.110370	16.816022	21.765243	22.183453	20.331043	14.533178	21.597382	18.985957	25.197715	21.147725	24.524217	19.570500	22.096235	22.036172	21.994102	22.818827	24.108993	25.690370	23.647353	22.255413	25.565747	20.927803	19.110096	18.291602	20.536393	14.865433	17.268183	17.128098	25.205858	22.486155	16.087928	22.188705	18.075917	24.102219	17.316052	21.251560	24.706709	17.624688	20.796478	23.331540	20.798279	24.645875	25.509409	25.551644	25.523248	16.555451
22.387489	9.754870	20.835847	17.674764	20.559490	22.851381	19.193547	6.742437	20.396305	22.647740	19.796565	8.085620	17.429282	12.511266	22.013074	20.336586	15.209373	25.044745	14.031540	22.672215	22.825504	21.368786	25.006399	20.984190	12.109637	16.487994	22.465363	22.609716	20.418749	8.657855	19.830613	25.190250	19.058548	12.541643	24.465731	25.440755	22.223814	24.646963	21.659824	14.106071	24.257728	24.874498	15.254905	8.251867	14.532506	19.319660	22.684002	22.945502	16.795938	24.083824	24.150223	21.799414	24.483480	16.103900	11.414509	22.866650	21.958597	25.269337	18.713945	25.556498	12.404405
20.831640	25.563720	12.956598	25.139416	25.089327	23.633166	25.624945	6.428236	25.320815	11.694860	20.915610	17.026704	10.906610	22.249703	9.010270	11.313601	24.568386	20.056827	25.438205	23.731320	20.320188	20.687120	15.579834	24.572552	20.114405	25.320920	24.424197	12.787317	25.570217	20.977499	24.692071	22.066896	17.031644	24.745202	24.087854	20.323729	12.053497	23.158344	25.416594	25.490863	22.911192	25.646849	20.390846	24.257381	18.047775	22.849854	25.131645	20.306082	23.179403	22.594945	24.526808	10.872953	13.646459	25.211373	25.472379	19.351597	21.026917	18.173987	24.380756	25.716438	8.480702
22.763079	19.770301	21.827729	24.882125	21.478263	20.876467	25.262369	16.944128	19.216886	22.326012	24.422689	25.114929	25.288862	12.745998	24.669608	20.891345	14.339647	23.632724	17.770479	20.247695	25.466002	25.224980	19.638975	16.191758	21.049893	23.592134	23.140368	24.328407	20.021099	24.732364	21.945853	16.120762	25.101129	15.937540	12.367585	24.447288	15.110185	25.093829	19.038885	17.844079	22.110697	24.941501	14.245365	23.628577	23.924021	15.318535	25.568406	18.671332	22.294846	25.193443	19.478955	11.222921	25.162233	24.713185	23.844218	17.090397	12.063641	21.378935	11.085391	23.832976	22.443518
25.431436	15.588902	16.773424	22.778925	19.671943	11.024793	23.351414	7.133500	21.767817	16.491731	21.182387	24.446197	23.869138	19.773521	25.356750	14.228452	10.215947	25.646570	17.475239	16.499313	25.245019	25.697389	18.873007	23.588964	23.138327	22.257919	13.384994	23.822142	22.959012	24.968229	23.776745	22.429170	20.014610	25.619997	21.109492	24.048372	25.639076	24.641334	19.210150	25.667330	17.993807	16.745770	24.590634	21.356960	17.806073	19.287573	24.062385	15.793878	21.075379	24.859204	18.708327	25.224237	19.233770	12.017668	20.649084	23.201712	20.875532	19.008945	23.818733	25.343480	14.396625
19.571562	23.362818	24.429753	13.507574	24.224501	16.347824	18.651978	22.456111	25.210675	18.684103	19.828993	19.959842	25.338849	19.873029	24.303582	17.730755	18.140682	18.156401	25.520255	24.396825	16.625433	25.564647	18.355292	24.501331	18.474414	18.573849	22.700818	23.340362	21.175777	9.102098	13.837397	19.781322	20.704881	21.877870	14.108523	23.425719	16.687423	25.291800	16.976378	14.714890	19.437493	23.110634	21.544485	18.126942	17.832281	25.055654	14.270028	24.443805	18.948021	13.244866	25.590652	24.439667	14.985556	22.796307	25.387807	14.863503	23.709602	22.843760	20.523482	15.081708	25.688614
13.449877	19.538710	25.032767	25.380198	22.431553	22.239703	16.771386	21.557368	24.974114	10.890882	24.104298	25.045349	16.875053	24.226340	18.021323	25.678027	24.475928	25.549714	12.203701	20.672759	25.609848	22.739457	24.633054	22.072175	24.543767	17.730039	22.284323	20.438178	15.624444	20.093047	10.405621	21.705656	19.213681	22.965808	21.301583	14.198955	21.568686	20.800344	20.088978	23.586532	21.443414	13.774838	17.522516	24.327595	15.534401	21.860822	19.370725	23.676944	22.948454	24.587944	12.297684	23.290871	23.086183	22.320799	20.507423	25.228693	11.076004	14.699226	25.559698	21.067566	24.972156
25.577655	18.226225	17.587119	14.885837	12.433135	25.709573	18.278576	23.715173	24.191474	18.371531	13.214676	25.222217	22.666657	20.716484	23.397300	24.773886	25.627716	23.933418	15.809348	23.278935	17.858698	20.838666	25.133479	25.099148	23.793559	21.682515	21.233348	16.523653	22.393513	22.977473	19.118085	22.647531	19.820255	25.623393	25.284597	25.477775	25.704271	10.874960	25.092659	21.836833	20.825811	22.456616	23.143061	13.650369	23.290578	16.951575	23.264026	21.867059	25.367655	20.161606	18.555015	24.537085	15.687562	17.494323	23.360665	19.592551	24.827560	23.039901	17.201956	22.884110	25.387132
15.067047	15.238308	13.113038	21.546198	24.940308	15.852882	24.372583	12.053706	21.136798	22.582841	24.683651	23.472874	22.739787	21.960122	22.665569	12.553376	13.258965	24.938567	18.203240	24.516126	14.114579	23.791496	24.584610	16.082734	10.474379	10.494670	17.073294	13.830171	11.510620	18.717179	23.980550	21.872392	21.485427	15.488793	22.161077	12.084685	20.811080	24.436258	25.494069	11.954108	17.610491	22.089296	18.430323	20.176647	21.253773	24.790742	25.475884	20.644966	13.128875	23.287430	22.455494	17.196066	23.058373	22.346361	25.120807	24.220727	18.230778	16.033604	11.014236	20.521973	20.781446
24.032917	22.693175	10.986494	25.672551	23.855379	16.507639	22.501911	23.910275	25.636588	18.995498	23.124630	12.426712	16.327516	13.206744	25.675078	24.345825	11.235051	21.741623	19.916387	14.955577	22.613287	14.147075	24.140479	24.977265	18.695889	19.050819	19.794695	11.731089	19.339546	20.489638	25.383707	25.213416	15.385638	25.315214	21.508517	25.104460	20.968301	10.538449	22.797869	23.866934	24.356820	22.410811	15.240313	21.450026	25.536150	22.137105	20.016713	21.555919	22.973196	25.055083	23.900444	16.241662	24.778596	15.165319	23.324883	17.115664	22.411101	25.602547	13.024269	23.990076	21.807278
9.258381	10.522078	25.232847	24.922419	14.896309	24.057836	18.709413	24.637189	19.868927	23.240449	23.705472	23.228661	22.521032	17.108423	16.753400	12.287938	25.206195	23.260702	18.982901	24.732672	25.698998	23.960062	25.158395	22.900448	18.221210	20.489760	24.546774	24.279101	24.746228	21.683507	7.443331	25.284322	25.070753	18.178863	14.989445	16.857101	24.372116	17.491157	18.900812	12.578491	16.210350	22.876362	11.437677	16.191212	9.947822	12.051324	22.496988	12.064849	11.841609	20.795560	21.942983	25.053355	24.170517	24.992653	20.306349	23.573959	15.874674	25.535173	19.996935	15.883355	21.525620
18.823844	23.789779	9.380899	21.942217	18.371090	24.793762	21.525847	19.258452	12.382151	18.009587	20.501405	25.439437	24.805976	7.311486	23.481239	16.577855	24.244926	16.993491	21.947699	21.067868	22.668434	14.563800	25.290581	24.254270	18.926358	24.646816	20.365398	14.777445	15.515220	24.658356	22.048719	25.573370	21.106586	20.131465	9.674275	12.614885	24.103682	23.911331	17.806587	19.866354	15.003765	25.402145	23.465015	12.932632	20.203430	25.542074	24.483623	16.457341	22.084827	25.481631	19.689253	20.712874	17.080780	21.263864	23.498246	18.255987	24.095122	23.096417	20.695715	25.169859	23.039328
20.718402	25.192960	13.756172	10.462751	15.080810	13.475432	21.094905	17.559393	24.712145	16.165200	24.334696	23.410990	25.260633	24.962901	17.884325	23.330587	19.441636	21.293206	22.341459	17.906512	18.862672	24.522628	18.177327	21.569231	23.095689	22.775733	22.644824	25.592763	23.999777	24.686195	17.919279	23.349103	24.029127	17.347682	19.910839	16.740240	13.090303	25.304441	9.568469	24.286631	25.655688	18.412783	17.609497	15.763976	11.477392	22.716044	25.357897	19.553405	11.042015	15.462246	15.414126	20.793443	11.150724	25.247748	22.626023	18.231604	10.615540	11.989662	24.159520	15.597115	25.100870
22.369926	19.732640	21.895690	23.305872	18.504723	25.266049	11.136729	20.814911	23.700913	20.586985	15.922834	24.193981	25.067445	12.610505	24.828093	6.406804	18.044457	24.187876	17.442198	22.799511	25.680050	11.967675	19.557048	11.038983	23.235592	16.996440	25.625995	11.540921	21.580135	21.342817	24.777583	14.457102	24.937099	24.396801	18.101768	21.587848	20.261130	21.276652	25.490966	23.599711	19.003907	25.490498	13.288432	15.920821	22.222740	23.999979	21.210720	20.429122	23.024112	16.153313	23.610784	23.223141	11.419150	25.661127	24.113679	25.717043	24.751587	24.385681	25.696058	22.326936	7.716645
25.432567	21.022421	16.150110	21.238472	24.381253	13.282902	22.410389	25.348795	25.484018	21.477605	16.062764	9.184357	25.196283	24.285748	22.731650	23.082521	12.967981	19.810014	19.942260	14.385159	25.480957	19.805400	23.956220	13.328821	14.116832	20.900996	17.625076	23.782555	20.480149	19.744661	16.514791	22.323108	24.690808	19.157285	19.723074	12.094028	21.915143	20.365316	25.028085	12.274683	22.243415	13.776465	25.648634	8.772153	16.542582	24.310693	19.159298	13.514203	10.255855	10.424144	22.730455	14.471381	23.157844	12.201275	20.682786	24.684005	24.041643	24.701442	22.582621	22.281486	17.011526
25.207033	21.785467	22.187687	24.394155	23.358939	24.098356	25.713565	24.887256	19.979128	23.166772	15.235867	8.670331	25.551101	23.861359	23.001538	18.421859	15.529871	15.167943	17.726924	20.710517	23.557226	20.943694	14.117393	24.199586	18.908793	25.077053	25.058900	24.060781	23.103381	21.088640	24.305255	21.264322	20.251199	23.503137	10.555914	19.230736	24.734914	17.162545	25.439042	19.869606	24.419755	16.826584	21.420682	16.458800	24.758590	11.984799	23.650783	18.103478	15.342763	25.228605	25.112869	25.464944	20.732864	12.473440	23.376493	19.683054	19.217837	20.239991	23.207034	18.582460	22.129386
23.833100	25.183721	21.517300	25.241638	19.227560	23.635756	12.178530	20.184227	25.363420	16.511036	6.858729	25.163662	24.455021	17.391655	24.539639	14.967235	24.472987	21.735657	21.923873	20.554153	11.606291	19.429152	21.907502	6.788540	23.604149	9.981595	25.602840	22.237063	24.694613	24.850924	22.681233	18.999019	21.652781	23.026753	23.388288	22.240230	23.796832	24.469699	11.102467	18.206871	23.280022	14.169753	13.197382	20.589519	24.163506	21.147416	24.475230	18.527186	17.576796	20.511410	16.228624	15.284451	24.205533	19.959433	16.947345	21.819076	6.710795	15.561695	8.378220	23.554968	24.786745
24.940845	20.424544	18.800741	23.073377	22.503248	25.499527	23.942772	25.222543	20.312767	12.514931	11.248812	23.689050	24.299318	24.778238	22.158578	13.301127	23.408007	20.946903	25.277546	24.898855	23.335801	17.296957	14.543616	22.598752	25.641500	19.884118	18.415957	23.832062	14.924408	15.710850	21.560577	18.831873	24.362136	24.213236	23.021917	24.631758	9.301742	18.001076	11.805018	24.221725	21.868760	22.467169	19.981309	23.161977	21.075099	21.770201	16.889028	12.280554	24.771482	20.854116	25.691919	25.691137	23.764414	21.452655	22.330776	24.231447	23.837305	19.618380	17.010345	25.683691	20.441350
