0.000000	33.154651	37.849129	48.346649	47.442849	42.844040	39.796129	36.011603	22.172005	50.491771	46.956872	45.432853	35.919278	20.849383	20.013343	35.399697	49.790712	45.382434	42.528811	50.905600	45.542177	49.733152	50.188750	41.841060	36.617418	42.278416	51.143315	48.593801	32.264303	50.760811	39.859475	24.938558	47.291974	38.717881	28.487558	42.637297	43.917328	41.021459	50.379378	15.370040	49.870833	48.321401	26.153032	50.067627	26.038625	47.428785	42.428024	49.401394	44.201251	41.721238	35.017070	47.118239	50.399282	50.652410	26.568097	51.143935	44.982319	46.515494	46.619424	45.967270	47.116021
34.526074	0.000000	48.270610	44.274410	51.034768	49.999968	49.426994	14.333746	44.036315	34.629158	50.939305	44.880703	31.302352	48.752702	16.027276	33.862523	32.476894	42.786996	41.605406	38.180873	45.395056	24.348825	35.191660	11.555819	32.851763	48.691681	46.096704	27.511435	36.917047	37.046422	45.509578	33.555973	49.483121	40.919843	44.477188	28.440740	20.547226	40.049630	51.045327	50.776996	47.398568	48.250413	45.553636	46.150567	44.009698	44.104032	43.371928	48.791564	49.067170	48.438082	26.014419	44.526398	45.700327	39.431527	48.493918	48.514711	48.176199	50.937122	42.616325	42.734553	35.545684
18.096448	43.212168	0.000000	50.738124	44.976571	44.829098	48.998138	40.914022	39.822505	30.421647	16.020704	25.939353	42.842650	47.675352	48.690579	46.694388	40.106940	50.799056	35.142573	51.225273	43.961432	41.385573	46.685016	50.271069	39.956239	33.963862	50.988093	49.463121	16.745318	42.302564	42.671214	29.524474	51.363487	48.234368	48.762834	42.378218	29.377270	35.091295	37.737294	37.853926	46.665517	30.781965	45.241541	48.089217	46.784427	33.403999	50.889901	44.526577	50.392917	31.839267	38.063756	37.689657	34.960139	45.051966	48.563362	38.509892	48.076419	51.326107	49.996634	40.600654	45.250747
36.647365	24.637617	39.665699	0.000000	41.058039	38.273258	19.651469	46.448131	51.166565	41.392577	40.164094	50.824508	38.113037	50.964474	49.479366	43.513640	50.644687	36.854789	42.023063	46.953848	44.625477	29.052955	46.615608	44.052664	44.033925	46.449692	48.581210	41.912144	46.289805	48.522760	33.234236	36.867036	37.210833	33.033733	45.781610	25.163168	28.133191	50.766106	39.195855	48.834609	44.883231	45.279516	34.196782	50.017280	43.997597	49.828350	46.686256	38.400213	47.927853	45.668905	25.806186	19.118144	25.674116	48.249063	48.068519	44.190994	33.461021	48.117773	36.108248	33.306053	51.298938
51.260805	44.393892	44.960478	47.543906	0.000000	50.095983	50.650483	50.885651	43.674281	34.253842	47.158267	44.900627	50.579667	45.564302	40.265957	47.511540	48.016620	45.194532	43.620942	49.361851	46.551787	25.301456	37.160252	20.535694	32.956006	44.237156	32.891446	29.805413	40.855252	46.630656	31.931620	27.924491	29.210476	51.155753	50.105158	49.828256	34.126068	43.153260	49.499313	35.622451	47.501681	36.095367	42.913121	45.091672	43.022499	39.567580	39.865061	20.671147	43.558915	43.206712	49.389587	43.551241	26.575832	30.413409	44.330245	48.148260	39.065088	35.930174	51.212507	44.184230	48.956408
36.124420	50.804648	44.305538	38.956398	49.549400	0.000000	47.426364	34.826702	46.810664	43.236579	29.365289	48.834134	23.236971	50.338049	47.286244	34.413364	30.860559	39.233084	39.494713	34.117588	19.589837	43.192445	48.663168	44.324926	17.861099	38.354726	50.672378	50.112316	48.375209	39.925364	43.167841	35.170069	42.711502	47.071221	44.465253	36.556625	38.391620	51.020285	43.163888	39.642727	28.037763	41.598902	50.343108	41.234448	40.726612	45.073450	41.412629	46.492715	40.904488	50.542763	48.695503	38.191871	49.198072	35.248195	50.274510	31.913816	47.649403	49.432721	45.482483	46.399772	31.911854
49.091229	38.034988	43.373963	44.953321	26.886561	24.092260	0.000000	49.550150	51.071204	28.294053	50.192495	50.925119	46.457709	33.114285	27.568781	36.039486	51.388185	39.713590	49.384036	47.283233	44.013772	44.278376	41.927795	40.768854	45.922818	50.045164	49.686815	48.849677	38.314717	49.988891	41.446870	49.936098	18.167750	46.840638	41.047633	43.484685	37.767220	31.471764	51.328627	12.903159	50.930281	49.742460	37.732274	48.987468	35.900300	42.132002	25.837889	42.970001	27.523826	51.386145	34.667493	48.711312	49.672226	50.475793	49.065776	43.854849	51.283997	49.165452	51.151940	50.535366	37.984888
51.388610	48.011018	42.088694	48.082891	40.453491	28.504553	40.255230	0.000000	45.617551	50.166789	50.140931	39.027339	43.533934	37.751352	42.979832	32.322475	38.463350	50.452864	45.744440	44.326594	29.750677	50.382051	45.837284	33.236798	41.528020	49.202710	35.553978	38.268926	42.688610	50.068163	50.161675	50.160444	48.154368	29.001410	43.318462	48.605874	51.201320	23.606200	48.717967	49.775590	40.248677	41.681974	51.036862	50.505674	50.513656	23.988656	40.526467	16.671546	31.751429	39.200252	49.191782	49.809346	36.717404	45.723122	45.163222	26.594348	23.030711	29.149333	47.695431	40.509200	50.288754
51.292460	47.442662	40.704290	50.568168	49.727192	25.365081	49.978360	42.278811	0.000000	50.938936	50.863888	28.950653	50.913902	43.999104	34.222616	45.149204	22.694730	47.788327	28.252402	41.475199	48.864700	42.553369	37.060263	40.055725	41.899345	46.270230	27.875714	37.266871	48.901717	47.111367	49.428771	28.892722	37.248668	47.627987	40.731126	44.622523	34.215345	35.195352	46.271804	41.850220	50.068794	49.913517	46.312559	17.855620	22.883138	51.220285	50.487321	43.090992	39.225566	49.289792	46.176622	47.489885	47.861992	50.398965	51.067680	35.605896	39.229696	50.353832	44.561445	40.456058	41.627595
49.662742	40.639438	38.319375	49.987259	31.653583	43.637299	49.876178	36.284987	47.246762	0.000000	12.516558	34.494316	45.592217	43.801518	48.344338	51.219805	38.758324	48.181614	42.388252	49.906957	49.242274	32.510824	51.184097	34.777258	50.380843	27.109064	47.996033	27.269721	45.825207	30.021719	42.290788	40.748236	31.396736	37.487317	51.307846	49.480971	49.948920	50.426287	24.722184	45.333763	51.082630	45.281570	48.629799	38.908762	38.455083	49.009947	45.252196	46.467534	46.492096	49.910706	29.206371	46.992059	47.659382	49.143675	41.501868	41.652230	23.500680	33.016920	48.493820	50.726461	50.571960
49.561977	45.485045	46.694351	50.811359	39.535733	43.125398	46.130976	23.291065	39.635418	42.961136	0.000000	38.978879	47.487242	37.523546	51.142347	24.380035	15.742874	30.341977	51.187084	49.004761	39.283400	44.573626	41.358829	40.040561	40.609098	36.821589	45.576647	50.464192	36.025493	50.292468	44.067654	50.694137	50.865724	44.972872	43.518087	23.980346	48.356082	36.111224	47.830021	41.708121	22.980838	35.335041	42.377096	31.069902	40.234632	42.727829	49.906423	50.572116	22.239318	49.579951	28.080929	41.638929	45.714278	35.485087	51.331137	46.176333	50.910510	27.168446	45.179300	50.988643	42.215446
24.212693	50.490840	48.944412	48.517369	47.122285	47.684720	39.943824	28.890437	32.835653	32.604725	41.446372	0.000000	29.026694	30.658027	50.767538	41.762546	33.989089	49.027382	27.200422	42.254946	32.015024	36.361057	51.381671	49.275840	38.640687	45.766133	42.673377	50.373984	40.198348	32.107320	48.584435	46.882357	46.187646	47.544304	36.994285	42.944094	40.083252	42.875665	48.135668	26.618892	47.205673	40.533438	34.439974	35.853942	47.822087	25.596472	24.371334	49.351310	49.630593	37.094061	45.731699	50.115247	51.273124	49.037520	37.871073	27.081691	44.466989	51.018392	38.318909	51.357514	49.863466
34.364906	50.213461	30.002096	29.115109	50.836217	43.813747	42.899879	37.716152	47.304970	35.455498	49.657598	45.918715	0.000000	47.446181	43.829967	32.644626	49.156757	48.051859	46.566544	41.942730	20.600413	25.845562	23.119569	49.854071	28.015033	51.103339	42.024455	47.247429	46.910058	40.021718	51.320201	31.236704	49.231548	42.553292	40.028911	12.877074	35.979691	38.523642	33.637040	48.080716	39.089049	16.573868	33.758959	27.873818	41.346552	46.187527	27.956475	40.815443	36.970894	50.181753	48.907952	44.311543	24.880819	46.839416	46.885859	45.561774	27.808447	45.860736	40.801788	31.101097	24.317464
48.204672	35.569033	51.323414	24.636351	47.925355	36.527191	18.940320	50.963599	46.552991	49.316399	33.498775	37.684707	26.351210	0.000000	48.243210	20.648523	44.106030	45.160451	47.380933	38.724938	47.213212	41.239977	50.639881	40.291644	46.191982	45.764223	49.338117	46.054272	26.069013	48.817125	50.273773	44.906018	40.448787	35.778372	50.403243	34.280483	33.806220	34.343881	45.388796	48.614387	50.854226	37.876452	23.478735	47.757846	27.072179	49.570358	26.258639	31.835581	38.029718	48.440740	30.817729	49.301964	49.543197	40.670686	50.764948	36.296882	50.145114	33.276606	37.143871	50.909411	39.904256
44.297348	40.558600	47.101856	40.843534	23.132906	47.828895	46.303047	46.375849	31.019327	23.111631	49.894770	50.006507	42.734174	21.248929	0.000000	21.263231	49.686523	33.428870	22.902265	51.004748	36.566656	39.687236	42.920581	47.447016	32.672708	37.345232	49.390168	43.225551	47.226772	41.372800	15.896832	46.665003	45.007522	49.789442	40.681849	47.251094	36.242839	51.316612	50.395637	51.264265	46.086155	51.063864	37.052996	35.249287	45.764538	44.559993	46.500087	50.842691	48.961986	35.630652	41.211763	40.559904	44.800738	40.291117	47.832892	43.900210	30.846187	51.242349	50.239590	29.342919	17.892894
39.683819	50.330301	47.357715	49.891656	51.001909	34.048309	37.887088	43.453773	44.858140	49.766925	46.473118	38.488007	45.177325	30.917353	38.966304	0.000000	51.324369	49.420884	50.993917	39.108520	35.875269	51.109035	38.588552	45.926206	27.412543	48.257751	27.520622	40.393072	50.096059	41.025003	47.879247	50.271244	49.251286	47.231469	31.594020	28.081051	49.890068	47.360624	29.775701	28.035190	46.669054	38.977079	19.819661	48.889227	49.665452	47.173629	46.694719	38.813917	39.883771	42.087159	51.332207	16.191635	49.044765	49.727666	42.720521	43.562370	49.737674	28.541331	19.681443	46.675005	50.846330
44.835724	42.016122	41.629477	41.762245	41.317472	32.405461	39.440613	45.734230	49.272051	21.157990	40.464446	25.930271	43.754487	22.817511	44.267084	37.323688	0.000000	48.776774	44.042765	29.626860	48.885614	33.645272	49.165564	44.222154	40.980447	44.161852	46.541948	37.344798	47.490490	50.050965	46.141167	42.693317	36.038141	37.529052	51.200987	32.537838	37.775224	51.349409	48.678206	36.902402	48.469878	43.006399	33.568235	41.235782	26.976758	49.210371	42.715050	24.299300	46.573856	40.940606	44.240656	25.309223	12.515915	37.960000	44.476676	25.008447	51.023344	32.216163	42.926562	42.193901	18.952997
51.098285	35.164721	37.810781	30.032157	45.993290	24.133662	41.279609	48.059246	23.675947	29.358454	33.248275	39.032530	44.006121	36.711520	42.343200	49.499697	16.016689	0.000000	33.886342	40.946074	37.262332	43.896245	50.710267	51.062357	46.292746	39.903958	35.303682	38.259436	41.885736	36.146080	41.233500	47.669504	37.292850	50.770572	46.828584	43.713634	26.999371	33.635282	31.775937	24.180503	35.362008	12.949305	32.960550	46.529020	39.138942	41.619579	35.526261	26.219789	33.065334	35.245102	47.784832	50.756767	30.924862	48.362747	50.681127	30.495406	41.132628	42.477706	35.233430	45.742927	45.312068
40.110662	47.260852	38.482129	45.106828	51.326123	32.155717	51.168124	51.126034	36.629581	50.807054	26.810847	44.593227	36.081975	38.550805	47.629658	28.841571	40.557104	40.522913	0.000000	46.759227	42.379133	26.473729	48.243206	43.407158	44.451930	49.048201	46.721459	39.044247	43.046421	45.847348	48.433946	48.271936	50.990774	51.188064	49.842353	48.190663	15.901506	48.867030	48.074769	50.220487	33.275655	43.913942	47.662427	49.022454	26.467740	50.651390	38.112709	45.864987	42.313151	41.839751	36.643448	47.622458	36.390409	50.619012	50.433319	49.856296	50.976768	50.114801	20.729215	49.035604	32.895419
48.077169	44.819399	42.145628	51.330436	33.314456	48.892412	50.790639	41.309840	43.549195	50.473907	36.551710	38.832634	36.428556	50.717608	46.908844	18.044115	47.197512	24.072515	44.515492	0.000000	39.755485	32.489046	43.235395	49.446127	49.594938	41.680241	50.785482	47.017456	21.441092	21.942385	46.895999	48.859164	28.866836	44.855259	31.280307	34.844014	50.094927	25.816756	46.255425	37.001841	50.904646	21.885222	40.730021	42.521061	37.632225	49.582270	43.543425	48.612101	33.630814	51.268001	36.939250	24.872013	13.613610	48.449208	14.799278	51.203813	51.122864	41.807233	17.090753	26.790555	40.343530
33.452340	49.006317	50.579562	43.438739	50.645344	46.993140	46.353365	42.706038	40.067605	24.151613	49.347627	48.868765	45.708282	36.290982	29.412215	51.040791	36.285363	50.069506	50.021458	47.488005	0.000000	45.220689	46.388420	42.055731	40.822042	47.046737	24.199995	35.954409	44.350786	46.234783	46.932856	33.702231	49.043224	50.554295	33.391988	47.326914	30.455125	30.310253	22.574621	34.267757	29.001757	36.756163	33.898625	24.152938	50.993130	45.127657	35.650188	49.199126	45.258355	27.049634	51.021043	32.561618	37.588597	50.193823	49.955560	46.662258	50.764629	37.030060	43.871440	48.326750	51.200236
33.328542	36.773796	45.376937	50.154399	50.438743	47.188292	31.817702	46.193223	44.946150	50.051189	41.939907	48.084825	31.619438	50.944451	46.513786	30.193151	20.892529	40.541165	48.719767	36.346719	45.828011	0.000000	48.020314	29.687586	36.927784	49.306238	47.077028	50.442074	28.066889	29.793192	28.760592	51.266329	46.701126	50.564050	45.897955	23.573057	37.162740	45.342288	24.294792	28.078364	50.204543	46.971286	51.376420	22.693946	49.601879	48.910434	42.955725	48.588166	28.278091	33.216296	38.869149	37.932165	48.905280	17.982780	21.744892	47.950749	48.896597	46.984672	23.777346	31.200374	44.330828
45.623479	38.131265	48.617785	48.778168	42.690270	50.436470	49.058509	50.254630	50.585450	45.181417	48.580159	33.922409	31.742129	48.487957	47.834494	40.553563	42.881875	46.168086	39.492232	47.634989	50.122896	37.429140	0.000000	32.007172	49.606322	35.282480	22.070326	47.352378	33.701882	44.357012	33.401816	36.711601	36.448887	50.371222	20.870964	41.936914	37.606707	42.088084	43.424002	50.610721	46.886293	51.383506	21.541534	41.743168	22.682849	45.688724	37.590269	51.363517	39.326623	23.142697	48.011145	46.722711	49.688490	20.981339	36.907556	39.114680	51.311277	46.306421	51.152970	47.357499	47.117540
37.821005	22.457299	25.823753	48.896926	38.638126	42.140590	41.662087	32.312812	44.343542	18.208176	33.704444	37.210101	37.030049	28.995776	17.108087	38.650735	45.285720	43.735117	51.020124	19.220504	49.058415	46.988362	45.506829	0.000000	49.861258	43.509591	48.583373	41.007370	40.497285	47.401792	42.140186	38.084971	51.252465	38.871312	49.941272	23.258081	42.356312	40.483813	44.309648	45.220874	24.191305	48.910306	39.031216	42.123640	31.439737	38.216627	37.668895	19.100742	42.310109	48.121274	24.497596	45.295489	51.297381	45.152324	47.021637	36.039763	48.853182	51.383584	32.234061	46.935193	43.294143
50.495810	37.410237	50.933239	38.552541	51.382367	29.410623	50.885759	48.089274	47.434340	44.632484	24.728925	47.542905	48.568787	49.308625	47.713372	32.267344	46.482699	51.266359	35.737053	43.687761	49.932737	48.153197	51.108522	45.875604	0.000000	48.359529	48.690681	50.706731	43.313170	45.416584	41.210317	19.737781	28.422495	41.405891	29.960094	50.648887	42.462585	45.844752	42.037826	43.852452	42.407530	43.855763	39.947729	47.691889	36.616495	40.565336	34.422388	27.414475	49.728649	48.750181	45.551854	39.011050	50.115493	43.902722	39.700367	49.155942	20.634627	47.822556	46.193612	49.825265	48.137488
16.987139	41.294617	35.558557	38.517593	29.421791	50.332478	48.786831	38.933048	48.263712	43.815271	51.359040	19.479744	37.907420	36.440345	25.168259	37.182149	37.799683	46.078488	50.993825	50.483342	31.788389	47.006661	49.724502	46.980380	49.479852	0.000000	44.002311	49.951520	51.347515	34.115175	51.373963	46.570444	48.693773	50.190995	44.270959	41.432481	37.926343	43.010055	43.082320	47.265901	47.259094	47.279475	24.666470	35.890603	48.464571	34.881124	47.751575	44.507053	50.008011	45.534480	42.859165	42.333367	51.255851	34.806104	51.106577	40.588817	43.603804	49.123773	37.680869	37.835231	48.568765
49.290843	49.515463	49.983722	36.210681	46.201553	50.951908	38.896875	34.123661	45.342727	33.174873	43.174004	49.141161	45.972535	15.118582	51.005870	50.815854	43.999789	29.261527	46.672464	30.493891	49.400449	43.559546	50.701177	26.412056	39.535741	51.258531	0.000000	39.808072	50.885776	50.685705	49.414276	36.323576	49.168117	42.309628	50.605148	51.285349	41.371028	43.996165	43.404484	31.521600	43.114466	50.941667	45.926062	19.644941	33.117169	34.856469	30.230164	45.547804	31.898646	36.098682	38.215830	46.347053	40.587656	36.738897	36.641042	50.826078	51.102667	42.944067	49.568093	25.463200	49.473255
34.541304	46.428443	24.997690	30.370620	47.660038	51.377285	47.872942	30.970815	21.415392	45.227320	29.468116	49.361107	38.853877	37.749857	43.013324	41.212501	31.165570	49.873683	43.513081	51.053279	27.688099	43.233336	48.213093	36.465837	40.585114	41.406770	40.738602	0.000000	26.538600	41.280921	25.456172	48.274611	34.637570	46.483310	40.919443	37.572918	47.720993	45.750848	45.256573	46.318341	51.289585	33.959376	38.701884	37.785198	15.716675	40.019105	35.782361	37.409100	51.352209	50.638207	50.157924	50.098991	29.643073	39.344582	22.095586	33.022509	40.611858	34.000931	37.204632	50.282671	24.034321
37.720186	39.907843	49.260995	50.941242	48.290787	18.475215	46.189422	44.792095	45.073903	44.069877	44.221379	46.341500	24.067671	49.674972	50.359394	28.825488	36.987220	49.450091	49.750053	43.698673	45.301302	43.898859	23.486419	44.909506	38.868806	44.615345	35.394485	24.040711	0.000000	47.820753	46.102088	49.999542	45.944488	45.790911	38.908737	30.782699	34.612153	43.579507	31.554289	27.902844	51.170841	49.717228	24.225108	42.217336	49.382150	37.291794	40.663370	35.368097	43.108430	39.308300	44.711926	50.344614	47.112206	51.287224	42.492744	48.340269	29.379437	27.826015	43.458427	43.403231	46.941976
51.236938	34.004620	47.000049	48.873408	51.369402	50.234102	45.780336	50.635726	43.214338	30.762879	32.747650	48.912339	45.193552	44.560231	49.259511	48.192360	25.541089	21.791793	43.260036	29.732442	49.062045	50.666477	20.645299	46.275346	32.809430	29.580924	32.906966	40.714163	45.556426	0.000000	45.581221	50.312330	44.941637	34.919951	50.958125	48.851056	51.110433	32.524917	46.057389	50.188249	38.858828	50.952604	51.060278	31.125837	26.217272	38.077170	33.080897	47.175527	44.650509	35.688195	16.636360	46.886780	44.646569	40.376111	30.202247	41.262777	36.555608	47.222177	50.546666	45.168226	47.736038
26.570615	46.915193	30.075555	33.524233	43.697730	47.825544	40.878065	31.482842	49.484971	39.508959	50.036493	49.855629	48.917231	47.266268	50.227723	21.498948	47.346122	48.424459	49.964291	35.087810	48.074611	48.123599	38.301671	24.830553	49.657721	43.841380	49.990976	24.537588	37.250720	43.626043	0.000000	51.039583	34.768935	36.688719	50.627926	39.829370	33.163758	45.915851	49.352628	48.612827	50.715063	30.303072	47.402926	45.990433	48.422757	49.283552	50.071056	48.897843	48.890264	37.011299	46.955455	42.311439	34.419411	48.442556	36.633070	49.975085	41.961094	50.152987	42.439061	49.483786	32.081685
51.178638	44.700234	50.949808	45.307444	42.537436	49.814077	44.060296	26.491740	39.482454	51.355943	48.925891	50.673650	41.819696	46.526736	25.456169	49.997363	46.206947	23.896812	32.278875	39.997454	22.265463	29.389738	37.217301	25.172403	49.169622	30.910566	39.889816	47.637587	32.441871	43.170401	49.612425	0.000000	49.412038	47.227131	39.093050	49.649892	23.186770	23.080463	37.908079	39.059385	39.715135	43.379030	49.260322	37.081584	51.101505	30.915687	38.775085	50.569821	17.395985	39.988282	49.143919	43.703049	34.516954	44.459921	19.447338	32.759946	50.451658	49.362968	45.352123	51.376272	50.989760
48.713971	19.583261	47.428561	37.607132	48.950928	20.767128	50.926910	47.000317	45.785672	40.794000	30.343203	51.195961	27.863182	50.546654	39.386183	47.118806	48.745385	48.891598	37.959373	48.704668	49.898671	30.957854	30.239712	51.097010	49.928098	49.648234	32.444933	49.524204	50.768245	48.226914	49.819063	44.934582	0.000000	48.094927	50.879502	39.876043	42.520113	25.400782	48.806649	50.179330	47.300073	43.443825	37.799558	32.864266	21.621959	49.691864	34.302372	38.925047	45.843281	50.455295	38.690597	38.354013	49.822649	32.289538	51.322064	42.208093	50.559459	32.709645	49.473963	29.524874	33.012392
44.646012	35.951445	42.119403	29.823066	47.645140	33.008793	24.988642	40.217024	46.727917	43.025538	33.569992	42.151509	42.053265	50.433431	44.510006	38.960584	45.704003	28.388967	50.141395	28.772299	45.387139	47.370421	47.221632	46.241790	17.029651	40.962982	30.612073	50.134650	42.678510	46.712160	45.902630	47.045311	41.775610	0.000000	45.914129	51.366831	50.677854	39.420189	35.259610	39.378945	42.752259	43.862081	46.567277	37.546574	49.684074	28.281990	50.728519	48.502335	50.172654	49.570057	42.783915	44.136929	44.284303	14.580036	49.106372	41.529310	44.187208	38.788890	48.231042	46.009050	45.394043
47.364077	42.433760	50.702549	45.577191	18.601599	41.133224	33.590880	50.400383	38.856070	36.801911	49.677511	41.692294	49.694355	47.611411	45.112755	46.960473	51.307019	46.197713	44.385260	50.562876	48.405589	22.677317	50.511104	38.018818	51.365527	50.974334	41.986276	34.512932	29.493746	50.439402	49.882806	46.027487	36.857885	42.355200	0.000000	44.698523	49.909173	50.864723	42.673430	48.190437	29.351045	40.599606	51.108721	45.658510	39.907301	39.202773	46.620444	45.190727	50.852565	50.247354	43.976694	39.194396	49.379949	39.943057	47.501370	51.097507	28.558929	14.128952	38.429942	18.185879	40.744480
43.518694	50.680496	27.352690	38.370067	43.808883	41.263890	45.396456	13.400084	48.824201	27.934489	44.501933	20.442661	33.103199	25.660011	43.742460	27.565420	51.359138	43.186649	20.437592	36.740153	51.359886	32.061704	44.316174	47.280716	48.904441	30.766876	24.898933	26.699316	44.200163	48.254043	51.333961	49.142769	23.340444	47.972738	41.183623	0.000000	25.938554	30.680091	42.112027	51.088643	29.334948	41.527267	17.063760	18.578642	50.690554	30.154506	36.849873	43.304470	32.828856	49.692164	51.074240	44.477906	37.162065	22.457322	35.640907	48.821959	50.492667	47.050004	40.836089	51.325969	39.798198
25.413813	39.945013	29.826725	51.370202	50.830283	45.373808	44.531146	42.485505	50.168797	19.730268	35.203242	40.572026	23.957752	43.157954	47.056178	47.009085	41.417594	28.384048	42.805696	43.146781	40.069329	51.015862	47.397716	50.423624	38.353369	38.083703	46.103548	41.580816	50.862820	33.134105	40.692761	45.942978	44.246387	22.379202	47.062334	49.503293	0.000000	51.303454	35.040329	39.002289	42.158760	45.757620	49.747334	49.921912	51.251953	46.526614	47.629254	46.570622	37.288033	31.324741	50.144590	50.056967	50.870178	35.142978	21.609512	50.829147	46.846468	43.071877	51.299781	48.632791	45.795982
49.327790	35.770249	50.641947	22.800909	40.773015	37.434478	25.097351	50.519695	37.323805	39.129699	50.849318	36.507430	23.876092	44.663251	33.438418	26.385141	46.440084	30.000607	48.520004	48.119255	49.386644	51.238533	50.366497	26.806123	47.371801	36.863105	49.093332	15.567667	49.589609	37.403678	37.566999	45.380053	50.607485	38.836249	32.583745	42.920703	51.015018	0.000000	35.936212	50.670597	28.039071	41.391502	39.253831	41.667646	48.417259	34.116502	34.063695	45.663413	45.634351	48.321802	50.595564	49.535548	38.760820	44.051448	40.211928	34.252063	46.183117	50.300704	34.600525	45.301584	47.576640
48.560840	42.766124	27.364075	50.086689	27.423901	43.129157	38.483602	38.360644	28.808927	33.604641	41.552496	34.639784	37.375870	46.236486	36.622924	34.616547	46.200747	51.032211	46.500840	31.162169	43.154311	49.097750	38.191804	42.296203	24.231415	51.304618	50.916793	49.945527	46.516555	39.451119	41.838099	43.233194	50.421634	42.324646	50.049208	41.333344	46.377012	33.648593	0.000000	50.894214	17.009889	41.975161	39.350047	32.347843	45.196426	49.251333	43.889578	47.425771	50.726122	38.465874	37.276758	48.458718	41.386238	50.810541	31.940403	18.498336	38.758388	46.735191	37.080803	51.243062	49.614901
28.552429	26.189611	43.758778	44.448360	28.083862	51.360035	37.947748	50.936772	43.166753	35.860458	23.913597	30.517857	44.628749	31.411728	35.190700	44.469377	48.336793	47.342312	50.843081	36.405507	22.610662	51.230030	42.244212	26.865905	51.273471	46.772285	28.692714	18.220097	39.966777	48.099368	50.727996	49.990032	48.206675	23.302805	41.204194	47.961214	39.773526	28.014681	47.423150	0.000000	40.228914	37.275362	38.701263	34.974581	49.865260	38.409041	35.453496	28.121364	35.668122	45.890545	37.215540	40.596681	40.873945	30.266906	38.654238	40.646123	49.372975	45.254605	47.911773	50.541375	51.259383
47.852005	36.641630	50.477168	26.816044	37.793798	47.246533	41.156108	45.426829	47.526327	45.205242	50.951867	37.810192	43.749162	31.253818	48.634611	44.751494	48.153294	46.698209	48.555681	50.505474	41.264102	39.980348	20.984434	38.205536	45.411364	21.926872	48.775634	45.807457	25.099528	42.192267	20.458733	30.656646	41.791178	42.979420	41.740993	39.610434	38.590650	41.493318	50.609289	11.287514	0.000000	33.465989	50.598190	48.488497	41.592197	50.289439	47.851786	43.929871	30.436632	32.019246	34.642237	35.080603	48.331048	50.961697	45.825016	25.416535	40.668748	51.289540	48.026098	46.457197	43.718803
29.264801	31.747653	39.540608	50.821479	49.025680	47.263745	40.652235	44.956442	48.790860	38.906916	36.242899	23.245054	49.346146	34.864857	46.638751	42.348329	51.353772	48.774743	49.408064	44.896688	35.789138	39.934314	46.927403	51.101754	33.756262	42.719267	45.423024	49.545415	47.596562	41.874913	25.801450	42.973184	36.057882	40.499088	48.747308	46.060530	35.481586	46.318108	51.063601	29.727390	31.124222	0.000000	38.843871	50.840679	51.157091	40.239084	42.973161	30.802477	43.071702	12.455860	45.517380	46.839872	49.899192	49.566451	33.022457	49.067403	13.859674	24.846206	46.801374	44.391477	22.482607
41.342862	41.489991	48.301371	37.092395	49.609255	37.206449	44.437946	37.433667	50.318958	46.025636	36.857863	17.557942	35.123605	46.158440	31.624811	28.129532	46.892824	43.823548	49.048392	44.903750	45.010321	50.065888	47.169245	47.518382	42.478657	44.412874	51.360163	31.088773	37.568320	15.568969	48.212814	40.930185	51.055722	42.265335	50.463015	40.861790	39.034893	42.690214	43.211354	22.415706	17.010238	40.469947	0.000000	50.498487	26.064638	48.488832	33.418020	24.549948	50.421729	37.756273	46.981892	43.914337	40.710018	29.202896	43.190687	35.139395	40.269472	41.624677	31.496856	40.325989	28.798201
51.011565	32.996844	36.975303	44.998837	46.391461	16.030005	48.869903	31.974572	41.656040	12.760307	51.256610	40.022276	49.834479	42.526830	13.898543	38.186799	33.603677	43.490095	44.325499	40.625179	29.043534	43.154780	37.938275	50.346698	42.256558	49.001339	39.105940	44.151274	44.031294	43.947256	45.594703	48.171900	51.330812	47.249741	44.469243	51.081869	41.817249	38.186252	36.551252	41.035380	29.707237	34.506900	34.227070	0.000000	44.930167	32.149258	44.335988	36.120405	48.158368	34.602521	42.463977	49.365879	35.219044	41.554917	46.618884	41.558516	49.244360	50.969330	51.053696	50.996975	33.083168
44.733074	19.498528	41.633560	35.319074	41.081518	45.659732	38.352950	13.480981	40.755544	45.252945	39.557521	16.164083	34.828706	25.004623	43.985154	40.636252	30.394281	50.041131	28.041477	45.301835	45.608040	42.698144	49.964531	41.929885	24.202341	32.948417	44.888634	45.176988	40.800377	17.307163	39.625534	50.331788	38.083281	25.065303	48.884510	50.832188	44.406122	49.246534	43.279512	28.190359	48.469008	49.701051	30.485235	16.496173	0.000000	38.604869	45.325379	45.847744	33.563557	48.121623	48.254259	43.558353	48.919965	32.181162	22.813775	45.690232	43.876332	50.489770	37.394912	51.063393	24.791161
41.625156	51.077819	25.894204	50.230243	50.130187	47.221403	51.200121	12.853342	50.592600	23.373795	41.792892	34.024529	21.799210	44.457838	18.011137	22.612204	49.089570	40.077413	50.827094	47.417472	40.603495	41.336467	31.134304	49.097892	40.192430	50.592809	48.801542	25.556055	51.090798	41.916519	49.336640	44.092668	34.034396	49.442771	48.129674	40.610568	24.090198	46.272912	50.783926	50.932284	45.779208	51.243875	40.744638	48.468315	36.064191	0.000000	50.214720	40.575318	46.314978	45.147482	49.006514	21.731978	27.272251	50.373983	50.895359	38.668667	42.015236	36.316308	48.714767	51.382885	16.953288
45.483341	39.505058	43.614915	49.716286	42.916832	41.714702	50.475851	33.859578	38.399571	44.610270	48.798530	50.181329	50.528771	25.473516	49.291769	41.744421	28.656944	47.220519	35.510271	40.458685	50.882621	50.401163	39.242724	32.356665	42.061132	47.139437	46.237004	48.610194	40.006044	49.417129	43.850876	32.214845	50.153762	31.848846	24.717610	48.847669	30.196147	50.139180	38.044001	35.657294	44.180162	49.834894	28.468609	47.212234	47.802405	30.612341	0.000000	37.309790	44.548013	50.338165	38.923072	22.431064	50.275820	49.378817	47.642992	34.151759	24.110461	42.718417	22.156337	47.620536	44.844996
50.813574	31.152417	33.518585	45.514996	39.308580	22.035289	46.658582	14.262156	43.495237	32.955882	42.325799	48.845489	47.692773	39.511488	50.664383	28.434823	20.419563	51.243318	34.920508	32.971028	50.441192	51.344833	37.712650	47.133106	46.232926	44.474249	26.749956	47.598894	45.874731	49.888284	47.508211	44.816335	39.993082	51.190237	42.180185	48.050805	51.228348	49.235289	38.386117	51.284788	35.956384	33.463343	49.134013	42.674521	35.581372	38.540773	48.078797	0.000000	42.112042	49.670499	37.383690	50.399679	38.433299	24.018626	41.260489	46.359542	41.712834	37.984194	47.592086	50.637874	28.770761
39.108062	46.681363	48.812640	26.994819	48.402636	32.668419	37.271128	44.870151	50.372588	37.335299	39.622299	39.883678	50.628623	39.710264	48.560606	35.430921	36.249779	36.281178	50.990995	48.746865	33.222961	51.079672	36.678478	48.955622	36.916431	37.115061	45.358970	46.636506	42.312595	18.194569	27.653664	39.527072	41.371947	43.715075	28.195256	46.807012	33.346792	50.534641	33.923999	29.406517	38.840249	46.177608	43.049114	36.222332	35.633726	50.062922	28.517874	48.840711	0.000000	26.470041	51.131617	48.832445	29.947192	45.549718	50.726421	29.703382	47.374087	45.644508	41.009588	30.139262	51.327304
26.879564	39.042438	50.017203	50.711221	44.821095	44.437861	33.514513	43.074849	49.900040	21.767792	48.162521	50.042336	33.721596	48.406308	36.011350	51.306156	48.904879	51.049841	24.390240	41.307780	51.169965	45.436156	49.218748	44.103213	49.040392	35.429490	44.526994	40.839189	31.223416	40.149765	20.798449	43.371065	38.393169	45.888307	42.563900	28.375901	43.097457	41.562640	40.141637	47.128248	42.847218	27.528698	35.014949	48.608573	31.043548	43.681019	38.706876	47.308851	45.853642	0.000000	24.577978	46.537644	46.128764	44.599856	40.977511	50.408579	22.137587	29.375227	51.069786	42.096435	49.896128
51.105656	36.420657	35.143998	29.747995	24.848552	51.369171	36.525231	47.385217	48.336661	36.710916	26.409734	50.395643	45.290732	41.395124	46.750242	49.500070	51.205657	47.821177	31.592774	46.513800	35.686496	41.639192	50.218382	50.149803	47.541798	43.324839	42.427597	33.019649	44.745107	45.911610	38.202210	45.252526	39.604844	51.197021	50.520252	50.906139	51.358579	21.735987	50.136843	43.633100	41.613512	44.871160	46.242383	27.280062	46.537058	33.874454	46.484018	43.693478	50.686166	40.286716	0.000000	49.027044	31.349499	34.958630	46.677062	39.149989	49.607287	46.036313	34.374606	45.725110	50.725073
30.109976	30.452082	26.206705	43.052536	49.832510	31.679736	48.698439	24.090614	42.234730	45.123303	49.319820	46.901208	45.436815	43.879378	45.288559	25.088741	26.498205	49.829032	36.374742	48.985176	28.207353	47.537677	49.121978	32.138882	20.935797	20.976331	34.117596	27.639230	23.005763	37.401373	47.915326	43.704132	42.931142	30.952442	44.280801	24.152499	41.584087	48.825636	50.938687	23.891661	35.190684	44.137413	36.828357	40.316761	42.468397	49.533742	50.902360	41.252263	26.238341	46.530771	44.868918	0.000000	46.073213	44.650919	50.193069	48.395096	36.429751	32.040741	22.014200	41.006574	41.524889
48.019933	45.343703	21.958783	51.295218	47.665289	32.987660	44.961641	47.774947	51.223380	37.957333	46.205566	24.835721	32.627852	26.393889	51.300265	48.644989	22.455293	43.442911	39.796875	29.887307	45.184121	28.272267	48.234795	49.906335	37.358843	38.067842	39.553785	23.446166	38.644593	40.941984	50.718230	50.378063	30.746384	50.581411	42.977266	50.160415	41.898147	21.063783	45.552837	47.688369	48.666952	44.779661	30.456087	42.860426	51.022747	44.232916	39.997283	43.071956	45.903066	50.061781	47.755309	32.456352	0.000000	30.306282	46.605586	34.202233	44.780242	51.155379	26.029383	47.934355	43.574061
18.506757	21.031080	50.416878	49.796777	29.768915	48.069711	37.385859	49.227009	39.702070	46.436923	47.365838	46.413374	44.999836	34.187768	33.478585	24.558510	50.363639	46.477379	37.932169	49.417742	51.348047	47.874400	50.268154	45.757747	36.410639	40.942227	49.046398	48.511703	49.444823	43.326821	14.881065	50.519702	50.093084	36.326048	29.954960	33.685735	48.697507	34.952306	37.768192	25.138909	32.393803	45.709633	22.860054	32.355575	19.883964	24.085856	44.951806	24.112873	23.666937	41.553083	43.845142	50.058329	48.294799	0.000000	40.575850	47.103132	31.723268	51.020796	39.957774	31.740608	43.011431
37.614442	47.534248	18.751494	43.843611	36.710034	49.539774	43.011884	38.482603	24.746706	35.987906	40.965490	50.829556	49.564173	14.617696	46.917917	33.127922	48.443436	33.958183	43.854562	42.097038	45.294282	29.104704	50.532204	48.462101	37.819222	49.246239	40.693805	29.531475	31.005232	49.269292	44.056358	51.097096	42.174380	40.226509	19.337534	25.211609	48.161290	47.777057	35.582400	39.696930	29.983565	50.755063	46.885509	25.846332	40.370262	51.034580	48.920250	32.887187	44.128487	50.913841	39.343159	41.387914	34.132549	42.488554	0.000000	36.480107	48.144193	46.149209	41.353637	50.291054	46.035169
41.398955	50.337200	27.491410	20.912571	30.137469	26.930612	42.151047	35.088612	49.376738	32.303614	48.622758	46.777591	50.472382	49.877642	35.737687	46.616979	38.848526	42.547166	44.641127	35.782007	37.692005	48.998164	36.322979	43.098546	46.147754	45.508619	45.247118	51.135834	47.953733	49.324902	35.807509	46.653967	48.012361	34.665705	39.785791	33.452296	26.161291	50.559892	19.126179	48.526745	51.261531	36.793320	35.188699	31.502140	22.939388	45.389387	50.666675	39.071793	22.069692	30.899414	30.803291	41.548855	22.286845	50.446644	45.209563	0.000000	21.217778	23.962683	48.272831	31.168825	50.153244
44.697991	39.429826	43.750672	46.567610	36.976976	50.483200	22.258888	41.591740	47.356731	41.136441	31.819470	48.341669	50.086475	25.202860	49.608354	12.810529	36.057562	48.329474	34.854507	45.556117	51.310197	23.918762	39.079070	22.063634	46.427220	33.964074	51.202218	23.066291	43.120328	42.646268	49.507455	28.891568	49.826101	48.746816	36.172045	43.135734	40.485523	42.514100	50.932489	47.154573	37.974131	50.931553	26.557067	31.815449	44.403976	47.954136	42.382396	40.821099	46.004773	32.279869	47.176693	46.402349	22.823044	51.272397	48.181260	51.384094	0.000000	48.724604	51.342174	44.612116	15.427031
50.815832	42.006256	32.273470	42.437832	48.715758	26.546020	44.778818	50.648491	50.918609	42.915517	32.098991	18.358888	50.343838	48.524981	45.420561	46.121450	25.916944	39.584387	39.848556	28.747857	50.912495	39.575169	47.866725	26.637746	28.211855	41.763701	35.219819	47.519817	40.923028	39.453839	33.001947	44.604469	49.334117	38.280514	39.410717	24.171160	43.789530	40.693641	50.007850	24.532033	44.445276	27.531948	51.247441	17.535482	33.057461	48.574810	38.284536	27.008061	20.499280	20.835450	45.418174	28.920090	46.271913	24.385393	41.327809	49.320527	48.037365	0.000000	45.122865	44.521327	33.994210
50.365313	43.530492	44.333956	48.741532	46.673614	48.150652	51.377146	49.726535	39.922203	46.289747	30.447205	17.332086	51.052613	47.677234	45.959680	36.811450	31.034499	30.311523	35.423268	41.383205	47.069706	41.848992	28.212976	48.352866	37.784134	50.105668	50.069406	48.075593	46.163120	42.138532	48.563947	42.489470	40.465685	46.961660	21.098671	38.427237	49.422222	34.295881	50.828766	39.703426	48.792670	33.624775	42.801809	32.890101	49.469515	23.952969	47.256593	36.175460	30.660738	50.408404	50.177212	50.880508	41.427845	24.929063	46.708680	39.330776	38.401470	40.443296	0.000000	37.132260	44.217496
47.620785	50.318745	42.994811	50.434437	38.420895	47.226575	24.339960	40.331903	50.677706	32.994446	13.713282	50.278676	48.863116	34.753544	49.032145	29.910595	48.899004	43.430995	43.806970	41.070858	23.196873	38.823589	43.774266	13.573074	47.163438	19.951426	51.155964	44.432588	49.341717	49.653959	45.319849	37.964366	43.265444	46.010050	46.732240	44.438914	47.548337	48.892435	22.190448	36.381996	46.515972	28.317569	26.375189	41.141503	48.280793	42.255942	48.903485	37.021848	35.123375	40.985474	32.430308	30.544256	48.364745	39.882862	33.866003	43.597629	13.417773	31.098070	16.748573	0.000000	49.525757
49.833582	40.811954	37.568292	46.103185	44.964310	50.949590	47.839862	50.396295	40.588671	25.011945	22.482783	47.333035	48.552088	49.508764	44.275808	26.582426	46.771631	41.855402	50.506167	49.749704	46.627394	34.564379	29.064386	45.155087	51.233191	39.732414	36.799660	47.618711	29.825044	31.396018	43.081260	37.630482	48.677571	48.380133	46.000390	49.216160	18.593373	35.970906	23.593842	48.397090	43.696878	44.892241	39.926560	46.280168	42.111484	43.499997	33.749511	24.543760	49.495267	41.670055	51.333907	51.332345	47.483579	42.865678	44.619787	48.416510	47.629184	39.201584	33.991851	51.317471	0.000000
