38.314457	64.745563	54.682163	63.051932	52.873037	65.632392	57.801475	39.727063	62.382493	33.175853	49.207621	35.311843	40.454210	46.658246	59.291555	38.102839	56.359614	42.578789	57.197842	64.574633	61.395791	57.056505	39.326532	63.292054	62.187212	63.469184	57.247046	61.780324	64.721902	59.080342	63.427105	53.576224	42.018089	63.612514	45.691990	49.022749	61.922509	63.967277	62.125732	65.736456	28.201017
64.704667	53.761725	64.783088	52.486812	15.557896	27.238385	62.383339	62.062907	32.560459	65.117268	43.112136	57.733356	59.566709	63.964225	45.615678	22.315381	20.908660	54.086260	42.903201	64.182014	47.673601	55.701438	48.056202	65.538365	45.531188	62.359972	22.234583	40.644075	56.848782	65.371088	52.072562	59.762481	52.985951	34.832576	50.390821	53.635637	58.180614	50.478183	63.899308	29.571679	62.603973
65.450015	26.054212	64.751908	64.617663	64.188269	49.281434	56.401055	65.464334	64.610218	27.804643	43.281630	63.101123	56.819447	36.825922	57.068591	63.714909	63.114981	65.007048	52.886677	58.210421	55.026992	44.721264	60.039353	61.920585	47.654293	61.450592	36.915331	64.405396	64.557558	64.919986	62.220020	57.456836	50.247836	63.916281	61.888690	60.949976	56.267438	46.623266	44.281591	54.444996	65.335837
41.603264	58.787789	65.172811	52.827887	60.071618	60.863375	59.776867	59.981162	53.658724	33.551495	35.652821	65.040044	64.542121	58.721562	42.242922	39.077166	51.033672	65.382035	31.024354	44.529191	54.471574	59.910882	53.997650	29.567290	52.459851	48.917695	57.481307	54.595270	46.104295	54.734560	61.262130	62.008422	65.427685	64.447423	49.243414	59.699392	55.600282	62.536589	36.839379	53.112685	59.851824
65.671076	34.224676	63.399249	65.296988	65.634608	44.235324	32.766089	54.542250	33.460796	63.553960	52.585105	53.492185	65.350694	36.573642	58.641437	41.390427	57.428791	29.826294	62.439187	57.632652	53.971566	65.361542	50.982243	64.303418	35.753253	38.163525	48.610666	62.636405	57.690899	61.146575	62.321130	24.240060	17.571366	40.519715	53.239194	57.721771	49.934548	51.334136	59.590254	60.950462	55.376241
45.914234	41.575836	65.537055	64.870367	27.910933	49.642900	65.730215	61.703169	62.920375	33.152927	57.097467	32.750058	59.217116	65.101499	48.957596	62.805899	51.244190	62.663732	64.156417	41.316601	60.796590	58.583727	55.078702	28.774113	50.445103	63.656593	43.067243	63.525794	65.262866	62.538159	28.677974	36.007614	53.656072	57.905440	53.863263	51.194333	27.511781	56.893934	44.892680	65.706663	61.870508
65.655629	45.190893	21.201994	47.761419	64.700807	65.447043	62.382209	56.661389	32.182405	58.566099	50.608620	20.897903	57.130210	65.139233	49.212926	58.865046	34.119425	57.276526	55.261664	41.054000	55.907623	60.382254	63.310522	47.164337	61.963380	62.648921	58.542842	48.994084	54.594142	59.673304	56.334573	58.968540	59.238478	56.151289	56.075653	55.311038	32.653758	37.673540	20.242372	62.351285	28.607809
62.333245	59.003226	59.736275	63.505563	57.706421	64.678511	30.527396	47.947039	53.626978	50.578534	55.576016	60.508051	58.110540	55.830190	64.126840	54.961873	58.778416	43.501578	61.163669	50.226146	42.678475	27.204982	46.659184	35.604585	55.792481	65.161224	44.288979	56.702014	59.323086	45.699858	55.853675	53.773918	58.660313	62.536033	58.204041	65.591221	27.936946	65.285760	58.884180	62.395774	58.224983
60.704500	56.253129	53.971933	61.633846	29.706259	61.484378	48.633559	33.595309	52.047777	49.907483	60.592170	54.589491	43.955398	52.325521	62.215776	59.620986	50.075687	63.074186	60.938312	52.697997	58.073923	64.494767	45.343433	59.792044	58.540123	64.768626	57.322033	65.262666	63.859280	56.535436	61.689060	58.052791	41.996039	65.385041	61.946090	56.095791	50.123028	64.286925	32.483949	21.388398	59.270584
60.451885	62.447287	58.842014	50.578054	36.253706	42.174841	65.006745	65.153792	53.820760	62.927218	57.627210	46.608920	55.115029	58.401842	48.875153	61.882496	60.989804	63.558940	63.502827	50.939251	52.883869	35.510567	63.653328	56.215313	36.160463	61.298625	53.542212	53.271485	46.764965	33.812167	60.106990	58.629156	28.629776	62.592992	42.714113	50.673751	36.767624	59.741449	59.755974	48.109215	47.638318
63.354699	48.899431	65.405949	64.814456	49.671980	53.636432	53.719355	63.815204	64.113399	65.354132	25.889721	38.670801	46.927908	30.434518	60.607647	39.234692	56.998729	60.264052	41.531837	53.623958	42.818745	48.551027	65.093792	60.471110	62.016845	62.247392	63.301458	51.223152	65.534848	41.139916	47.287491	65.409558	62.171642	62.366195	53.247780	37.601179	53.452990	50.613379	62.946286	43.047191	37.367165
29.441112	64.889990	50.457307	59.914661	24.465994	59.361344	55.902630	36.535189	34.666364	54.685719	24.352272	19.920931	54.834972	49.985259	65.723045	64.488009	18.804436	47.766393	64.094647	63.242822	62.199479	37.257766	49.790187	52.296495	24.918290	60.567424	51.937181	42.724670	65.456347	58.714085	49.368006	65.180186	53.784412	57.781249	61.871528	62.678755	43.747691	31.574685	50.268532	55.900860	60.110514
22.067524	37.583958	46.088243	55.958178	61.230897	37.495091	63.483717	65.330859	27.578731	37.275329	59.199551	41.535815	63.884874	39.926384	63.877897	64.640190	64.866021	62.740894	63.400608	50.242154	63.743938	60.216409	50.085593	56.553126	58.571497	56.367022	37.896874	61.905593	60.708608	58.495788	62.586958	55.791734	62.918248	61.389001	45.650245	49.346503	31.018960	58.938324	65.017346	51.857227	57.670825
53.419179	64.511900	55.282390	30.691541	63.995344	62.767646	64.654866	34.443440	57.572680	46.931918	25.211569	54.775162	29.905648	65.724686	63.138161	51.637238	49.821941	42.810375	49.262785	50.926908	65.404273	63.246808	40.690373	56.226457	57.202887	60.706686	48.740838	63.024117	61.913520	39.400492	59.182952	60.899332	38.658516	36.601539	58.176115	59.224855	41.363303	44.109368	24.684221	61.863064	60.265549
61.710388	58.219697	45.993803	61.919265	65.160304	54.604068	60.878426	60.610510	63.148521	36.501718	62.859543	62.295012	64.837063	41.692028	65.498877	65.541961	44.821691	35.116461	48.921920	65.499842	62.644309	48.636001	60.705766	50.129189	62.316283	56.577066	52.360942	64.905063	28.278445	63.356451	29.460328	31.045950	61.434328	63.778601	60.963592	48.893600	62.911288	49.422048	61.267068	42.984419	53.756203
58.216582	60.266946	50.770526	52.983819	59.918183	59.069953	49.737705	47.207923	31.052283	32.006939	60.547489	48.686777	57.371928	32.388394	59.100904	65.700975	58.232600	61.399295	54.640499	55.707849	50.333652	64.922212	46.385696	61.869942	55.859587	38.687269	46.539961	62.725598	59.228274	59.674069	64.685765	59.761346	29.782966	64.923042	49.521428	45.132678	36.997564	49.715336	54.954956	56.040574	60.489715
50.968124	64.471717	65.347072	58.120886	53.865455	40.566740	48.087935	54.218456	61.057838	64.515956	30.569420	64.781337	62.262031	65.630775	65.713021	20.465035	64.319035	58.241392	57.290771	43.560405	62.286299	51.717593	45.415850	59.887729	57.703510	58.550194	63.161788	65.201276	65.496724	49.872203	57.483384	65.580701	57.860201	26.706890	51.267567	65.079340	59.726383	65.689138	18.067648	29.822955	30.692627
64.210280	45.915070	56.453144	54.465450	64.566611	62.218466	39.486012	64.611652	62.294105	65.333693	60.439253	50.494268	36.830801	38.991046	30.520108	58.850827	60.744930	46.961037	62.298069	64.952985	35.265276	16.171257	40.174178	52.108260	38.674472	52.433333	57.892708	53.300169	33.261617	65.133845	63.123576	65.554022	38.433793	46.549836	41.863664	64.378360	65.105870	64.903401	49.203462	55.707199	40.671482
60.340956	41.976104	53.243337	65.342119	58.554774	23.091727	65.399679	63.826422	61.315664	55.419130	22.130546	27.728120	58.097616	57.934350	31.838313	35.837752	59.539810	50.604576	19.990692	63.615962	60.922401	55.585811	64.437386	62.438582	62.834155	54.289038	60.640616	61.450348	61.225291	34.735885	65.370868	49.469217	63.616003	47.412994	56.197826	58.194521	22.789990	54.136282	35.572973	51.798955	65.504820
65.234213	57.774442	40.093866	57.378048	61.020731	65.054276	38.240285	62.952526	59.601805	62.176877	18.986906	65.398022	40.321245	48.038961	41.274471	58.567428	65.193362	58.243354	64.723633	61.110067	49.410701	53.006387	44.254611	62.411285	61.178447	64.320210	44.274382	59.662893	64.154283	49.118290	58.316554	42.600414	59.671853	65.125635	55.696158	51.158039	54.231760	62.505838	64.610715	63.275897	62.511527
58.735025	51.049916	61.858848	58.074173	63.672742	24.090490	26.831111	55.589111	27.443686	65.611487	65.286642	63.191483	58.494856	64.384928	63.803985	63.220118	65.488288	51.790356	54.176542	39.539899	34.946314	60.534324	55.021149	59.384736	50.478631	65.076745	65.535367	40.603711	49.309035	58.054347	62.642164	63.406486	61.106960	65.716953	30.215703	65.490172	60.763470	51.953903	65.472206	64.929352	50.726772
53.966712	59.132257	18.881956	23.285113	64.360659	49.289024	49.703834	32.896275	51.348100	55.648306	52.617075	65.288658	54.635272	49.881991	65.315484	53.541889	65.447365	61.005382	62.983331	61.932112	64.734289	57.016171	63.357566	58.794479	64.907950	64.174021	64.776882	33.521452	37.457696	61.976047	47.804500	55.589870	56.686608	58.520422	52.216393	63.703506	52.809871	56.823782	62.347874	50.510766	54.960532
44.598312	49.309244	60.538412	57.205243	63.888909	54.795279	61.877928	53.039122	63.696156	58.876078	61.043293	22.607534	61.888991	53.201026	64.980495	45.335964	50.322710	51.486084	61.293465	56.448557	52.137910	51.069234	61.350824	64.975257	62.849094	60.032652	56.040107	63.509661	65.471224	25.085954	54.978305	65.703301	62.735244	41.906894	62.474972	51.987383	53.230757	28.181201	23.461985	62.243709	34.596579
53.753321	60.057105	65.382194	57.529616	49.307609	65.016654	64.828555	58.091657	42.310490	61.423658	63.580279	65.393448	47.872590	47.001610	48.172879	50.459392	63.552345	56.586194	62.558151	34.880061	51.759648	51.136630	64.685277	64.601712	64.968169	57.580278	54.361195	22.606359	49.999716	37.189726	27.245788	64.855947	44.472572	65.380747	42.871284	56.257364	29.837448	61.833174	59.708869	59.863500	58.427294
63.063734	63.006225	50.366218	48.480552	64.152706	48.856855	63.391323	41.681102	26.441842	50.419125	59.958024	65.082942	65.547558	51.388006	57.557423	32.785953	57.082656	62.024750	46.268339	52.154764	60.843491	48.276901	65.078244	25.404311	38.980651	61.119920	62.674369	33.254303	55.480261	59.704575	32.256879	22.707414	58.780684	26.266393	52.695817	39.221585	46.918340	49.773912	55.042844	39.642747	39.001845
57.467984	43.155774	55.510285	59.467472	53.330548	33.819476	65.274848	33.086917	62.263422	39.769689	53.656129	63.672555	52.976624	64.924784	40.449065	60.315436	51.849035	60.001790	54.449400	60.420821	39.176342	61.223791	44.999637	65.109412	59.476683	64.892526	34.141660	59.639313	36.957925	43.927380	56.798838	55.719350	53.219311	23.606375	35.266788	57.575527	47.914867	51.006268	51.914673	56.931949	25.582307
55.831812	27.815577	54.894475	54.074385	53.678958	51.953932	45.215762	39.287647	50.254598	60.291946	65.443075	52.485096	60.146178	48.645657	39.905697	38.345649	47.711350	43.053965	50.061618	57.910226	52.289916	65.724188	63.342728	61.052248	61.389280	58.541925	63.426950	42.581766	48.700989	60.872186	59.349535	45.692524	33.632169	48.455900	62.687141	56.542548	42.526899	61.512810	37.527951	56.864309	23.501070
44.363257	63.480257	62.226756	56.467968	42.280497	41.552728	34.314035	64.814761	64.752852	58.778011	52.152168	58.538815	29.683363	57.953886	64.399809	54.717531	59.652757	65.389717	63.130671	62.083581	65.207879	62.666446	57.565658	54.670116	56.874957	59.580687	59.120307	53.980687	47.076110	63.168266	55.878388	65.402527	54.019101	62.989520	31.755757	39.695590	60.180546	58.378652	36.199307	56.323818	46.067683
49.606976	42.460470	65.421601	38.127884	64.277620	57.401477	64.176299	59.906190	63.115851	64.486106	60.626385	63.143002	48.377393	62.589939	35.645081	38.096860	55.852617	62.530746	61.455322	58.075377	46.317885	48.495123	20.662955	38.944641	48.030455	43.175561	31.842288	65.009685	53.074176	34.525052	63.792453	51.155152	51.437576	60.227582	47.051702	14.892409	40.115751	63.456056	59.031778	48.552782	65.659904
34.683954	62.373413	51.345669	30.275543	55.106477	53.785816	15.622507	40.909748	59.309279	33.233520	49.468108	63.126768	28.914353	57.790494	62.726973	64.162962	20.412658	57.874515	55.851896	29.576383	59.232034	62.092087	52.361898	40.579468	64.985176	60.414490	53.766658	51.216912	52.174002	59.354083	63.685119	57.649635	59.333127	56.289211	42.231331	51.281105	48.633495	41.265512	46.962093	39.179464	43.775871
47.608642	36.901219	58.240483	55.602584	43.344321	64.819008	56.474149	58.440318	35.853277	41.017145	39.911104	60.495716	41.701064	50.197219	52.601563	60.796946	60.496419	64.489315	31.985265	50.134978	50.438547	53.248916	65.671082	61.239158	24.086446	62.951262	60.402095	59.934363	25.363880	52.236870	64.381705	31.589336	42.974983	49.088765	64.986708	59.413534	48.222688	58.950848	36.419904	43.040029	23.862266
64.013967	55.240006	28.199528	21.911068	58.870749	56.538754	60.684191	59.997089	15.843394	55.744816	43.735206	61.784713	48.066828	40.151823	41.014280	31.340047	60.457316	64.261579	50.620946	26.912831	62.040486	40.456011	47.099411	61.488235	59.730350	65.484867	61.632826	64.421112	53.463774	52.807367	51.881056	43.102180	64.017549	43.111752	64.462904	56.822986	65.775209	42.159790	56.081496	56.686246	60.634343
50.233959	59.815869	48.573080	50.740842	55.089890	59.471711	62.640494	64.634903	60.420610	49.190957	37.551139	25.829658	34.514506	59.762472	53.070068	62.598449	63.746015	54.253212	54.653857	61.644745	65.122104	63.634688	55.976161	63.137877	48.241888	63.064346	65.716498	32.421810	62.004687	63.217934	39.782051	47.565418	58.185195	44.666333	65.530399	56.508910	41.023562	62.342768	63.554747	29.118929	57.257577
41.369594	62.670268	19.745267	65.456888	63.120323	62.287605	28.635934	63.648065	51.676046	65.456179	26.996418	55.803201	62.659680	41.146715	62.032608	59.711362	39.840360	34.253540	60.567384	34.235572	38.882816	43.147760	49.509634	56.774836	65.186335	35.136718	60.773869	56.082068	28.182777	61.939712	33.502751	63.505717	46.296949	62.634478	57.682387	22.692369	60.078107	52.170409	28.562730	50.316270	64.497877
53.794955	64.967599	33.020469	62.236835	63.377197	27.048015	49.121626	35.251644	42.898301	53.183435	65.648955	63.133829	54.044333	64.816454	63.930162	43.483084	62.053759	36.351321	44.315282	65.286904	59.928112	63.779257	62.849928	61.230679	58.671894	51.834919	52.256306	43.702102	58.791603	58.483161	53.769886	65.010790	52.926301	51.423690	64.716505	40.796833	48.682041	55.073155	57.249171	47.411710	31.200944
61.457034	22.807692	57.361525	54.748647	36.138070	25.099846	64.987230	43.363245	62.304169	62.378899	56.529387	36.240701	64.961392	35.778502	36.054562	50.879667	52.313676	61.256210	50.784402	65.313955	33.336728	49.571890	53.999171	51.905345	65.019723	51.814357	22.413683	53.638763	53.070927	32.261668	59.939513	48.133253	51.241657	62.890639	57.527621	61.287515	65.649115	46.514722	42.956269	45.135940	49.653787
30.729795	47.469685	65.661264	65.219905	64.623378	52.582529	65.500776	42.604051	45.175333	55.303056	64.820719	64.865317	52.224402	64.947513	48.442107	64.064971	61.482344	53.298911	51.852651	54.034941	44.493959	56.030095	60.768343	65.685422	60.747279	61.001676	41.753907	65.515136	63.393843	65.232422	46.868391	55.571833	30.452075	57.837699	51.742292	52.950639	52.711548	60.128638	61.014562	58.680391	62.723365
59.805932	54.144903	58.605987	22.426356	59.085631	62.516821	65.099780	59.611913	52.120358	64.796445	58.823222	52.269451	40.591680	29.412814	63.230498	61.929592	38.218671	64.772399	34.881470	64.161682	27.422372	62.197436	59.681666	50.892147	60.388806	51.152517	65.122284	65.143841	55.323739	64.670530	49.823570	65.388224	55.947437	65.410669	16.628867	51.248274	64.994486	65.593371	61.372435	59.483097	44.497790
58.424621	47.075375	44.260956	55.882275	49.902239	65.655982	26.397334	48.014026	57.658709	55.254228	55.185912	65.669987	56.475641	32.885651	38.082856	42.942318	49.081592	33.699204	57.053175	62.013864	50.421554	32.351294	31.831447	65.185268	55.674572	62.760861	62.400383	39.824936	35.699133	53.801098	62.389972	40.985739	49.748824	30.464390	63.794959	45.251387	24.928130	56.913280	44.288233	61.324903	65.075582
44.917484	35.721091	47.067622	48.771956	51.716153	44.904373	54.887495	53.235476	63.482701	62.283615	50.388413	59.902194	64.721439	57.912162	51.337943	65.021790	63.855036	39.833052	65.724142	61.876299	48.877650	41.621290	62.934577	56.444671	21.676337	64.666903	21.214639	64.651466	60.738529	47.736964	59.821733	61.861779	52.251497	40.237614	54.030695	60.750109	32.836475	65.517303	26.885829	62.710899	48.119672
59.704373	48.983937	38.044891	48.870056	60.343778	36.313859	43.922965	65.246179	59.654234	64.587186	65.740002	43.863119	59.660054	58.515486	35.440162	48.299618	63.808083	64.915106	62.800070	61.806186	64.760912	60.728253	62.630004	50.005646	58.182768	27.042553	52.648206	64.696024	22.186605	56.808226	27.538924	24.777152	41.243743	63.944243	63.144659	57.937363	19.804069	65.050777	53.913440	60.545621	33.635962
