 


CUST NO.   XCOORD.   YCOORD.    DEMAND   READY TIME   DUE DATE   SERVICE TIME


    0      36.00       5.00       0.00       0.00     842.00       0.00
    1       6.00      44.00       0.00     321.00     349.00       0.00
    2      42.00      31.00       0.00     185.00     196.00       0.00
    3      36.00      49.00       0.00     526.00     549.00       0.00
    4       3.00      29.00       0.00     311.00     322.00       0.00
    5      36.00      33.00       0.00     165.00     183.00       0.00
    6      11.00      41.00       0.00     294.00     315.00       0.00
    7      19.00       6.00       0.00      17.00      34.00       0.00
    8      44.00      49.00       0.00     499.00     527.00       0.00
    9      23.00      44.00       0.00     226.00     253.00       0.00
   10      37.00      21.00       0.00     151.00     171.00       0.00
   11      33.00      45.00       0.00     209.00     242.00       0.00
   12      17.00       3.00       0.00     621.00     637.00       0.00
   13      42.00       0.00       0.00     447.00     466.00       0.00
   14      30.00      47.00       0.00     210.00     235.00       0.00
   15      29.00       2.00       0.00       0.00       8.00       0.00
   16      16.00      20.00       0.00      70.00      93.00       0.00
   17      27.00      44.00       0.00     214.00     238.00       0.00
   18       6.00       2.00       0.00      39.00      42.00       0.00
   19      26.00      29.00       0.00     110.00     143.00       0.00
   20       6.00      12.00       0.00      43.00      60.00       0.00
   21      24.00      33.00       0.00     101.00     131.00       0.00
   22      43.00      15.00       0.00     420.00     440.00       0.00
   23      19.00      11.00       0.00      12.00      28.00       0.00
   24      20.00       8.00       0.00       5.00      35.00       0.00
   25      17.00      25.00       0.00     103.00     112.00       0.00
   26      26.00      37.00       0.00     234.00     251.00       0.00
   27      22.00      30.00       0.00      97.00     119.00       0.00
   28      36.00      32.00       0.00     168.00     190.00       0.00
   29      23.00      15.00       0.00     375.00     392.00       0.00
   30      50.00      23.00       0.00     461.00     488.00       0.00
   31      13.00      16.00       0.00      82.00     102.00       0.00
   32      11.00      24.00       0.00      78.00     109.00       0.00
   33       8.00       8.00       0.00      31.00      62.00       0.00
   34      41.00      43.00       0.00     503.00     513.00       0.00
   35      15.00      44.00       0.00     240.00     269.00       0.00
   36      44.00       6.00       0.00     401.00     430.00       0.00
   37      11.00      41.00       0.00     244.00     281.00       0.00
   38       5.00       1.00       0.00     634.00     640.00       0.00
   39      29.00      33.00       0.00     160.00     195.00       0.00
   40       0.00      42.00       0.00     326.00     342.00       0.00
   41       4.00      47.00       0.00     770.00     790.00       0.00
   42      32.00      37.00       0.00     165.00     192.00       0.00
   43       1.00      23.00       0.00     659.00     666.00       0.00
   44       8.00      37.00       0.00     315.00     326.00       0.00
   45       4.00      13.00       0.00      75.00      94.00       0.00
   46      33.00      26.00       0.00     539.00     572.00       0.00
   47      47.00      10.00       0.00     454.00     469.00       0.00
   48      25.00      40.00       0.00     234.00     251.00       0.00
   49      15.00      28.00       0.00      94.00     104.00       0.00
   50      34.00      27.00       0.00     145.00     177.00       0.00
   51       0.00      19.00       0.00      54.00      77.00       0.00
   52      17.00      30.00       0.00     358.00     395.00       0.00
   53      34.00      32.00       0.00     147.00     177.00       0.00
   54      47.00      13.00       0.00     418.00     429.00       0.00
   55      30.00      19.00       0.00     141.00     157.00       0.00
   56      15.00       1.00       0.00      28.00      43.00       0.00
   57      24.00       4.00       0.00       2.00      30.00       0.00
   58       5.00       9.00       0.00      43.00      66.00       0.00
   59      24.00      33.00       0.00     113.00     129.00       0.00
   60      36.00      40.00       0.00     514.00     533.00       0.00
   61      15.00      43.00       0.00     238.00     260.00       0.00
   62      18.00      12.00       0.00     603.00     633.00       0.00
   63      44.00      46.00       0.00     492.00     517.00       0.00
   64      16.00      49.00       0.00     270.00     300.00       0.00
   65      10.00      47.00       0.00     342.00     359.00       0.00
   66      47.00      10.00       0.00     416.00     435.00       0.00
   67      45.00       0.00       0.00     578.00     596.00       0.00
   68      28.00      12.00       0.00     386.00     404.00       0.00
   69      18.00      29.00       0.00      89.00     123.00       0.00
   70      45.00      48.00       0.00     486.00     500.00       0.00
   71      22.00      40.00       0.00     260.00     280.00       0.00
   72       2.00      49.00       0.00     350.00     351.00       0.00
   73       9.00      36.00       0.00     298.00     318.00       0.00
   74      23.00      29.00       0.00     672.00     698.00       0.00
   75      15.00      43.00       0.00     260.00     274.00       0.00
   76      24.00      26.00       0.00     114.00     142.00       0.00
   77      31.00       3.00       0.00     395.00     416.00       0.00
   78      23.00      19.00       0.00     129.00     158.00       0.00
   79      38.00       5.00       0.00     405.00     431.00       0.00
   80      49.00      45.00       0.00     484.00     494.00       0.00
   81      44.00       5.00       0.00     434.00     461.00       0.00
   82      24.00      36.00       0.00     107.00     130.00       0.00
   83      32.00       8.00       0.00     560.00     576.00       0.00
   84      36.00      41.00       0.00     209.00     226.00       0.00
   85      33.00       4.00       0.00       0.00      19.00       0.00
   86       8.00      38.00       0.00     298.00     320.00       0.00
   87      22.00      42.00       0.00     238.00     261.00       0.00
   88       0.00      10.00       0.00      49.00      61.00       0.00
   89      32.00      34.00       0.00     156.00     173.00       0.00
   90      44.00       9.00       0.00     421.00     425.00       0.00
   91      12.00      12.00       0.00     699.00     720.00       0.00
   92      33.00      40.00       0.00     205.00     225.00       0.00
   93      15.00      39.00       0.00     250.00     278.00       0.00
   94      44.00      26.00       0.00     190.00     200.00       0.00
   95      31.00      45.00       0.00     747.00     759.00       0.00
   96      40.00      34.00       0.00     195.00     212.00       0.00
   97      12.00      43.00       0.00     247.00     275.00       0.00
   98      40.00      33.00       0.00     191.00     196.00       0.00
   99       7.00      36.00       0.00     287.00     325.00       0.00
  100       4.00      20.00       0.00     700.00     722.00       0.00
  101       0.00       0.00       0.00       0.00     842.00       0.00

