!! n200w40.004    40.48 1161


CUST_NO. XCOORD. YCOORD. DEMAND	READY_TIME DUE_DATE	SERVICE_TIME


0	5.00	23.00	0.00	0.00	1183.00	0.00
1	21.00	10.00	0.00	47.00	63.00	0.00
2	21.00	4.00	0.00	494.00	541.00	0.00
3	31.00	45.00	0.00	657.00	716.00	0.00
4	9.00	47.00	0.00	614.00	651.00	0.00
5	3.00	16.00	0.00	0.00	18.00	0.00
6	39.00	35.00	0.00	674.00	748.00	0.00
7	39.00	11.00	0.00	64.00	128.00	0.00
8	43.00	50.00	0.00	931.00	984.00	0.00
9	4.00	50.00	0.00	773.00	842.00	0.00
10	45.00	14.00	0.00	308.00	356.00	0.00
11	22.00	8.00	0.00	12.00	69.00	0.00
12	20.00	42.00	0.00	790.00	835.00	0.00
13	28.00	49.00	0.00	753.00	758.00	0.00
14	35.00	38.00	0.00	221.00	244.00	0.00
15	34.00	28.00	0.00	675.00	725.00	0.00
16	2.00	44.00	0.00	788.00	808.00	0.00
17	48.00	35.00	0.00	716.00	721.00	0.00
18	47.00	43.00	0.00	228.00	253.00	0.00
19	17.00	32.00	0.00	544.00	605.00	0.00
20	35.00	3.00	0.00	371.00	406.00	0.00
21	32.00	40.00	0.00	187.00	222.00	0.00
22	31.00	19.00	0.00	362.00	433.00	0.00
23	20.00	5.00	0.00	41.00	68.00	0.00
24	11.00	6.00	0.00	19.00	62.00	0.00
25	12.00	26.00	0.00	424.00	434.00	0.00
26	42.00	22.00	0.00	114.00	141.00	0.00
27	42.00	42.00	0.00	231.00	246.00	0.00
28	43.00	45.00	0.00	218.00	275.00	0.00
29	44.00	49.00	0.00	717.00	745.00	0.00
30	4.00	31.00	0.00	446.00	489.00	0.00
31	40.00	40.00	0.00	224.00	259.00	0.00
32	14.00	17.00	0.00	466.00	520.00	0.00
33	24.00	15.00	0.00	398.00	442.00	0.00
34	39.00	0.00	0.00	332.00	373.00	0.00
35	10.00	21.00	0.00	1.00	30.00	0.00
36	38.00	19.00	0.00	122.00	161.00	0.00
37	26.00	35.00	0.00	183.00	231.00	0.00
38	14.00	47.00	0.00	650.00	657.00	0.00
39	34.00	9.00	0.00	331.00	356.00	0.00
40	43.00	40.00	0.00	217.00	263.00	0.00
41	7.00	18.00	0.00	0.00	29.00	0.00
42	12.00	44.00	0.00	596.00	651.00	0.00
43	43.00	47.00	0.00	730.00	756.00	0.00
44	28.00	47.00	0.00	645.00	675.00	0.00
45	37.00	8.00	0.00	90.00	135.00	0.00
46	17.00	49.00	0.00	612.00	667.00	0.00
47	7.00	7.00	0.00	2.00	68.00	0.00
48	29.00	10.00	0.00	340.00	383.00	0.00
49	39.00	21.00	0.00	103.00	130.00	0.00
50	19.00	27.00	0.00	158.00	209.00	0.00
51	36.00	44.00	0.00	666.00	701.00	0.00
52	12.00	25.00	0.00	413.00	433.00	0.00
53	6.00	16.00	0.00	0.00	21.00	0.00
54	38.00	24.00	0.00	97.00	159.00	0.00
55	3.00	43.00	0.00	763.00	801.00	0.00
56	28.00	29.00	0.00	181.00	209.00	0.00
57	28.00	20.00	0.00	151.00	194.00	0.00
58	17.00	25.00	0.00	392.00	424.00	0.00
59	33.00	17.00	0.00	373.00	412.00	0.00
60	44.00	9.00	0.00	294.00	359.00	0.00
61	47.00	41.00	0.00	237.00	264.00	0.00
62	37.00	11.00	0.00	99.00	123.00	0.00
63	17.00	35.00	0.00	555.00	594.00	0.00
64	36.00	6.00	0.00	63.00	103.00	0.00
65	25.00	21.00	0.00	150.00	192.00	0.00
66	38.00	11.00	0.00	72.00	133.00	0.00
67	38.00	5.00	0.00	54.00	118.00	0.00
68	5.00	12.00	0.00	0.00	38.00	0.00
69	32.00	44.00	0.00	675.00	712.00	0.00
70	30.00	40.00	0.00	683.00	708.00	0.00
71	19.00	49.00	0.00	643.00	681.00	0.00
72	9.00	8.00	0.00	5.00	57.00	0.00
73	1.00	26.00	0.00	425.00	455.00	0.00
74	50.00	45.00	0.00	728.00	762.00	0.00
75	39.00	18.00	0.00	83.00	155.00	0.00
76	18.00	50.00	0.00	642.00	675.00	0.00
77	7.00	8.00	0.00	480.00	536.00	0.00
78	6.00	28.00	0.00	405.00	451.00	0.00
79	19.00	1.00	0.00	28.00	71.00	0.00
80	31.00	47.00	0.00	654.00	686.00	0.00
81	7.00	34.00	0.00	759.00	808.00	0.00
82	29.00	25.00	0.00	126.00	179.00	0.00
83	24.00	34.00	0.00	549.00	601.00	0.00
84	19.00	31.00	0.00	566.00	611.00	0.00
85	9.00	31.00	0.00	573.00	630.00	0.00
86	48.00	22.00	0.00	257.00	316.00	0.00
87	39.00	43.00	0.00	236.00	266.00	0.00
88	33.00	26.00	0.00	509.00	576.00	0.00
89	49.00	28.00	0.00	259.00	320.00	0.00
90	30.00	21.00	0.00	540.00	568.00	0.00
91	3.00	41.00	0.00	767.00	828.00	0.00
92	28.00	3.00	0.00	75.00	97.00	0.00
93	41.00	20.00	0.00	113.00	158.00	0.00
94	48.00	43.00	0.00	1105.00	1136.00	0.00
95	29.00	9.00	0.00	331.00	369.00	0.00
96	12.00	35.00	0.00	600.00	617.00	0.00
97	2.00	26.00	0.00	428.00	469.00	0.00
98	3.00	28.00	0.00	404.00	461.00	0.00
99	22.00	31.00	0.00	176.00	224.00	0.00
100	12.00	45.00	0.00	625.00	642.00	0.00
101	34.00	37.00	0.00	204.00	261.00	0.00
102	29.00	31.00	0.00	179.00	240.00	0.00
103	37.00	12.00	0.00	87.00	138.00	0.00
104	2.00	42.00	0.00	825.00	865.00	0.00
105	33.00	16.00	0.00	369.00	394.00	0.00
106	10.00	5.00	0.00	479.00	510.00	0.00
107	37.00	48.00	0.00	715.00	765.00	0.00
108	9.00	11.00	0.00	23.00	32.00	0.00
109	18.00	37.00	0.00	564.00	626.00	0.00
110	14.00	36.00	0.00	573.00	636.00	0.00
111	30.00	34.00	0.00	173.00	230.00	0.00
112	36.00	36.00	0.00	201.00	248.00	0.00
113	18.00	10.00	0.00	41.00	83.00	0.00
114	50.00	17.00	0.00	280.00	322.00	0.00
115	26.00	23.00	0.00	145.00	158.00	0.00
116	45.00	26.00	0.00	244.00	315.00	0.00
117	43.00	18.00	0.00	916.00	957.00	0.00
118	41.00	15.00	0.00	86.00	145.00	0.00
119	7.00	21.00	0.00	0.00	40.00	0.00
120	22.00	25.00	0.00	157.00	186.00	0.00
121	10.00	29.00	0.00	400.00	443.00	0.00
122	20.00	34.00	0.00	559.00	595.00	0.00
123	17.00	27.00	0.00	153.00	189.00	0.00
124	1.00	27.00	0.00	439.00	464.00	0.00
125	46.00	14.00	0.00	276.00	322.00	0.00
126	37.00	23.00	0.00	136.00	169.00	0.00
127	23.00	25.00	0.00	150.00	199.00	0.00
128	10.00	25.00	0.00	409.00	434.00	0.00
129	8.00	1.00	0.00	854.00	924.00	0.00
130	41.00	22.00	0.00	107.00	170.00	0.00
131	47.00	8.00	0.00	980.00	1042.00	0.00
132	35.00	9.00	0.00	77.00	121.00	0.00
133	18.00	33.00	0.00	560.00	605.00	0.00
134	31.00	8.00	0.00	356.00	371.00	0.00
135	7.00	3.00	0.00	471.00	524.00	0.00
136	6.00	6.00	0.00	13.00	34.00	0.00
137	26.00	4.00	0.00	341.00	371.00	0.00
138	21.00	34.00	0.00	546.00	592.00	0.00
139	38.00	39.00	0.00	223.00	273.00	0.00
140	48.00	16.00	0.00	280.00	312.00	0.00
141	27.00	7.00	0.00	39.00	89.00	0.00
142	28.00	6.00	0.00	56.00	107.00	0.00
143	27.00	5.00	0.00	55.00	84.00	0.00
144	48.00	37.00	0.00	258.00	286.00	0.00
145	13.00	10.00	0.00	477.00	493.00	0.00
146	27.00	10.00	0.00	328.00	359.00	0.00
147	13.00	8.00	0.00	12.00	75.00	0.00
148	3.00	39.00	0.00	796.00	821.00	0.00
149	32.00	34.00	0.00	679.00	734.00	0.00
150	24.00	31.00	0.00	187.00	207.00	0.00
151	13.00	20.00	0.00	460.00	491.00	0.00
152	20.00	27.00	0.00	156.00	217.00	0.00
153	21.00	27.00	0.00	137.00	187.00	0.00
154	2.00	15.00	0.00	850.00	888.00	0.00
155	13.00	17.00	0.00	458.00	494.00	0.00
156	47.00	4.00	0.00	299.00	345.00	0.00
157	5.00	21.00	0.00	1034.00	1072.00	0.00
158	28.00	23.00	0.00	123.00	159.00	0.00
159	25.00	20.00	0.00	128.00	179.00	0.00
160	20.00	20.00	0.00	411.00	435.00	0.00
161	21.00	45.00	0.00	636.00	678.00	0.00
162	37.00	35.00	0.00	208.00	236.00	0.00
163	20.00	19.00	0.00	406.00	439.00	0.00
164	25.00	21.00	0.00	124.00	160.00	0.00
165	49.00	26.00	0.00	251.00	305.00	0.00
166	28.00	39.00	0.00	213.00	235.00	0.00
167	20.00	3.00	0.00	58.00	90.00	0.00
168	34.00	40.00	0.00	216.00	259.00	0.00
169	26.00	31.00	0.00	183.00	228.00	0.00
170	35.00	22.00	0.00	96.00	136.00	0.00
171	20.00	19.00	0.00	516.00	564.00	0.00
172	3.00	27.00	0.00	439.00	456.00	0.00
173	16.00	7.00	0.00	22.00	68.00	0.00
174	10.00	48.00	0.00	601.00	641.00	0.00
175	21.00	38.00	0.00	565.00	602.00	0.00
176	48.00	32.00	0.00	268.00	303.00	0.00
177	8.00	17.00	0.00	441.00	505.00	0.00
178	32.00	36.00	0.00	917.00	949.00	0.00
179	30.00	10.00	0.00	342.00	366.00	0.00
180	32.00	24.00	0.00	142.00	173.00	0.00
181	26.00	11.00	0.00	322.00	377.00	0.00
182	28.00	24.00	0.00	551.00	569.00	0.00
183	37.00	8.00	0.00	69.00	126.00	0.00
184	23.00	8.00	0.00	63.00	99.00	0.00
185	16.00	49.00	0.00	636.00	661.00	0.00
186	17.00	38.00	0.00	749.00	805.00	0.00
187	7.00	24.00	0.00	0.00	13.00	0.00
188	23.00	32.00	0.00	541.00	564.00	0.00
189	38.00	18.00	0.00	97.00	121.00	0.00
190	22.00	40.00	0.00	753.00	799.00	0.00
191	33.00	3.00	0.00	47.00	110.00	0.00
192	10.00	41.00	0.00	595.00	648.00	0.00
193	45.00	31.00	0.00	273.00	300.00	0.00
194	50.00	37.00	0.00	236.00	303.00	0.00
195	23.00	23.00	0.00	165.00	205.00	0.00
196	9.00	25.00	0.00	449.00	466.00	0.00
197	14.00	37.00	0.00	600.00	622.00	0.00
198	39.00	14.00	0.00	68.00	129.00	0.00
199	44.00	16.00	0.00	284.00	341.00	0.00
200	19.00	6.00	0.00	1044.00	1081.00	0.00
201	0.00	0.00	0.00	0.00	1183.00	0.00
