0
38
32
11
32
50
37
43
39
38
10
34
20
39
22
28
32
11
45
21
47
29
48
19
26
50
23
43
23
39
32
50
14
45
10
20
26
14
15
34
29
40
50
14
18
10
11
44
37
23
17
25
48
12
39
44
29
29
27
42
44
26
46
24
21
39
17
37
42
28
46
37
10
11
48
33
43
32
28
31
42
26
31
29
33
40
22
25
21
32
12
48
22
31
31
28
20
32
39
45
11
16
43
34
34
48
50
27
17
10
43
45
32
44
26
33
46
44
50
28
30
20
18
43
32
46
29
31
35
12
17
19
13
14
28
45
20
13
43
39
44
20
24
21
16
25
39
43
39
44
35
16
25
38
31
43
45
32
20
23
31
12
36
35
31
40
38
28
19
50
39
50
10
22
20
19
12
33
46
28
25
17
45
19
26
30
26
13
13
37
16
30
40
18
19
24
26
23
19
24
14
0
