0.000000	28.022562	24.162667	23.680741	28.681997	24.259258	30.047120	28.188118	25.616717	27.424330	26.889243	23.446685	28.540508	28.470551	25.281863	29.058829	16.233833	27.860082	18.516439	19.139209	29.511376	29.793587	30.931019	29.233128	11.016343	25.548046	23.597582	28.548499	29.860856	27.902397	30.544295	27.306753	29.793207	27.848478	30.303043	26.403350	24.557228	16.671454	29.070788	25.839031	24.738436	10.085548
31.129553	0.000000	29.224674	27.627876	31.056898	25.399486	28.097148	27.711157	31.129628	20.027736	26.321972	29.230245	30.436249	15.297502	30.253959	17.740475	27.102807	28.404148	27.416957	28.118806	31.084225	27.995844	15.241311	25.699101	23.794052	29.996035	29.733788	23.523012	26.184923	30.012472	22.003117	18.637103	31.019038	27.019378	10.169108	18.674776	28.151625	24.829913	19.531787	30.642826	29.285583	18.753994
19.767843	30.975967	0.000000	30.761854	22.952103	29.116229	22.226526	12.600639	13.298857	30.083966	14.430758	30.929106	28.544447	25.904231	27.602950	29.248029	28.972782	22.546946	21.546367	25.525289	15.459009	21.811859	28.661934	27.400970	24.375395	29.323487	31.077786	28.548270	29.010286	26.594784	29.924279	25.130887	22.398204	8.186514	30.321312	11.351178	30.386859	29.637763	18.228641	30.627194	15.935012	30.467357
30.767027	30.497826	29.563249	0.000000	29.355745	29.221633	13.804149	27.404661	30.965978	28.032708	21.256240	22.362019	27.010056	30.643248	24.592063	25.652261	17.896636	23.866001	31.001263	28.057149	30.315102	27.959581	12.388185	19.832617	26.566623	21.336158	21.903787	23.339185	25.763372	26.984546	21.544331	29.881328	30.739467	15.845675	14.861851	30.077108	28.630563	31.123734	13.331372	30.700255	21.146236	25.698651
16.706604	31.090371	25.916740	24.326062	0.000000	24.053540	13.890568	19.088704	25.208905	30.307408	11.038994	24.831989	24.342651	30.721302	18.540604	27.077253	14.242435	21.557485	30.654673	29.420378	15.369099	20.963377	12.464302	26.652374	28.701109	26.673587	18.692051	29.309720	28.788343	29.985422	18.647455	19.772599	30.683373	17.479111	26.802259	30.560697	25.231305	27.576733	28.327832	29.290221	20.362250	24.750375
27.107223	23.105743	28.327721	15.651376	27.831771	0.000000	30.049792	30.799049	25.695254	30.240215	30.417907	27.548633	30.041872	27.963441	30.089333	24.789361	22.959598	22.290095	30.937423	28.357136	21.892196	24.525021	28.667441	28.839014	29.869312	27.082120	27.731863	25.310184	26.524617	21.562795	30.198660	13.860848	28.743892	24.092500	31.098537	26.079874	27.746059	25.918633	17.290697	30.920637	16.407471	29.871095
28.911444	18.805970	17.061464	24.926349	27.143773	29.307669	0.000000	18.495898	30.386538	16.407994	24.055468	27.656568	12.287843	11.427198	17.409814	28.393377	29.673738	30.678534	27.327494	29.090281	23.074645	30.812638	30.138833	19.735027	30.393580	26.440491	29.360063	28.078942	24.651974	30.870068	22.549626	27.852860	29.979378	30.745887	25.778798	29.953033	24.252918	28.328676	28.688419	23.580061	29.943150	29.198030
20.678725	13.728456	29.898940	20.631616	30.656295	27.420010	18.181438	0.000000	23.407112	29.599666	16.237830	30.615002	20.227936	22.220924	23.832952	30.769827	29.789935	20.875483	21.851335	30.081065	29.928000	24.664185	17.882459	27.305062	30.235008	25.028602	22.030907	25.824035	30.680265	24.246164	30.425920	20.568289	18.383593	22.363125	29.799598	30.603495	16.811769	29.972582	29.423723	29.950307	20.378100	27.334029
17.965150	19.993489	23.872460	27.280461	16.476028	26.502612	26.543954	21.306954	0.000000	30.979798	24.340808	30.959518	11.664072	28.968325	22.750712	31.086383	25.633277	15.043362	21.547540	7.589823	29.105165	21.281167	22.748234	30.888397	26.969047	30.199569	31.038014	26.459177	30.506401	29.743914	25.441821	19.873942	29.211081	27.150155	26.132638	10.329991	30.140337	30.032841	26.441853	28.657584	24.312930	28.804110
23.805057	23.182665	27.508242	25.934574	24.525772	25.792373	29.675909	19.098169	29.290783	0.000000	27.794595	24.653738	29.571963	30.811028	26.544954	23.001824	23.617230	30.229423	29.028918	28.956856	27.044121	29.147571	28.938952	29.591013	31.096789	22.457410	22.924525	28.129214	13.035141	27.904406	25.242407	19.648558	9.166884	29.603385	16.589695	30.596297	29.186110	18.787697	27.118659	30.339344	22.147245	26.623632
25.218423	20.278386	30.618711	16.846765	20.404169	26.787453	25.917127	26.086921	23.684077	25.933818	0.000000	24.835963	27.188660	10.077517	25.714047	27.783667	28.497747	12.863545	26.992549	30.503461	25.181404	26.273236	28.772618	23.514677	29.756874	28.603595	25.627261	27.305565	30.911400	11.052689	24.116196	25.894500	17.053107	30.658904	16.315243	19.163348	20.171587	30.705934	27.213678	28.639896	30.078657	25.974646
29.408647	14.575920	16.899821	30.371108	20.950491	22.162732	23.608594	25.627896	30.441998	25.080609	17.976570	0.000000	22.092061	30.529142	29.279550	17.150164	26.260567	25.318477	26.270281	23.247970	27.642177	24.898757	23.445556	29.215092	26.598791	31.034891	22.243695	20.351544	23.106128	29.928031	22.009300	29.955802	25.045102	26.577215	19.716471	23.108856	30.882449	29.813714	20.556168	19.940067	13.409030	30.301868
29.842016	25.371215	28.782537	27.212437	16.017713	24.041553	29.769209	10.813473	18.877732	21.273021	28.859050	14.177403	0.000000	16.245761	21.280752	27.984045	29.693773	27.715244	30.120494	28.660852	29.361490	27.305030	29.777080	22.797233	23.908502	30.282590	26.584711	29.351587	22.082105	14.879923	28.449359	24.197219	28.190594	30.127208	10.856726	29.632655	29.780231	24.407551	14.985134	30.969678	31.061764	31.116521
26.142430	11.203030	26.543095	22.973779	10.134634	28.438872	26.910305	29.846983	28.649407	21.417844	11.579967	27.351197	28.703133	0.000000	30.061038	15.543008	24.782203	29.239101	24.081894	20.089070	30.250794	27.340534	29.964545	24.706993	28.230500	30.482215	29.146781	29.551044	9.627997	14.638306	27.122868	30.466453	29.344512	27.290134	20.508778	31.087951	30.984356	21.467213	30.377807	28.799305	23.175544	22.069890
29.719950	30.844229	19.892069	30.643771	29.134657	28.391153	29.852883	26.660682	24.728750	28.608405	19.211462	28.039321	29.799235	12.747822	0.000000	28.333954	26.610052	31.064551	24.481085	14.862662	24.317633	28.965543	15.300997	25.752983	29.796688	27.079670	28.023092	27.442440	11.255466	19.252069	30.741931	19.741336	30.982184	28.396851	23.605317	31.086850	24.803572	29.357680	11.410725	15.381735	17.369019	23.963255
23.213906	19.043561	28.658847	27.996044	25.853992	13.875804	26.648277	26.515027	28.124184	25.273013	27.786375	29.418594	30.395053	29.752548	23.672930	0.000000	30.372664	30.785414	11.276260	28.980727	25.884897	18.458685	30.010013	26.631227	30.492305	10.948621	28.364195	12.706334	24.683708	28.816939	29.805280	23.687941	24.726034	27.387478	26.912426	25.040979	28.787871	30.196072	28.239275	19.790332	26.577950	30.645511
20.993019	30.301636	26.212136	24.994343	27.307688	26.555801	28.604095	27.978359	30.947943	17.179720	28.769233	14.965077	30.854633	26.909366	25.819915	14.530658	0.000000	29.244806	26.376892	11.547822	27.920650	18.486104	12.257713	25.771236	29.696037	22.041648	28.285768	18.637524	29.237877	26.433709	18.233524	22.873090	22.875115	29.093031	27.056308	29.511821	26.043421	20.902234	28.146036	19.353509	21.754659	27.601336
21.891486	22.214512	27.602321	24.442965	17.380425	22.340063	18.412469	27.529263	24.221270	17.678276	27.495574	16.498845	22.066002	20.473148	26.628746	23.896095	23.417707	0.000000	9.192428	14.173253	26.433666	31.025205	26.330568	27.907540	24.182597	18.242892	28.037585	24.367232	11.806570	25.664375	16.461504	19.839472	27.005850	28.778872	22.118187	24.901682	23.462619	28.876934	30.760715	31.054861	27.251176	11.817220
21.139805	24.641832	19.464302	30.452753	20.383353	24.961718	20.706321	27.318192	19.302161	31.020140	22.615946	25.812391	22.314956	26.144963	20.481106	31.057273	30.849163	30.314521	0.000000	26.729471	27.436302	26.347863	29.442653	11.041614	29.438945	28.258146	21.093689	18.111069	30.459411	30.924713	30.006958	30.154853	30.086821	25.558246	23.042778	16.469917	21.858341	24.928127	31.101797	29.489194	10.817060	14.604231
19.912701	30.342038	29.614194	25.347167	31.064217	27.996149	23.968199	25.653764	22.088009	24.875217	12.273613	22.210266	29.744048	30.433203	25.915161	30.914320	23.348154	20.964015	28.214539	0.000000	29.600361	20.405032	29.594142	30.221901	14.410789	24.560242	25.723839	18.346142	29.591212	27.350440	28.905821	25.428778	27.316791	29.122348	28.096378	15.754442	27.469796	10.316111	13.833628	14.381371	14.725806	30.716256
24.869642	29.803429	29.939673	29.004329	26.308637	21.335505	24.443797	26.835855	28.022801	28.124559	18.560273	24.953604	24.453263	31.097706	26.091885	19.948886	21.266435	21.640318	28.918864	13.035104	0.000000	29.120726	29.436356	27.443174	27.761486	16.774113	28.114874	29.006334	27.194600	29.150614	30.008976	22.020290	25.859557	26.463181	23.831316	16.626923	30.451042	21.200452	18.290373	10.077135	25.849011	31.020393
23.193731	27.008570	24.793793	20.592609	25.341373	27.350864	18.659130	30.872500	28.130213	18.435217	30.119816	26.371898	29.401965	30.672793	30.969894	13.492156	18.938874	23.921781	27.457253	18.065741	30.108267	0.000000	18.414000	18.354309	9.460396	16.972457	26.361661	18.040201	25.503901	25.787522	29.707100	13.673777	27.235748	20.060349	29.136769	31.091806	24.780966	21.363793	20.583782	20.835226	14.586225	29.421011
16.926201	13.462746	27.426947	29.568898	29.239078	29.170863	25.651792	30.308439	30.411338	29.125665	30.649453	27.516021	31.105631	17.219103	28.903708	28.031029	30.933376	8.629562	28.730580	30.735509	10.060803	21.377348	0.000000	13.126825	29.325387	18.997222	28.457384	26.927006	21.502937	11.795804	19.670862	23.292499	24.494902	26.919602	27.405272	24.311199	30.660842	30.947269	30.352870	30.100555	16.672008	22.168974
30.511893	29.184195	27.960129	14.924510	23.569264	29.733179	17.862527	13.965325	26.199050	25.888600	27.237611	30.264752	27.054312	30.695660	9.582678	21.867197	28.001573	27.707443	27.861007	30.631858	18.707740	28.753588	23.267509	0.000000	23.644196	28.806826	18.745256	19.488768	28.457446	24.447255	14.363141	30.301737	28.058927	27.686001	29.837893	26.978023	30.339413	30.827790	26.093862	19.869457	27.928697	28.094198
31.081194	30.545276	30.725521	17.352555	23.564682	29.802458	23.749444	15.806919	30.580805	30.935216	10.675727	25.248693	13.549674	19.892773	23.705554	17.191091	30.923843	27.264235	30.340458	29.181364	29.859690	30.998819	20.754211	27.003406	0.000000	26.986710	29.404507	15.175789	25.179997	30.807976	27.021392	28.828656	27.989373	30.999484	18.218436	29.036223	13.730390	12.403022	30.267491	27.017078	23.065704	27.711275
29.637466	30.013574	30.885938	15.706798	19.986682	30.969549	26.112280	17.442050	26.096032	20.691158	23.768811	20.401022	30.428460	27.724373	29.551934	29.946707	26.272140	29.646914	28.026477	29.663704	30.387342	29.575388	27.835220	20.504845	29.447609	0.000000	21.727593	29.271700	30.629312	24.986361	24.404438	28.502725	21.868433	24.118817	30.402987	30.339394	19.274137	23.017857	27.031421	27.109259	29.399865	28.999778
28.140710	26.814496	25.967565	28.862228	27.669634	16.823543	20.643238	28.188931	28.527283	19.876921	25.795437	23.753294	19.545998	20.231741	30.845052	28.594275	30.696922	28.305549	27.013930	20.254928	18.237945	26.058505	29.883024	27.738359	31.094357	23.386844	0.000000	27.447642	30.232879	18.888139	22.545717	31.083471	27.614279	24.492782	12.135147	14.985313	24.228652	30.590676	28.915891	19.260898	27.000498	28.895804
29.979285	26.702806	31.115716	29.105117	30.276588	18.028851	29.710502	20.732092	29.101360	18.747657	25.919911	19.792158	24.374581	23.054381	16.880211	15.360412	28.122759	30.515396	23.671175	9.375219	24.203595	26.002968	19.495357	18.178211	23.625665	18.850243	29.530265	0.000000	27.316965	25.265754	26.331866	25.839199	29.495241	19.867236	30.847771	22.764204	30.920412	20.693857	26.454827	25.889218	27.526666	21.488160
17.209105	30.903407	30.772873	24.860644	30.933272	26.351239	29.167138	29.510969	18.547123	27.060465	29.307194	18.851624	27.209559	15.964553	31.127050	27.513972	26.960052	25.130119	21.664047	30.911754	31.014425	19.863775	25.302424	23.237914	24.594788	27.721251	22.529631	30.272989	0.000000	27.624180	22.414231	20.680597	30.718942	25.656376	27.976283	20.725077	29.035371	19.325109	28.479128	24.052827	28.345638	30.106431
27.037919	22.439368	25.223320	21.878529	27.709694	27.868793	27.880604	13.026088	25.723960	30.865533	27.194385	28.132474	18.778177	26.378268	23.955274	18.379443	28.152732	25.186703	23.272812	17.794912	26.770688	22.905817	28.791144	24.657766	24.534641	30.121311	26.691343	30.625519	30.492465	0.000000	30.836864	18.884624	28.904803	30.817102	24.405035	17.170187	25.896864	30.184679	17.434904	30.062730	26.233219	31.034683
24.532273	27.063449	21.774040	30.791305	30.461081	28.743036	23.714378	28.963580	28.003147	28.227412	29.984511	19.414612	28.090427	30.139685	28.869859	27.866508	14.731454	22.457827	19.371466	30.667385	29.395126	12.999728	29.936966	31.030590	12.329042	16.570710	25.027773	29.734508	30.971231	25.847725	0.000000	27.494032	29.077369	26.778912	25.227564	16.451288	30.093853	30.796453	25.938754	30.900178	29.321547	18.170173
28.486882	20.466618	16.485415	27.925498	18.100103	23.780574	25.215204	30.034680	22.338579	29.432182	16.948102	31.021717	17.216465	25.730473	28.780194	28.506020	25.346596	31.092020	30.755846	28.571631	30.898635	25.439939	13.057153	24.264962	18.741116	30.119720	24.803539	30.818934	29.339135	26.669948	29.911187	0.000000	25.118884	29.763866	30.917576	29.116246	30.023298	20.984531	21.093240	28.722633	28.014833	30.637678
21.126216	30.186495	20.686112	22.706697	15.332396	28.270656	28.100415	21.947839	25.757594	25.246544	30.350772	29.515970	22.997876	29.022549	29.253342	16.943976	18.200394	19.564735	30.653196	24.315644	29.443415	30.331207	31.080870	28.574370	30.783852	23.477482	27.985072	28.958633	27.341410	27.621242	29.736141	30.955401	0.000000	25.286663	29.998573	29.260373	28.044319	27.225030	30.534650	21.188108	30.867227	18.785030
31.056804	30.467603	26.918849	21.754468	31.068839	26.125932	18.680997	30.510668	28.837299	30.033776	27.365211	25.052974	30.699518	31.069272	20.776268	14.144058	30.561782	16.542890	30.579838	27.979225	17.483058	30.300185	26.256644	11.766287	30.503097	26.725841	25.543830	29.594724	25.217217	20.453679	30.356191	14.139150	27.889066	0.000000	30.758512	26.139917	26.686169	29.893940	28.540967	27.738505	30.946942	29.843489
29.018218	27.783859	18.953554	29.042587	24.679206	28.589832	28.307892	29.700154	24.752242	23.087872	10.200182	30.803667	29.741788	24.980795	16.840467	30.816167	23.826279	24.575179	20.731386	20.453049	29.215054	11.584492	29.124671	26.150823	22.145988	29.540078	30.185608	28.874468	30.942068	22.182956	28.926057	27.639356	27.918894	14.831330	0.000000	22.369070	22.358928	28.808350	23.125359	20.449774	18.684942	29.902152
27.171202	27.457969	27.011897	23.717503	12.941658	30.750643	30.281001	21.822131	30.545030	30.291311	30.395322	23.697273	24.408658	23.319125	29.784016	27.440712	16.522662	27.103812	16.836943	26.186087	26.596156	30.323383	26.364627	25.201467	23.734281	27.186116	29.830469	27.616465	27.316725	30.835086	22.551767	20.195403	30.330222	29.456298	15.129545	0.000000	27.686740	24.598504	31.113150	25.194851	15.505431	12.204096
31.106632	19.285658	27.222335	20.072062	31.012135	21.264346	24.305749	24.234989	30.310414	27.011837	25.262217	29.290171	30.000877	26.053694	30.568480	28.028203	30.750946	30.482041	19.780731	28.187053	27.524028	30.706286	25.838414	26.648735	19.745131	30.446153	24.050628	27.453779	24.225590	28.447541	13.046582	25.139035	23.189087	21.886835	21.033433	26.708259	0.000000	26.779850	30.395981	16.620439	20.367646	19.591084
30.573584	27.238533	30.441765	28.026571	29.206782	25.666673	14.895696	26.565497	29.641074	30.491646	24.426084	16.224224	29.794754	30.292614	30.854674	15.260592	30.054736	18.408751	30.895316	29.105739	30.797846	29.393594	25.684013	26.447609	21.454769	29.520814	28.313838	25.673448	14.445785	11.211635	25.482109	23.174467	31.125319	29.326671	23.152125	30.887236	21.700883	0.000000	20.977960	23.079623	26.320963	23.809242
29.253416	30.500938	16.617603	30.178934	26.467727	21.144157	29.147089	28.122090	19.121719	29.402018	14.639917	29.590556	15.737116	29.349479	26.999946	30.703411	25.930734	18.321786	26.036327	30.166110	29.677064	21.516665	31.105542	27.005599	25.698410	29.088582	27.255184	30.086351	11.678271	25.285411	15.230419	28.535047	27.357534	24.696560	27.971682	20.075083	22.235431	20.303156	0.000000	28.756773	30.431500	29.880840
29.033573	27.483686	30.585317	16.025361	18.113203	27.404351	30.989983	23.964695	30.044972	10.733005	24.915825	30.031055	26.618129	27.659907	27.084604	22.683494	30.808663	30.984938	28.635667	21.569970	29.132284	27.818462	30.988053	16.317828	29.800585	10.918481	25.270483	28.412230	29.877022	19.294754	27.564232	30.935383	21.677844	30.546552	26.808730	23.885778	23.464356	13.566051	24.677647	0.000000	26.024088	26.846945
29.388342	21.018484	22.100446	29.602772	26.986222	24.298028	29.314839	29.405341	22.946399	26.835492	7.456947	16.665902	24.706348	30.838687	28.202111	29.571284	27.817508	16.865825	19.146566	14.285142	27.956465	25.852199	25.625930	30.325387	30.837711	30.701928	24.923551	20.604977	29.260474	23.075926	23.571836	11.441166	19.929260	22.165728	18.858860	24.708534	13.983249	30.952265	29.507957	30.564508	0.000000	23.345087
28.149623	23.387121	27.450126	29.393227	19.669652	29.437242	29.156401	26.675656	10.132145	25.717479	20.657166	30.239698	18.084594	29.145805	30.455324	30.147635	30.941781	15.708768	23.891886	24.275512	30.034679	27.929615	27.798089	30.310742	22.325374	18.225283	21.775222	29.985103	25.162989	17.406711	16.009100	30.564301	29.581466	27.415514	30.652224	20.769495	26.170996	27.491020	26.948616	21.872260	28.905714	0.000000
