17.994193	24.374429	15.452078	20.778326	19.464164	20.562768	22.039536	22.807296	23.970987	18.627852	23.293043	15.191503	22.177467	22.955496	7.458618	22.081630	21.339491	21.907104	23.724395	23.192612	15.028030	22.458078	22.485967	13.518315	16.901465	12.078717	22.568642	22.933033	19.240745	23.850343	19.519593	22.126941	14.669460	23.500963	22.254396	17.856556	22.892876	22.247878	19.251042	18.369309	16.633796	20.237209	17.050569	24.286513	21.704167	24.364067	17.659701	23.770854	20.646013	17.994251	22.786975	23.461424	24.425009	18.094416	16.800769	9.275973	11.270398	24.221524	12.459711	11.224427	21.515668	23.043496
22.799113	19.557806	19.723240	20.993213	19.574688	17.017968	21.081806	21.838057	21.703641	24.412241	16.309308	20.854359	21.852127	24.221722	5.935746	17.006984	20.022664	9.713775	21.647900	22.929219	7.826080	10.730175	18.799868	11.244211	20.441088	21.409530	8.971890	20.984106	20.397178	10.151359	24.127362	21.251754	22.520535	17.368862	11.554584	24.310095	20.508113	8.865088	19.272409	22.867061	13.397239	21.919988	21.922648	16.821754	21.397850	20.218415	24.271825	14.334592	19.448922	21.220242	21.006859	18.293459	20.286717	23.679064	12.302125	24.201549	23.640835	19.933719	22.711078	22.732204	14.137186	24.401300
19.596254	17.827048	24.403485	23.346671	19.929814	9.694315	21.753320	24.213464	19.086420	23.797569	19.139559	22.592875	17.614512	15.737376	15.767389	13.309501	20.842812	18.661540	18.959272	18.784764	23.976276	19.446477	22.880023	18.800625	16.153832	22.777570	23.114425	23.658840	23.211059	23.377380	19.066818	14.189424	23.914245	18.829420	20.543739	22.896423	17.308201	23.034400	24.058310	23.582639	10.126964	24.402585	13.640726	14.269893	24.413616	16.782447	24.385729	24.210907	24.305623	23.271574	21.591450	18.447439	19.902195	15.380048	11.078415	24.177968	17.558053	18.624333	16.071610	24.138999	24.021637	23.910332
24.425732	13.590661	22.490201	24.412948	11.068630	20.723108	23.165504	16.033522	20.657506	21.619892	14.330081	21.306077	20.696639	19.825249	10.212941	23.925892	18.349477	23.755056	22.568376	24.005234	23.199878	13.263247	21.990121	22.323134	21.063622	19.250958	19.849403	14.155721	18.748805	24.082613	23.258958	19.920881	15.727010	23.333717	21.100446	20.997779	23.357010	21.027948	23.917555	24.211640	13.394049	23.400861	24.057003	16.400652	23.413722	21.481240	19.452590	10.524506	23.342490	17.667983	21.554505	10.788886	8.280745	19.829324	18.307753	18.534925	19.827732	24.410744	18.819915	21.435398	15.805666	19.546850
24.364802	22.803806	21.677562	23.391403	24.070297	23.466333	17.281533	23.863517	20.464461	13.864949	22.588099	20.636233	18.979798	24.270088	16.872520	24.079598	20.589493	23.787182	14.533828	15.405148	23.382529	20.798457	24.155054	21.826951	11.668394	20.825622	10.578082	17.537082	15.732505	20.662070	22.880606	16.999006	19.537402	22.665421	24.258084	21.381503	10.689268	23.943431	18.591466	20.634762	23.412320	12.203569	10.268464	18.916534	24.058425	20.908901	10.853047	21.162735	24.298112	16.297561	24.151395	13.849004	19.350732	22.349581	17.153468	24.136236	20.279750	10.111123	12.024465	11.202528	22.513499	16.168674
13.680312	18.052606	10.340436	24.361177	19.782241	16.943994	22.925296	7.459371	23.430628	24.395384	17.094484	23.433387	14.993524	20.232737	23.209844	20.651720	19.385352	11.844875	24.362618	14.716115	8.290627	18.997970	18.044965	20.446730	24.382418	15.790881	17.023517	23.941773	13.895986	21.740832	20.706799	20.123278	18.296279	22.491242	15.669025	24.116899	20.430523	22.313767	23.552258	18.534118	19.799776	21.821691	23.831376	19.636304	9.272819	20.058119	22.160507	23.686846	16.686956	16.239810	23.472200	15.455230	18.375399	16.061373	22.237934	23.273118	12.911147	22.170211	21.304932	17.561014	20.889399	11.790557
20.164738	22.802709	17.844846	15.097370	20.689356	19.647414	21.395159	20.734939	17.025622	19.657217	15.171593	23.969787	8.504096	20.263318	22.107710	21.995161	21.836920	21.739391	22.878699	19.569581	23.180203	20.018916	18.050679	21.139704	22.470139	22.837456	23.760321	20.177247	13.965933	16.544261	16.531433	18.963280	20.441043	19.310680	23.334331	21.529762	15.996869	20.907019	21.347261	24.121540	24.220705	23.952178	18.449962	23.602546	20.195779	20.503537	17.234978	19.596397	23.571951	23.285894	22.270464	19.331566	23.966658	23.869444	20.390414	20.445789	22.315176	16.068217	24.143916	19.990103	13.711632	23.691909
24.422002	15.911087	20.965612	16.305171	24.389023	18.725750	23.854347	24.106845	23.901342	18.650165	14.263390	21.879289	23.074091	19.481567	17.934377	12.564447	24.274595	13.220047	16.236494	23.228866	16.829671	13.080340	20.137995	22.699257	23.571282	21.432629	22.045299	19.224300	21.214009	15.755396	21.594600	24.036146	22.317964	22.728469	21.254045	24.393063	16.666205	16.309028	20.516730	11.841869	10.255256	20.634054	24.248011	10.777956	24.324109	23.128856	23.987280	19.170973	17.735298	20.596722	22.142498	10.030486	22.455584	17.682969	10.248549	23.309868	21.413607	24.280681	18.236967	19.226462	23.868367	23.144968
17.258317	19.754826	8.796030	18.344095	21.080746	23.929949	19.926336	16.134204	18.122000	23.851852	18.645387	22.595170	24.320494	7.005439	23.346672	24.033743	21.597511	17.959704	23.126885	21.413857	23.442344	23.741103	15.805401	22.650378	23.861555	13.420876	20.687389	22.984240	17.665866	22.212289	24.413840	12.749361	13.380665	12.230765	5.485296	18.615892	23.907368	11.687997	21.753981	23.593261	19.068378	20.809825	19.927822	9.916474	23.865921	21.242688	21.695345	23.740015	9.521079	13.953543	22.707404	18.101081	16.724209	23.929326	23.806222	15.013347	23.468879	15.123525	23.940866	24.130439	23.285688	23.749678
23.083316	22.048462	24.132858	21.427889	10.747367	16.929940	24.276931	17.913549	11.240451	22.459401	17.069669	24.346638	23.784880	21.384410	23.038280	17.429865	13.769648	13.813471	10.658067	12.706216	17.922061	22.190311	13.723863	14.462889	15.461332	22.489338	18.227427	17.345096	15.022654	20.976320	24.215652	16.822482	24.369306	20.636673	17.265209	23.028413	20.847387	16.002747	22.849662	22.548334	16.087496	18.837028	23.451998	13.886582	18.617404	20.022263	17.133608	23.561292	11.133936	21.040210	18.626331	20.052396	21.575063	24.259161	11.324574	23.421861	14.427354	24.108216	22.588348	22.074937	23.385295	16.618577
22.352932	24.301835	21.499533	23.823979	17.417410	22.136925	16.892606	20.077530	15.201682	22.489167	15.785351	21.990419	21.749059	21.212458	16.522628	16.369344	18.574990	24.394766	22.289788	21.935867	22.508843	23.868159	17.254907	22.859841	12.446801	23.992228	20.858175	12.005135	23.373311	12.041313	18.174548	22.665598	15.427348	24.120453	23.706550	23.667030	19.181017	21.063264	9.083810	20.778233	16.259327	23.797723	21.093209	19.710740	14.694521	21.617216	24.341041	24.215138	21.812800	24.289669	24.291805	20.480977	19.116616	24.070462	14.054933	17.755535	19.200693	21.570842	11.119272	11.370150	20.007579	21.991663
22.640455	18.205038	23.691067	22.415687	18.864728	23.822761	23.428234	22.288211	24.406687	12.714346	21.851809	12.063257	22.999220	24.365135	23.871791	11.951461	23.495598	22.305692	19.954573	9.078034	20.857418	21.753400	19.432199	23.079354	18.597106	18.159525	23.663789	18.947700	23.991724	13.710244	13.665687	16.922537	21.665495	23.758463	24.121037	22.915090	22.039315	19.505932	19.408650	15.801835	21.043676	22.033207	18.943101	21.585670	8.999040	19.507304	24.426197	21.019796	24.067895	22.455982	23.012371	11.575079	23.386465	23.315469	19.764079	15.946099	16.285517	20.795070	11.181194	24.295132	19.278077	16.635360
23.564179	19.290224	19.584023	12.947133	21.275937	24.302254	18.778342	24.133761	20.858704	21.728627	24.337179	23.869654	23.552430	14.197540	24.199416	22.960318	23.346793	20.721627	24.361491	15.807476	19.735767	5.891844	20.535863	23.117481	20.638644	24.128675	23.782735	17.604903	21.698954	20.217700	22.558755	10.164246	21.594837	23.316331	22.877162	22.838865	9.643421	19.817933	22.254943	19.734226	12.635128	23.189613	23.349956	21.954280	8.040952	21.832250	21.609121	22.713009	18.006279	15.608532	23.893392	22.555818	22.861278	23.914345	24.098043	18.830952	20.989374	6.876822	16.040670	13.495533	21.051724	23.743925
17.603803	23.597593	23.412476	22.105483	23.467437	23.844404	22.186983	21.096786	22.730046	9.478624	19.113514	20.951158	22.328403	19.718441	22.930273	5.536904	24.343867	17.170551	19.038834	23.574273	23.287430	24.141723	23.675567	22.014491	14.379980	22.104661	17.121442	21.067559	12.404829	23.935566	23.796415	16.786255	14.246381	19.786853	22.056703	20.491757	14.064792	23.257280	20.624201	23.089586	22.598295	23.166372	17.320173	22.006653	19.000522	18.486459	23.259809	20.114618	9.244105	18.543901	17.715859	6.576393	15.465238	21.869149	19.482986	22.329622	24.047157	22.633428	16.543830	23.896525	20.368472	23.581411
23.791566	18.995955	20.946972	24.211270	22.801732	24.039283	18.660307	23.732661	20.378539	18.017544	20.635291	12.515492	18.443318	10.592388	22.398520	24.218870	22.915683	22.949033	22.222017	19.623297	14.658552	8.698049	10.534508	20.454134	22.620725	23.027537	21.619234	22.298778	18.748096	23.315788	13.231453	23.539038	16.565703	20.735001	9.647988	18.675881	17.217880	20.714440	23.875734	21.324665	21.848905	13.059208	20.063638	22.090349	24.055950	18.882175	20.214016	17.672833	23.265329	22.735967	17.528090	15.896771	17.386813	15.317169	23.863682	22.420998	22.281761	15.596903	22.112549	24.425369	24.083577	19.577501
21.076633	13.796983	20.995317	19.519296	22.221931	20.548347	17.564886	16.088766	14.772249	24.367369	23.757300	22.317910	24.359656	22.380023	18.291428	19.305904	24.378782	23.475885	19.510334	23.782014	20.931704	17.187098	17.841841	21.240100	20.050562	23.927426	12.671586	19.723941	24.115861	23.514633	22.766189	20.963402	13.427555	18.078161	23.408483	23.602920	13.078740	16.336554	14.241206	24.299309	22.015795	19.354838	12.864883	24.108074	24.259834	17.077991	20.726497	18.486709	15.074551	19.069977	22.714215	21.619482	23.596889	18.779280	24.370250	24.308976	24.315879	22.203299	15.034365	11.940438	24.224757	19.030134
24.087940	17.949465	23.806986	21.320661	23.837098	24.239911	11.837936	23.575416	21.643702	17.108359	11.273784	20.100940	16.035731	18.268254	22.860240	15.459712	19.256787	16.477373	15.678741	16.654967	19.671588	19.904862	20.310407	9.726984	22.671059	8.722124	13.516835	15.110423	23.420591	22.026306	22.757804	23.952935	15.892250	21.512865	11.095378	23.968277	24.092877	21.531266	13.739857	18.612805	22.153830	20.560956	20.638144	23.102671	22.784125	23.853780	21.813623	24.138666	19.436242	8.364412	20.816292	22.966413	23.756207	14.915873	23.157290	17.285058	22.967121	21.177833	22.257435	22.101364	16.280695	7.777160
12.597696	22.568732	19.904682	21.284686	24.226696	22.418056	24.100540	16.577055	10.286768	22.887615	15.316601	9.870862	14.195437	16.830606	24.397254	19.441106	18.333067	19.746336	22.275432	10.969334	24.148940	15.789265	20.628239	23.534038	23.828697	23.715946	18.409460	15.854650	20.435387	13.870870	24.006841	21.639652	23.735188	23.829803	16.132268	15.827408	24.366628	23.260140	22.516086	20.561640	15.728030	22.190883	21.467968	24.421360	18.342218	24.420098	17.034944	19.098078	13.591210	20.242553	23.930742	20.387943	14.219115	23.913189	20.608632	14.630457	12.438356	20.886921	20.042030	24.233958	17.447025	24.261945
17.892587	23.378153	21.376056	18.745959	23.874193	19.213742	22.996159	10.995253	22.042131	24.422995	9.777834	19.607562	23.646100	22.758852	20.158493	7.288565	15.695073	11.135544	10.112367	14.845516	21.415218	11.338852	24.286846	21.562666	14.537688	22.492837	24.211181	23.291527	23.965632	16.673536	20.148187	22.634446	16.843449	23.861629	23.543750	22.722097	19.700578	23.474639	12.408926	24.162383	18.580852	21.026311	11.846406	24.268287	24.367854	21.714833	20.937433	22.640723	20.870732	19.042785	19.849132	23.814289	23.260743	14.355860	18.485308	24.318815	23.935512	22.445113	20.941000	16.228611	23.487485	22.385979
20.594152	23.041527	23.039100	17.488451	13.313716	12.448931	18.809779	24.137844	21.646439	18.693086	18.589857	6.137250	13.359899	23.684425	21.555160	13.537871	24.176138	17.684213	20.539421	21.626291	11.326234	12.085123	14.424075	16.086909	23.592832	22.797649	19.326565	22.552160	23.882698	11.777213	16.941809	22.649202	21.523991	24.231885	14.444819	22.039979	23.613117	19.822398	22.422802	12.785970	21.150695	17.535211	22.261868	20.568832	24.290498	24.429806	20.798224	22.110999	11.933332	19.757185	24.375811	11.508674	18.668471	10.564433	19.544151	12.931518	20.754588	24.090973	18.697410	21.674385	16.849957	14.575136
24.304932	23.365168	24.241605	22.029204	22.177310	23.853719	23.654218	13.535839	21.563577	23.093488	17.916955	21.445669	17.928648	24.422892	17.583007	22.632879	21.813847	13.405108	24.297338	24.290726	24.010583	23.022362	12.815497	16.799790	22.232586	15.771841	22.214628	17.217336	16.670247	21.608806	12.223958	16.094657	24.158536	20.154405	24.330038	23.378084	23.332829	23.096555	17.957431	21.806583	18.212858	18.849971	20.240971	18.544506	13.449290	14.453421	23.991295	19.890070	16.986265	13.440540	24.121434	23.830558	24.415420	22.224086	13.553975	10.702019	15.339793	18.461148	23.130573	14.055425	16.014544	22.658255
21.822862	10.719359	24.089656	18.852336	23.328535	23.633359	23.752291	13.134134	23.194162	23.616516	21.557858	19.976395	21.222796	10.148891	9.613197	19.645237	24.412994	18.431173	5.855542	15.148991	23.832021	23.274406	9.622126	18.580029	21.901183	9.216216	15.058243	24.180336	18.678894	20.479356	18.325365	11.605039	19.059328	17.304338	22.123172	13.291447	23.879033	24.177921	7.623986	22.639993	22.531410	10.100173	21.677903	18.246924	19.034762	23.368593	22.393548	18.460051	21.305144	23.276385	17.685653	17.482008	22.134227	19.253904	20.603092	19.232892	23.061951	20.588244	16.252044	16.048518	12.954824	19.953468
23.657786	22.228235	24.337913	19.149364	24.294534	20.023293	13.196599	17.703167	22.922032	16.558609	16.278700	21.226677	24.028080	20.961927	20.521386	13.269159	13.865565	22.271338	18.682339	22.761649	24.124257	23.712498	16.311220	23.638906	9.742960	23.001164	20.759180	22.578397	17.833815	15.507782	21.786795	23.086998	11.665068	23.859300	24.319268	16.415481	24.306347	23.558381	22.583980	20.009199	18.544133	19.032349	17.311549	23.181397	22.424990	19.721272	17.115712	20.255436	23.563107	21.626530	23.054191	21.136474	15.055229	22.892291	19.375959	24.323792	20.617576	21.469258	24.302135	22.424929	21.327309	18.640651
20.305008	19.427444	24.182512	22.818788	14.446574	14.268741	20.924680	18.432661	18.652027	23.671240	24.383090	17.814192	17.200914	10.956310	23.857638	20.732845	23.050159	23.172213	19.252220	17.989368	22.853967	13.929091	23.736350	22.715163	21.237265	24.416851	20.070254	24.076656	16.679117	20.623254	20.258729	19.616275	16.346126	23.752574	23.315277	23.059852	23.233793	21.494254	24.181262	20.623838	23.624715	20.124823	23.369796	18.657548	23.266379	20.533560	23.095281	20.379572	24.281505	16.489956	22.511479	23.181271	23.523798	14.101151	18.618326	13.379423	22.050243	19.592771	19.420963	24.214989	18.179051	13.192145
22.927682	21.853134	19.329808	16.160428	20.751881	23.314810	20.859532	15.225558	20.596706	23.156300	23.996429	21.586488	8.334880	23.947907	12.044300	23.423413	15.437933	19.636944	9.317049	21.495224	18.436870	19.221697	15.390496	17.372328	8.856113	24.161837	21.340633	15.981195	17.610694	12.564011	15.005663	23.218535	9.793128	17.432421	8.567542	20.489571	21.783714	21.810281	21.388828	23.972458	15.544548	13.336543	17.478106	23.884838	24.383841	15.293833	21.764034	19.889800	24.168907	24.020049	21.816656	22.540103	18.616098	20.046949	24.275601	23.226873	24.357187	24.361676	23.256896	22.256199	21.136066	17.204414
20.884918	15.309069	20.251618	22.193403	18.926602	22.520165	11.477980	14.499593	20.897994	18.592659	24.324105	17.448726	22.768312	19.032848	18.098146	23.526213	22.780282	20.388702	22.220770	19.286896	21.598382	23.877299	7.974392	23.602675	22.604393	15.428047	21.679082	20.761820	14.358574	20.497251	23.991007	20.879254	17.582494	18.617099	24.423071	20.979037	22.562891	23.345074	16.396671	23.976418	20.053442	14.389297	19.962150	20.890474	24.100937	21.656985	20.640254	23.300749	22.972249	24.394607	21.968245	18.310269	21.514687	24.427619	24.423483	19.292673	21.599655	22.755383	22.692403	14.898599	23.133471	24.275699
18.190641	18.556082	21.669481	19.935668	23.226903	16.669799	22.922378	20.791854	24.368032	19.611485	16.918134	23.904324	23.013259	21.894900	20.189464	11.234969	20.912998	23.360207	17.937914	23.213727	21.420517	12.459152	17.529355	10.760525	16.456996	20.672083	20.147593	6.803339	23.800137	23.354075	24.366631	18.322698	19.784187	23.261013	22.547945	14.484050	21.110351	21.803869	15.447511	10.805774	20.693739	10.550189	24.286932	10.663952	22.636352	20.300861	23.566624	22.636603	17.974873	21.222214	23.432157	22.219294	23.378704	22.444581	15.739029	22.971952	22.283566	24.123698	12.196607	15.591284	10.957971	9.316496
23.426634	19.307278	16.979575	23.055960	24.307923	19.245496	23.924399	11.868132	21.734662	23.758481	19.808710	14.365892	22.639407	17.482527	19.363750	8.204227	20.671952	13.771182	21.587111	20.426588	22.589874	13.370990	17.075466	8.801173	23.748225	22.993279	22.264488	21.383694	14.177120	17.942210	7.078238	22.587860	21.301334	16.861251	11.214789	24.020270	23.800964	24.233733	22.783859	18.371462	19.800755	16.189906	23.860800	21.244744	22.727406	16.828580	21.662915	20.585641	19.494878	8.159400	17.090726	18.894738	21.456349	19.770382	23.146762	23.170065	7.638768	23.218834	15.299110	20.977874	22.937537	24.293078
24.004183	21.155719	12.446601	18.822550	23.520916	19.719937	18.847651	14.520813	24.257172	16.736633	21.066724	23.060271	24.253148	19.846236	23.768434	23.195893	20.183668	22.497974	23.029849	17.178786	17.686897	23.697444	16.518415	23.536039	21.185591	10.507055	19.584407	12.576471	23.293819	24.351576	18.798439	6.812214	16.679144	24.300933	23.036907	12.607390	23.496624	13.197876	23.421824	23.279184	14.472631	21.645841	18.730302	12.927882	24.218398	20.170282	24.084630	6.066676	20.028831	23.637647	23.833524	24.401110	23.958810	24.173334	19.921643	22.805273	15.112254	12.137734	16.998246	23.523355	23.155909	21.302834
24.409998	7.555053	17.735245	11.013586	24.278142	12.258056	22.946060	14.506681	23.911837	13.858345	24.418571	21.224454	17.697244	22.365618	15.448492	22.604165	24.410117	18.544590	23.145051	12.631008	12.658820	22.339984	21.754626	16.051916	24.258782	22.527855	20.340772	17.564898	24.216606	23.636637	23.707126	22.899856	9.328791	20.409951	23.681218	24.390784	19.895995	18.581890	21.627264	15.926852	19.539883	23.754953	22.940826	22.591166	24.121013	23.926440	20.260014	23.785414	24.309666	21.623239	15.731704	16.835376	24.418401	16.674993	19.452331	20.207765	8.406585	20.439682	21.293801	14.527267	11.370693	22.412603
20.123745	21.216458	20.924668	15.249421	23.206154	23.031614	21.869267	21.299417	14.743066	12.976229	10.512060	23.165181	18.804436	14.149395	8.714295	20.915659	23.678366	22.301971	21.714305	22.721079	22.836928	24.009167	20.173793	22.411169	23.316355	23.725067	22.425022	18.331723	12.274094	21.326340	12.382893	14.929970	15.341620	15.912962	13.946883	23.732072	18.906869	23.364310	20.133111	18.258384	24.244649	18.767509	22.652897	10.966733	16.115015	22.332725	18.087434	18.188096	23.913888	22.412771	13.249456	21.728999	14.870322	21.199464	23.866928	23.320479	23.659003	14.888842	19.690616	12.784055	9.508743	23.940968
11.879385	23.957254	12.864408	22.737153	22.174336	16.850054	17.523284	22.517506	23.360668	18.302940	21.897313	22.951165	20.522242	20.192880	10.459467	24.226584	23.769795	9.592104	23.919630	24.399815	24.193624	23.705065	21.570329	24.364457	23.341093	24.205684	24.356984	24.179850	23.194231	20.629202	20.488102	15.754815	24.089100	10.802383	24.402939	23.104991	13.753446	13.382623	23.099658	23.794792	11.687500	14.407694	22.648734	23.773284	24.292753	23.023044	14.731591	18.828379	7.857215	11.015779	22.503688	21.183943	21.110738	21.964571	14.690180	22.905440	20.034886	21.222455	23.470013	24.400842	7.812926	12.930403
17.775669	21.406070	20.530579	19.239506	12.314406	17.039791	16.335659	21.709856	21.923411	20.912938	23.557000	24.288547	21.722907	23.088412	23.892037	21.770874	20.316658	24.040415	15.298364	16.768243	24.255477	16.500708	24.349399	16.070847	20.929571	13.666849	20.564390	10.922912	12.086601	17.812950	18.899047	11.431745	22.963373	21.771223	20.328475	22.192777	21.848308	22.446589	13.971257	20.797872	20.933111	23.436829	18.270604	19.268061	22.156180	22.071094	10.591559	17.453888	24.090698	21.639729	22.334735	24.146767	12.719526	15.331342	22.879971	21.803425	7.196392	21.399463	24.164546	23.843818	19.942130	22.617393
18.103665	22.303243	20.434318	22.581630	7.576173	14.280163	16.621583	23.582640	16.049225	17.227540	17.120907	16.907994	22.825696	22.016318	15.088127	19.716376	15.627278	11.678669	24.004021	16.354784	22.180042	17.359765	13.004195	23.509342	24.244659	22.800897	20.867528	15.241701	13.244502	17.405520	21.905782	24.051993	24.248986	23.315607	20.360168	11.599536	20.555530	16.405661	22.930257	21.260132	13.501965	22.339100	12.810857	24.360006	24.128150	17.851400	23.973461	17.639233	15.708440	12.715850	15.853484	19.798042	22.313531	20.582798	22.720687	18.279777	23.684655	15.573049	16.418895	20.356190	24.292979	9.949168
23.916510	20.934010	23.717040	18.931925	23.004568	22.851021	13.824327	21.458146	23.375276	23.301898	14.125918	21.625378	9.341057	18.037896	20.730761	23.700612	23.580202	21.831179	17.846463	21.113448	16.326333	21.537804	23.047029	17.590132	23.341509	21.229640	18.662637	11.644583	19.016994	17.456405	20.900029	22.072025	17.044510	22.140665	22.951437	17.419530	24.096041	23.156603	18.208810	22.681304	21.405982	15.480716	12.553033	14.340624	21.881813	18.791735	21.539342	12.222265	17.533053	10.792872	19.919717	18.547199	22.600129	20.236585	15.870359	11.816874	15.381914	18.774191	19.856480	22.967555	12.701823	20.019223
24.144207	21.929924	21.840545	8.505686	9.402025	16.178239	20.628698	16.150664	21.263122	23.417077	22.309730	22.514384	23.186181	20.836618	22.442893	16.044352	20.989299	14.215579	20.747851	24.420923	22.544974	24.185009	22.705731	24.312943	20.161820	22.185829	21.859839	24.107753	22.860217	23.372872	22.279445	23.694871	24.386673	23.923028	21.252602	17.055105	18.295051	20.708829	21.736371	23.867186	21.088086	23.993784	16.347015	22.963268	24.264626	24.276176	16.612253	23.693520	24.153704	9.901863	19.614016	21.163857	22.980691	24.188466	19.695614	22.948749	23.350385	18.730233	23.840874	17.758246	10.076774	24.411222
23.881094	22.566580	22.473010	24.070777	16.270000	17.792105	17.836338	19.553444	23.871072	24.408978	13.483526	17.920839	21.958997	24.371619	15.743227	21.205983	19.273483	20.810443	18.031123	15.046540	21.533042	18.382627	11.440463	12.831369	16.994252	23.933567	20.707428	22.818571	19.439234	23.245327	9.200726	24.424096	21.092711	21.033317	24.010370	15.979440	15.667840	19.982552	20.411535	16.121715	22.581405	20.384467	18.772528	23.719068	23.213630	21.766557	13.939676	24.235532	23.332662	23.977061	23.471462	14.217150	18.864246	24.267238	6.078921	16.309802	14.349010	15.664703	22.384223	17.682382	22.407751	19.570764
20.942237	23.186890	21.945367	24.394645	22.373433	24.166882	24.409739	17.785648	20.010183	23.142393	20.340885	22.241239	17.264524	21.455527	19.944854	22.914416	22.066188	22.187735	21.442143	23.038952	23.071989	15.370335	19.715736	19.512221	22.573104	16.583966	22.422977	23.175704	22.302348	18.931052	15.488073	24.024018	16.363874	21.364079	22.206042	22.490662	22.323777	20.118308	23.126362	13.985005	19.561174	17.936565	13.239945	22.083540	15.000955	17.938629	19.285147	15.887424	21.849019	17.383443	21.565696	23.182718	22.612996	18.228648	8.033000	15.501450	23.576156	20.686521	19.373567	23.257579	22.039695	13.893588
18.637806	21.115613	20.678492	20.871752	15.581660	23.974256	20.236524	20.902418	19.966128	11.328275	22.316688	13.173556	24.355853	18.808920	22.225718	22.692376	21.803879	18.248599	15.842408	22.142569	22.573209	24.178466	13.771660	16.140214	19.647526	23.715976	19.538124	15.397789	24.036321	9.374129	17.562410	22.354250	17.062030	24.429567	15.576389	21.666318	23.593450	12.600005	18.533421	24.389376	7.901556	20.494476	22.479699	13.834729	22.451728	17.404457	20.942953	17.704910	16.429897	24.038221	22.284602	24.154734	24.318068	21.729724	15.244252	20.185105	21.678167	19.052693	18.030787	10.302213	16.982019	24.158784
22.628970	24.414081	22.879953	24.284448	22.578416	24.380943	22.084349	19.614274	10.239809	22.068834	20.770731	7.795785	23.819258	15.972970	18.618656	23.375258	24.410048	18.607696	9.618757	17.717341	20.912586	18.625149	6.868368	20.066105	23.541574	16.687566	16.881195	17.285490	19.676101	23.561873	19.939661	24.136264	24.192735	8.911682	13.380109	17.276776	22.299372	15.991378	19.007416	16.147917	11.140882	23.994577	14.735613	21.848136	21.383787	24.382101	14.742048	23.286279	19.245527	7.878810	14.867869	18.251301	23.862360	23.224428	22.258070	24.223623	15.340707	23.184460	24.078748	19.045731	15.601004	24.294528
23.987472	18.228550	17.744232	12.037793	16.960175	16.299096	21.708765	17.667130	8.053314	23.019738	18.823556	18.498543	14.138268	13.807557	23.536549	20.606214	24.178253	21.118315	20.967884	22.921458	24.345262	21.686730	18.299380	19.253105	20.512527	22.704639	12.738518	22.278249	12.864821	20.474633	14.136676	24.403204	13.097033	12.400580	24.348604	14.107917	21.470656	18.505600	13.720193	20.654354	24.309606	21.870481	22.183238	21.217435	21.160817	23.212332	22.169240	15.187473	11.525544	24.281280	17.187647	21.578961	22.250132	17.806579	18.598282	23.238377	14.108224	22.431651	23.685867	16.941258	23.852886	23.663440
20.868949	13.059894	21.885220	20.276533	21.835158	23.372328	15.707798	24.389478	23.450485	8.147434	19.196528	19.005032	20.741508	19.822974	20.087282	19.627130	12.489217	22.213855	24.307658	15.218267	22.153231	14.833071	19.429136	14.619355	22.198423	20.061337	23.140476	12.711154	10.886895	20.234312	16.794921	23.645841	21.585166	22.967337	17.527403	22.339820	19.013464	23.755814	23.103919	22.079077	19.303258	12.909683	21.176096	23.305299	11.151823	24.258565	16.734265	18.118762	21.466770	18.659192	23.709490	23.285330	24.073170	22.932279	23.497900	9.024119	8.236196	18.317076	20.892681	8.840695	18.367764	20.343752
21.976769	19.105829	23.033347	15.824318	14.951872	16.025545	19.548165	13.508326	19.918993	11.865335	23.905057	15.381323	21.374056	20.957649	24.339196	23.031102	22.187244	19.013745	23.789180	23.019951	15.708652	18.648289	23.526767	11.653480	21.399778	16.208393	22.309823	13.956722	23.863835	24.168465	21.456282	21.952694	23.761452	10.432561	23.272297	19.019970	23.397331	22.300795	21.883553	16.806695	10.230836	20.519720	21.817168	23.439393	20.113245	21.136207	18.599236	23.889783	17.511805	10.964929	21.047356	23.282191	20.940506	23.841980	17.843278	24.345144	24.373949	20.973622	22.347006	21.503903	19.608303	18.217227
11.942979	18.129053	23.515893	22.089801	19.642108	20.644094	22.271725	12.876857	24.340906	16.788909	24.385407	23.167906	15.773033	24.211896	22.101330	21.448277	18.605713	24.029497	13.509433	23.646278	13.003911	22.566605	22.217449	22.698100	11.397361	18.720012	20.318319	20.140711	18.683401	24.260709	24.103011	19.778797	22.476888	13.774171	15.778130	12.733752	18.292489	18.140192	23.650760	12.974851	7.605395	20.704896	14.222738	13.279406	23.733723	22.043533	23.624709	9.086697	18.689996	22.160484	22.348171	22.167167	24.277629	23.264990	23.582146	19.152512	14.215495	24.268001	10.849670	21.047625	22.362030	23.525252
19.067363	23.599703	15.728413	23.001219	21.907105	14.861729	22.662750	7.479746	18.863286	22.862812	17.760580	24.231802	21.856286	23.428946	14.751382	19.277068	23.544783	15.397300	23.734487	9.129490	15.792467	22.279805	17.372967	17.746261	22.793395	24.120060	10.836084	18.894325	23.287090	18.417634	23.774210	13.882481	24.183455	14.055499	23.244545	21.381821	23.331416	16.208608	17.121795	12.199911	24.122266	24.400836	21.176229	23.657111	22.802254	16.599305	18.679488	20.962112	23.229870	12.121315	23.325498	15.299317	23.438101	23.864055	21.399491	20.923393	22.827157	11.004043	11.023012	24.022405	20.571659	21.523437
13.889227	17.831577	13.526950	11.007478	21.657539	20.671425	24.172725	23.643458	20.731158	12.893613	20.790214	18.994201	18.756951	15.283242	17.808697	16.083943	17.132227	24.009412	11.614437	23.520816	20.271071	24.136926	15.238207	16.109918	22.829156	20.147171	10.333105	23.210673	11.607916	24.216720	24.236026	12.592425	16.674759	22.182974	15.057929	11.767029	17.695403	23.825581	11.006728	9.374204	17.395058	22.023005	23.174119	15.697226	22.889345	14.708381	18.370443	19.318736	18.600772	20.163956	24.317682	23.031668	23.181017	18.815191	22.529107	13.555856	24.364608	23.815802	21.510718	7.925899	23.955937	8.635773
24.037479	15.594461	22.123263	16.961171	7.133473	23.278668	22.826987	22.094061	20.925300	15.444737	23.372848	23.724658	22.563746	13.876441	23.366659	22.402514	17.688932	12.040145	23.835971	18.310877	21.433670	18.774396	24.003517	21.802806	10.460137	18.301031	19.167135	10.572102	16.375700	18.851883	23.043661	17.714970	23.955795	23.455783	18.536014	22.359106	20.368205	21.549280	20.203471	18.600297	22.368435	21.819887	18.021975	21.185912	21.544357	24.349318	22.945393	13.785958	20.001983	23.362683	12.278546	15.661375	16.062899	19.889800	14.128327	20.468131	14.299232	18.389751	11.091461	18.127815	21.996621	6.420484
18.317612	22.360273	16.259374	15.955516	21.554511	12.620402	24.095922	23.729549	22.303594	15.586656	12.926148	18.606715	18.251702	18.196475	21.974453	15.405109	16.643651	17.954172	12.445841	24.395082	18.135005	18.866638	8.073504	16.847532	23.360813	14.846604	21.497338	16.940794	23.117839	14.838552	19.387321	22.898642	21.751667	24.066327	13.659389	15.984880	14.485645	16.629087	16.047187	23.723327	22.506851	21.559763	14.805128	20.551197	23.044176	9.463325	23.659411	17.911899	21.905330	16.242797	23.670512	15.083513	12.669329	22.287669	9.960500	18.983349	23.644204	21.544158	20.747825	10.752145	19.414687	16.860714
24.302247	20.417728	18.629841	21.060365	10.802255	22.618824	20.750495	24.260228	17.012375	15.176701	14.590040	23.428615	19.967399	23.293529	23.732323	24.313186	19.835305	22.832269	15.136776	16.925883	21.463254	21.146918	18.792278	23.261873	16.098352	21.069157	23.207786	19.009945	15.945935	23.688265	19.049836	13.525472	15.930429	24.381696	20.111536	22.319144	16.391363	23.993679	8.492508	14.141718	21.565242	14.595245	20.829384	18.023799	23.125341	20.883991	23.512637	22.695904	22.363496	24.193467	21.962955	21.459155	22.461164	11.179461	17.315661	20.372655	19.811998	17.470753	16.618653	14.565078	22.710701	18.045685
17.054487	19.399369	22.525916	23.812266	23.688483	22.611133	21.399637	24.391398	20.885072	23.306205	23.927402	17.135430	17.563455	19.327628	22.938697	13.970788	11.785992	23.328593	23.554437	16.366230	20.397599	22.966805	19.598372	15.740657	7.246006	23.517176	23.610598	24.268830	18.608101	23.435363	14.905639	18.444964	15.542084	23.687979	22.332329	20.591838	12.849835	23.462298	15.254546	19.689710	15.253229	22.943194	21.317843	16.492791	16.947495	24.168865	21.482680	19.280059	24.312241	24.262368	22.422993	22.889909	24.319890	20.656706	13.316784	10.631170	7.090803	16.089391	24.383952	23.537174	18.636909	21.353622
12.174724	19.717275	19.506540	17.145651	22.549773	15.323682	22.290273	20.721482	16.263825	21.925702	16.198155	20.105619	19.840793	19.951581	19.552780	16.743469	22.610752	19.283514	21.209864	22.350550	20.311387	23.937351	21.319970	24.305044	22.834301	24.307231	24.045654	18.269794	19.956981	23.142161	10.172241	22.477447	6.688483	22.982691	13.810429	20.952182	23.491623	13.974834	16.038484	23.342673	13.350906	24.039013	23.559910	19.968893	22.651567	23.865005	19.298237	24.070186	20.825179	23.112132	22.596735	8.055503	16.653649	23.706475	23.341081	23.043826	21.407317	16.444270	19.838211	23.106684	18.369565	17.979685
23.639081	21.238361	23.838553	15.379175	16.898665	19.739436	24.265810	23.883100	22.084555	12.153219	21.894601	21.145110	23.754911	23.062067	20.565693	21.662059	16.030888	19.949642	21.626803	22.661742	19.922808	16.979743	24.272627	22.608698	20.052935	12.189991	17.185594	18.579149	22.778042	19.026992	17.456531	24.374944	17.248871	12.058648	22.353166	16.374431	24.269460	24.179883	20.941181	23.062554	13.644722	24.376032	19.039655	14.220322	14.581469	18.103747	23.934765	14.489381	22.016273	11.564516	16.219947	23.597525	17.087579	23.752246	16.661676	21.558441	13.071984	23.472618	15.878759	10.903594	23.542052	18.510431
18.861236	14.807951	9.731069	21.500924	12.571644	16.623026	14.435109	19.169568	17.882300	20.471104	20.668989	19.753625	22.875010	14.372648	15.331584	14.033257	22.399335	21.883576	23.850245	23.884014	23.451953	13.601731	14.965023	24.121844	22.051894	22.249385	22.442124	19.009187	10.895102	23.630057	14.294553	14.146443	24.062167	7.868816	22.954939	14.907585	23.643021	13.748689	24.026616	19.179185	14.628121	14.338171	18.009070	14.205754	24.350181	23.396468	23.830417	15.039838	22.344901	20.156076	23.699343	21.786829	23.306124	21.549314	15.166190	18.364699	16.520688	17.078661	22.613892	22.922855	23.610642	23.608120
23.804975	21.888041	19.006258	21.666089	14.321516	16.797933	23.475781	22.058922	24.115756	20.231485	22.679227	23.767591	20.697150	7.042336	21.588708	19.986943	15.392384	12.008553	20.610974	21.559620	22.428007	23.197455	22.137732	9.147374	22.025922	23.738223	11.241085	19.074145	21.712372	23.695157	22.717969	12.348103	19.119391	16.223533	21.674638	14.671501	21.908556	23.516428	23.437405	23.686629	24.316171	22.483120	11.767708	15.498568	10.744262	14.342619	18.476610	13.650112	21.133400	20.216227	21.758949	10.674741	20.810724	20.196315	21.505530	24.108021	22.348547	17.948138	20.893666	23.282836	23.999456	24.380629
10.727336	18.509685	23.436343	17.791284	21.296651	16.279134	23.268061	9.209668	13.414761	24.363448	12.357496	20.922880	9.136261	23.009039	24.078712	12.016443	24.362685	18.910952	8.529059	24.402748	15.582789	21.481624	13.343234	21.578780	13.470696	19.519163	23.091900	20.012552	11.654098	23.543369	23.446404	15.043456	24.135382	17.355313	24.161971	17.048331	21.266050	22.801251	18.176052	23.527235	22.474825	17.198464	23.267013	9.988340	21.879357	24.150911	20.919783	14.982250	13.287589	24.300483	21.427623	21.052809	14.557620	13.473340	12.963370	21.699410	23.220582	20.980955	22.830944	22.318872	21.897857	21.373472
20.875754	23.992461	14.245836	15.821603	19.176610	23.975076	12.942850	13.270053	18.958344	17.558598	9.609652	18.290152	23.051602	17.086900	11.018425	20.499054	13.846253	19.672335	21.683082	22.540760	21.807288	24.185411	14.509564	22.289704	22.516134	20.662065	16.716966	22.549056	11.926654	22.010544	19.670222	22.237756	14.901633	19.674555	9.175209	23.338573	10.619951	20.749726	22.142735	22.753541	19.510096	16.578934	20.479844	20.516987	24.222521	19.051384	24.281672	22.482225	22.297151	24.240303	22.772985	20.861871	22.658019	21.442041	21.483295	10.529212	15.939024	13.692491	23.053895	23.028321	19.460845	11.076417
20.010465	20.320934	21.692781	18.763239	24.179085	22.611392	16.443316	23.321407	18.077203	20.952724	21.635618	18.918722	22.266535	6.452746	16.653485	16.533798	18.858023	23.390878	23.188676	13.829619	22.848945	23.171680	24.007719	21.098942	23.608741	22.542114	20.057645	21.439740	15.165986	16.163671	24.325158	21.621409	22.153198	13.495513	15.340186	14.939741	20.882470	22.631200	24.126605	17.071878	23.737881	23.431808	24.248105	22.877944	23.292263	8.889864	11.114486	23.689698	18.783824	24.267111	23.916149	20.412030	20.218981	23.533641	21.392860	18.534684	18.194720	10.870147	8.278724	17.189519	21.370513	7.034862
18.628143	21.486218	23.997828	10.640406	18.393083	18.598765	23.148906	20.839126	21.647324	17.762087	17.430327	23.764596	23.293087	15.675264	13.406477	16.981478	21.229682	22.841152	22.316224	24.148441	24.320685	24.400600	24.350316	20.921941	24.129734	18.735110	22.997593	22.106002	21.913003	14.299039	21.186571	15.936595	22.074813	20.434504	22.736584	21.139144	16.814229	21.811706	19.823048	18.091476	23.477043	13.105235	19.647005	14.161524	15.655180	15.419975	22.215536	21.640309	20.486848	20.268608	15.950050	23.293443	19.461800	23.018615	17.095298	15.983503	15.572276	13.703791	11.953979	11.621458	23.611190	22.436951
21.404988	9.459184	17.538650	14.967999	17.967482	8.894652	8.650976	19.497713	24.295241	24.022083	22.148773	19.484409	21.742401	23.992663	23.244774	23.673555	21.627349	19.832848	21.760616	22.976586	24.343137	23.563033	20.998321	24.055234	20.703501	23.112190	24.239440	24.283576	20.303451	20.149731	20.208399	20.363336	23.860960	20.399884	23.656095	23.665907	23.193982	21.971995	8.148886	22.232809	20.818915	21.912991	22.323708	23.360742	21.822738	11.660049	24.102211	21.484940	17.144614	20.660595	23.554788	19.872846	13.922522	20.405300	22.979460	18.971726	22.453083	17.945037	22.584803	22.994623	15.245500	23.610792
24.320745	20.211362	22.563435	19.954365	14.759056	23.432777	23.190233	21.869594	13.877590	18.974380	24.289401	12.218192	23.734886	16.990371	11.285939	19.717869	18.418091	21.504949	22.023146	22.217376	12.228282	21.295661	21.401349	23.535742	21.913729	21.793742	10.935022	21.245339	18.549074	19.601853	24.338507	14.145134	23.143787	19.335389	14.257947	17.020848	17.703862	21.416833	24.360948	21.250635	9.761092	9.965862	13.464146	24.257909	17.210705	22.754555	18.671941	20.915058	22.042377	10.853393	16.861435	16.053171	22.594685	22.235839	22.952998	16.236488	23.831130	16.726473	10.655923	19.111066	14.017517	23.353886
23.298477	21.263963	15.475385	18.643672	12.802409	12.721617	20.949865	23.929287	13.677851	16.370945	19.749104	24.377955	14.178745	24.163685	10.127141	14.217978	23.044282	21.533381	23.692324	23.642189	21.343840	23.768803	22.975010	14.774319	16.662570	20.173186	7.887389	23.728922	23.661875	15.453695	13.323130	21.346907	23.654151	24.313261	21.762943	13.995707	21.150093	19.218702	13.479374	23.703317	20.070386	13.719870	21.245111	23.530715	23.118958	22.720260	22.377176	17.329711	22.310732	9.086724	21.066362	21.181688	24.131329	22.569761	16.621693	24.188306	18.460042	24.361760	19.866384	24.179994	13.203658	15.561166
23.622745	13.017234	23.973836	19.303381	22.867816	23.772545	22.067448	23.076521	15.419504	22.966814	15.313242	24.385358	21.180546	23.174498	18.563100	21.724327	5.618008	23.278606	16.488723	12.729278	24.092061	24.348946	18.588677	19.662111	14.478461	10.782212	21.974880	21.428380	11.673016	20.779615	24.043976	16.931176	21.255417	16.782138	11.896415	7.364982	16.967779	19.897108	11.445003	22.021425	22.130321	23.963385	19.073082	16.242532	20.915320	8.725463	6.158664	21.311432	22.575550	22.926818	23.663585	15.799435	22.453951	21.315873	10.267085	21.749018	8.451391	19.273356	15.816036	22.441503	9.249022	24.263013
