5.804996	7.862083	4.985378	6.702643	6.278937	6.633144	7.109277	7.356815	7.732007	6.009297	7.513427	4.901365	7.153748	7.404597	2.408162	7.122849	6.883572	7.066579	7.652502	7.481047	4.848659	7.244222	7.253213	4.361903	5.452683	3.897754	7.279869	7.397354	6.206903	7.693110	6.296808	7.137458	4.733050	7.580464	7.178551	5.760619	7.384407	7.176450	6.210223	5.925939	5.366383	6.528179	5.500757	7.833737	7.001149	7.858742	5.697150	7.667481	6.659984	5.805014	7.350263	7.567716	7.878391	5.837309	5.420217	2.994106	3.637140	7.812784	4.020593	3.622318	6.940374	7.432969
7.354177	6.309129	6.362467	6.771926	6.314572	5.490246	6.800490	7.044317	7.000979	7.874274	5.261763	6.727158	7.048854	7.812848	1.917165	5.486704	6.459006	3.135260	6.983008	7.396125	2.526638	3.462963	6.064758	3.628696	6.593913	6.906153	2.896065	6.768990	6.579755	3.276344	7.782425	6.855284	7.264359	5.603379	3.728765	7.841341	6.615522	2.861630	6.217112	7.376084	4.322866	7.070733	7.071591	5.426983	6.902388	6.522119	7.829002	4.625084	6.274023	6.845124	6.776326	5.901484	6.544141	7.637887	3.969784	7.806344	7.625561	6.430329	7.325793	7.332604	4.561437	7.870747
6.321525	5.751106	7.871451	7.530718	6.429070	3.128986	7.016997	7.810185	6.157147	7.676094	6.174280	7.287682	5.682581	5.077363	5.087040	4.294578	6.723435	6.020159	6.116152	6.059888	7.733712	6.273235	7.380263	6.065002	5.211635	7.347231	7.455838	7.631366	7.486994	7.540619	6.150827	4.578279	7.713712	6.074286	6.627009	7.385551	5.583821	7.430037	7.760162	7.606798	3.268479	7.871161	4.401370	4.604223	7.874718	5.414310	7.865726	7.809361	7.839899	7.506505	6.964807	5.951129	6.420165	4.962155	3.575241	7.798741	5.664377	6.008163	5.185125	7.786177	7.748337	7.712451
7.878624	4.385228	7.254579	7.874502	3.572086	6.684840	7.472307	5.172845	6.663689	6.973977	4.623629	6.872799	6.676306	6.395357	3.296199	7.717468	5.919545	7.662388	7.279783	7.743049	7.483390	4.279665	7.093345	7.200714	6.794627	6.210196	6.403144	4.567413	6.048294	7.767997	7.502438	6.426190	5.074021	7.526541	6.806500	6.773399	7.534051	6.783125	7.714780	7.809597	4.321838	7.548190	7.759740	5.291213	7.552336	6.929274	6.275206	3.396652	7.529370	5.699820	6.952896	3.481893	2.673229	6.396670	5.906092	5.979336	6.396157	7.873792	6.071221	6.914494	5.099381	6.305596
7.858979	7.355690	6.992571	7.545140	7.764026	7.569299	5.575223	7.697357	6.601448	4.473663	7.286142	6.656830	6.122770	7.828442	5.443351	7.767025	6.641761	7.672745	4.689320	4.970247	7.542279	6.709134	7.791353	7.040736	3.765460	6.717893	3.413926	5.657616	5.075792	6.665161	7.380451	5.484132	6.302550	7.311072	7.824572	6.897117	3.449774	7.723123	5.997566	6.656356	7.551884	3.938008	3.314100	6.102373	7.760199	6.744743	3.502579	6.826583	7.837477	5.257975	7.790173	4.468522	6.242365	7.209240	5.533933	7.785286	6.541895	3.263371	3.880263	3.615257	7.262090	5.216420
4.414133	5.823829	3.337305	7.857810	6.381490	5.466395	7.394860	2.408405	7.557787	7.868839	5.514916	7.558676	4.837533	6.526737	7.486603	6.661824	6.253527	3.822360	7.858275	4.748092	2.676415	6.128629	5.821366	6.595732	7.864659	5.094614	5.492035	7.722588	4.483670	7.012970	6.679582	6.491446	5.902393	7.254914	5.055325	7.779051	6.590506	7.197694	7.597002	5.979076	6.387144	7.039041	7.686994	6.334438	2.993089	6.470438	7.148280	7.640396	5.383522	5.239355	7.571190	4.986395	5.927903	5.181825	7.173244	7.507003	4.166143	7.151409	6.872429	5.665332	6.738455	3.804847
6.504813	7.355336	5.756844	4.871015	6.673958	6.338020	6.901520	6.688655	5.492713	6.341180	4.894945	7.731620	2.745241	6.536597	7.131257	7.094970	7.043951	7.012506	7.379837	6.312925	7.477046	6.457798	5.823208	6.819157	7.248110	7.366539	7.664085	6.508846	4.506222	5.337515	5.333379	6.117445	6.593898	6.229451	7.526739	6.944918	5.161027	6.744136	6.886077	7.780548	7.812520	7.725943	5.951943	7.613216	6.514821	6.614047	5.560213	6.321571	7.603352	7.511122	7.183732	6.236186	7.730611	7.699268	6.577575	6.595428	7.198148	5.184031	7.787762	6.448508	4.424231	7.642028
7.877421	5.133370	6.763028	5.260429	7.866788	6.040861	7.694400	7.775810	7.709552	6.016491	4.602127	7.057611	7.442834	6.284548	5.785710	4.054361	7.829895	4.265737	5.238286	7.492736	5.429536	4.220693	6.496191	7.321981	7.603136	6.913601	7.111135	6.201601	6.843114	5.083173	6.965823	7.753015	7.199047	7.331400	6.856023	7.868091	5.376832	5.261672	6.618301	3.821391	3.309842	6.656128	7.821324	3.478369	7.845859	7.460491	7.737260	6.184408	5.721524	6.644092	7.142474	3.237373	7.243417	5.704652	3.307680	7.518852	6.907468	7.831857	5.883270	6.202298	7.698921	7.465686
5.567738	6.372651	2.839365	5.917809	6.800148	7.718776	6.427949	5.205306	5.846203	7.693596	6.014951	7.288422	7.844694	2.262051	7.530718	7.752241	6.966761	5.793876	7.459855	6.907549	7.561564	7.657889	5.099295	7.306222	7.696725	4.330487	6.673324	7.413865	5.699138	7.164975	7.874790	4.113980	4.317522	3.946777	1.771933	6.005441	7.711495	3.771780	7.017210	7.610222	6.151330	6.712799	6.428428	3.200613	7.698132	6.852361	6.998305	7.657538	3.073132	4.502227	7.324608	5.839458	5.395533	7.718575	7.678884	4.843925	7.570120	4.879448	7.722296	7.783417	7.511056	7.660654
7.445808	7.112155	7.784197	6.912073	3.468506	5.461864	7.830648	5.778995	3.627484	7.244648	5.506915	7.853123	7.672003	6.898054	7.431288	5.623048	4.442937	4.457066	3.439715	4.100070	5.781739	7.157889	4.428175	4.666448	4.988362	7.254300	5.880194	5.595717	4.846925	6.766480	7.810891	5.427218	7.860431	6.656972	5.569960	7.428106	6.724910	5.162922	7.370474	7.273322	5.190247	6.076739	7.564677	4.480638	6.005929	6.458877	5.527530	7.599915	3.593142	6.787079	6.008807	6.468592	6.959524	7.824919	3.654607	7.554960	4.654991	7.776252	7.286223	7.120691	7.543171	5.361476
7.210321	7.838678	6.935172	7.684609	5.619032	7.140677	5.449827	6.476696	4.904647	7.254245	5.092831	7.093441	7.015623	6.842614	5.330540	5.281119	5.992254	7.868640	7.189963	7.075853	7.260589	7.698854	5.566639	7.373756	4.016430	7.738856	6.728388	3.874030	7.539307	3.885695	5.863145	7.311129	4.977405	7.780197	7.646749	7.634007	6.187646	6.794512	2.932150	6.702614	5.245648	7.676144	6.804167	6.358437	4.741130	6.973115	7.851318	7.810725	7.036174	7.834755	7.835444	6.606774	6.166882	7.764079	4.534917	5.728048	6.193990	6.958163	3.588414	3.669301	6.454143	7.093842
7.303023	5.872975	7.641756	7.230554	6.085670	7.684217	7.557015	7.189454	7.872484	4.102691	7.048751	3.892770	7.418694	7.859087	7.700025	3.856725	7.578734	7.195090	6.437053	2.930287	6.728144	7.017022	6.268631	7.444531	5.999384	5.858301	7.632962	6.112421	7.738693	4.423784	4.409418	5.459477	6.988680	7.663486	7.780385	7.391570	7.109206	6.292404	6.261038	5.098145	6.788197	7.107237	6.110938	6.962944	2.904818	6.292846	7.878774	6.780497	7.763252	7.243546	7.422934	3.735374	7.543548	7.520658	6.375634	5.144658	5.254092	6.708042	3.608379	7.836516	6.218940	5.366887
7.600846	6.222856	6.317582	4.177745	6.863081	7.838813	6.057818	7.784488	6.728558	7.009035	7.850073	7.699336	7.597058	4.580896	7.805656	7.406152	7.530757	6.684363	7.857912	5.099964	6.366506	1.903010	6.624470	7.456824	6.657608	7.782848	7.671312	5.679483	6.999468	6.521889	7.276681	3.280499	6.965899	7.520936	7.379341	7.366993	3.112577	6.392998	7.178728	6.366009	4.077150	7.480080	7.531777	7.081789	2.595916	7.042445	6.970505	7.326416	5.808892	5.035821	7.706989	7.275734	7.374220	7.713745	7.772972	6.074780	6.770689	2.220582	5.175149	4.354558	6.790791	7.658799
5.679128	7.611619	7.551934	7.130540	7.569655	7.691195	7.156816	6.805320	7.331909	3.059444	6.165882	6.758367	7.202413	6.360920	7.396465	1.788572	7.852229	5.539441	6.141804	7.604100	7.511618	7.787055	7.636759	7.101202	4.639717	7.130274	5.523607	6.795897	4.002898	7.720587	7.675722	5.415538	4.596643	6.382977	7.114812	6.610249	4.538096	7.501897	6.652951	7.447830	7.289430	7.472587	5.587681	7.098675	6.129452	5.963710	7.502712	6.488654	2.983831	5.982230	5.715256	2.123719	4.989621	7.054342	6.285006	7.202806	7.756566	7.300757	5.337376	7.707999	6.570500	7.606402
7.674159	6.127979	6.757018	7.809478	7.355021	7.754027	6.019761	7.655167	6.573746	5.812524	6.656527	4.038577	5.949801	3.418539	7.225019	7.811928	7.391761	7.402513	7.168112	6.330244	4.729533	2.807774	3.399877	6.598119	7.296662	7.427824	6.973765	7.192861	6.048066	7.520761	4.269414	7.592740	5.344428	6.688675	3.114049	6.024783	5.554700	6.682046	7.701296	6.878792	7.047815	4.213880	6.472217	7.125660	7.759400	6.091295	6.520701	5.701384	7.504492	7.333817	5.654717	5.128754	5.609167	4.941882	7.697410	7.232267	7.187374	5.032072	7.132818	7.878507	7.768308	6.315479
6.798822	4.451750	6.772605	6.296713	7.168084	6.628495	5.666580	5.190657	4.766191	7.859807	7.663111	7.199029	7.857320	7.219056	5.900829	6.227912	7.863487	7.572379	6.293823	7.671079	6.752095	5.544776	5.755875	6.851527	6.468001	7.717962	4.088904	6.362693	7.778717	7.584871	7.343561	6.762315	4.332641	5.832068	7.550647	7.613337	4.220177	5.270547	4.594974	7.837863	7.101623	6.243689	4.151226	7.776206	7.825136	5.509598	6.685933	5.963790	4.863658	6.151845	7.326804	6.973845	7.611392	6.058120	7.860736	7.840980	7.843206	7.162077	4.850701	3.853171	7.813826	6.138999
7.769714	5.790575	7.679131	6.877501	7.688839	7.818712	3.820123	7.604469	6.981654	5.519389	3.638231	6.484244	5.173557	5.893357	7.373885	4.987839	6.212076	5.315949	5.058458	5.373208	6.345814	6.421025	6.551779	3.139519	7.312890	2.815537	4.361426	4.875223	7.554551	7.105012	7.340858	7.726187	5.127297	6.939470	3.580710	7.731133	7.771306	6.945403	4.433332	6.004446	7.146127	6.632560	6.657447	7.452049	7.349344	7.694218	7.036440	7.786069	6.269935	2.700205	6.714884	7.408117	7.662759	4.812497	7.469658	5.576359	7.408345	6.831451	7.179531	7.129212	5.252537	2.510865
4.065081	7.279898	6.420967	6.865902	7.814452	7.231318	7.773777	5.348088	3.320002	7.382711	4.941698	3.185907	4.580218	5.429837	7.869442	6.271503	5.914254	6.369914	7.185334	3.540072	7.789382	5.094093	6.654253	7.591128	7.686130	7.649778	5.938884	5.115174	6.592075	4.475572	7.743567	6.980348	7.655982	7.686487	5.204682	5.106390	7.859568	7.502819	7.262924	6.632780	5.074350	7.158074	6.924995	7.877214	5.917204	7.876807	5.495719	6.160906	4.385406	6.529902	7.719031	6.576778	4.587852	7.713372	6.647931	4.720475	4.013707	6.737656	6.465250	7.816793	5.628580	7.825816
5.772236	7.540868	6.895361	6.047377	7.700799	6.198197	7.417707	3.548428	7.110114	7.877741	3.155914	6.325171	7.627258	7.341196	6.502800	2.353335	5.063724	3.593661	3.263772	4.789813	6.907987	3.659210	7.833845	6.955527	4.690565	7.255429	7.809449	7.512939	7.730281	5.379195	6.499477	7.301085	5.433978	7.696748	7.594259	7.329346	6.355161	7.571977	4.004219	7.793716	5.994144	6.782598	3.822854	7.827861	7.859963	7.004588	6.753942	7.303109	6.732437	6.143078	6.403057	7.681485	7.503013	4.631941	5.963339	7.844152	7.720569	7.240041	6.755092	5.235745	7.576118	7.220976
6.643263	7.432335	7.431552	5.641937	4.295937	4.017117	6.067953	7.785804	6.982537	6.030330	5.997047	1.982133	4.310827	7.639615	6.953107	4.368208	7.798151	5.705053	6.625617	6.976041	3.655142	3.899820	4.653934	5.190058	7.610084	7.353705	6.234573	7.274555	7.703541	3.800545	5.465691	7.305843	6.943057	7.816125	4.660622	7.109420	7.616624	6.394437	7.232848	4.125783	6.822701	5.657013	7.180960	6.635099	7.835022	7.879937	6.709059	7.132318	3.850880	6.373412	7.862529	3.713964	6.022393	3.409525	6.304726	4.172711	6.694990	7.770692	6.031724	6.991547	5.436076	4.702639
7.839676	7.536682	7.819258	7.105946	7.153698	7.694198	7.629876	4.367553	6.955820	7.449088	5.780093	6.917805	5.783863	7.877708	5.672423	7.300580	7.036511	4.325403	7.837228	7.835096	7.744773	7.426156	4.135303	5.419902	7.171520	5.088475	7.165730	5.554525	5.378135	6.970403	3.944582	5.192556	7.792476	6.501482	7.847771	7.540846	7.526255	7.450077	5.793143	7.034169	5.875497	6.080912	6.529392	5.982425	4.339648	4.663396	7.738555	6.416256	5.480024	4.336827	7.780513	7.686731	7.875299	7.168779	4.373400	3.453885	4.949176	5.955549	7.461045	4.535076	5.166726	7.308762
7.039418	3.459476	7.770268	6.081674	7.524871	7.623151	7.661496	4.238037	7.481547	7.617720	6.953977	6.444089	6.845947	3.275548	3.102832	6.337318	7.874517	5.945885	1.891306	4.887658	7.687202	7.507419	3.105711	5.993878	7.064670	2.974839	4.858400	7.799504	6.025754	6.606251	5.911771	3.745033	6.148412	5.582576	7.136243	4.288757	7.702360	7.798726	2.461480	7.302874	7.267865	3.259841	6.992681	5.886480	6.140491	7.537786	7.223416	5.955196	6.872498	7.508057	5.705517	5.639859	7.139807	6.211146	6.646145	6.204371	7.438920	6.641358	5.243300	5.177680	4.180225	6.436697
7.631026	7.170117	7.850310	6.177441	7.836324	6.459209	4.258177	5.711164	7.393808	5.342141	5.251894	6.847199	7.750415	6.761839	6.619802	4.281571	4.473862	7.184014	6.026865	7.342098	7.781424	7.648666	5.262379	7.624939	3.144670	7.419321	6.696471	7.283014	5.753287	5.003338	7.027790	7.446995	3.764387	7.695997	7.844298	5.295994	7.840132	7.598976	7.284815	6.454665	5.982305	6.139713	5.584901	7.477431	7.233554	6.361833	5.521760	6.534055	7.600500	6.976118	7.436418	6.818116	4.857428	7.384219	6.250499	7.845757	6.650815	6.925411	7.838774	7.233534	6.879644	6.013424
6.550038	6.267098	7.800206	7.360520	4.661188	4.603852	6.749830	5.946364	6.017091	7.635364	7.864876	5.746961	5.549230	3.535873	7.695461	6.687980	7.435118	7.474470	6.210603	5.803440	7.371862	4.494343	7.656356	7.327110	6.850613	7.875761	6.474350	7.766076	5.380995	6.652646	6.535117	6.327980	5.273633	7.661587	7.520596	7.438243	7.494324	6.933470	7.799803	6.652834	7.620364	6.491944	7.538174	6.018872	7.504831	6.623727	7.449666	6.574079	7.832123	5.320006	7.261439	7.477390	7.587826	4.549819	6.006226	4.317122	7.112729	6.320402	6.265009	7.810677	5.864597	4.256741
7.395629	7.049178	6.235619	5.213761	6.694117	7.520445	6.728825	4.912345	6.644086	7.469339	7.740210	6.963208	2.690683	7.724566	3.886658	7.555461	4.980818	6.334644	3.007350	6.933783	5.947721	6.200762	4.965523	5.604497	2.858737	7.793540	6.883940	5.155974	5.681350	4.054220	4.841447	7.489405	3.160845	5.623872	2.765697	6.609544	7.026796	7.035362	6.899479	7.732481	5.015192	4.303297	5.638601	7.704231	7.865118	4.934358	7.020451	6.416169	7.795820	7.747825	7.037417	7.270668	6.005508	6.466836	7.830219	7.492093	7.856524	7.857971	7.501773	7.179133	6.817984	5.550359
6.737010	4.939270	6.532825	7.158886	6.105619	7.264239	3.704067	4.678282	6.741226	5.997950	7.845858	5.629129	7.344246	6.139874	5.838512	7.588605	7.348105	6.577023	7.167710	6.221783	6.967042	7.701801	2.574456	7.613258	7.291396	4.977630	6.993061	6.697322	4.632815	6.612020	7.738462	6.735184	5.672258	6.005830	7.877766	6.767356	7.278015	7.530203	5.289930	7.733758	6.468930	4.642721	6.439496	6.738802	7.773905	6.985937	6.658127	7.515912	7.409998	7.868589	7.086292	5.906904	6.940058	7.879232	7.877899	6.223646	6.967453	7.340077	7.319772	4.806928	7.461979	7.830251
5.868333	5.986157	6.989966	6.430958	7.492103	5.377991	7.393919	6.707005	7.860021	6.326436	5.458057	7.710514	7.423221	7.062644	6.512785	3.625717	6.746064	7.535082	5.786851	7.487855	6.909696	4.020412	5.655125	3.472749	5.309380	6.668389	6.499285	2.196890	7.676922	7.533105	7.859569	5.910911	6.382118	7.503100	7.273196	4.673271	6.809693	7.033294	4.983906	3.487337	6.675371	3.404933	7.833873	3.441612	7.301700	6.548701	7.601634	7.301781	5.798767	6.845760	7.558280	7.167234	7.541046	7.239870	5.077896	7.409903	7.187956	7.781243	3.935764	5.030260	3.536408	3.007171
7.556499	6.228355	5.477867	7.436988	7.840640	6.208435	7.716986	3.829858	7.010981	7.663492	6.390024	4.635175	7.302685	5.640027	6.246562	2.648558	6.668347	4.443431	6.963408	6.589238	7.286715	4.314403	5.508784	2.841023	7.660185	7.416779	7.181805	6.897824	4.574312	5.788235	2.285522	7.286065	6.871269	5.439717	3.619210	7.747897	7.677189	7.816721	7.349258	5.926633	6.387459	5.223266	7.696481	6.853024	7.331057	5.429184	6.987849	6.640519	6.288840	2.634105	5.513704	6.095345	6.921249	6.377667	7.466264	7.473777	2.466246	7.489501	4.936059	6.766981	7.398807	7.835854
7.742710	6.824321	4.016366	6.072071	7.586897	6.361403	6.080164	4.685124	7.824278	5.399539	6.795627	7.438378	7.822980	6.402123	7.666701	7.482105	6.510917	7.257085	7.428569	5.542096	5.705919	7.643813	5.329182	7.591773	6.833952	3.391026	6.317705	4.058238	7.513678	7.854715	6.064297	2.199752	5.381004	7.838387	7.430845	4.068207	7.579065	4.258588	7.554948	7.508959	4.669589	6.982344	6.042329	4.171538	7.811776	6.506601	7.768647	1.959379	6.460995	7.624533	7.687687	7.870686	7.728081	7.797247	6.426435	7.356163	4.875814	3.916782	5.483887	7.587684	7.469213	6.871753
7.873551	2.439254	5.721507	3.554339	7.831039	3.955576	7.401555	4.680568	7.712936	4.471534	7.876315	6.846482	5.709255	7.214411	4.984222	7.291322	7.873589	5.982452	7.465712	4.075821	4.084789	7.206146	7.017418	5.178775	7.824797	7.266719	6.561569	5.666584	7.811199	7.624207	7.646934	7.386658	3.011135	6.583874	7.638581	7.867356	6.418166	5.994478	6.976354	5.138453	6.303350	7.662354	7.399867	7.287131	7.780378	7.717644	6.535532	7.672175	7.841202	6.975057	5.075534	5.431375	7.876260	5.379665	6.275122	6.518686	2.713802	6.593459	6.868841	4.687205	3.669476	7.229560
6.491596	6.843904	6.749826	4.920039	7.485413	7.429139	7.054380	6.870651	4.756782	4.187126	3.392640	7.472203	6.066231	4.565373	2.813012	6.746922	7.637662	7.193890	7.004418	7.329017	7.366369	7.744317	6.507733	7.229098	7.520943	7.652719	7.233564	5.913821	3.960747	6.879332	3.995825	4.817042	4.949765	5.133974	4.500080	7.654977	6.099257	7.536405	6.494616	5.890175	7.820240	6.054325	7.307034	3.539233	5.199119	7.203806	5.835058	5.867513	7.713597	7.229614	4.275219	7.009155	4.797811	6.838425	7.698457	7.522273	7.631418	4.803782	6.351949	4.125166	3.069155	7.722329
3.833486	7.727579	4.151073	7.334200	7.152739	5.436108	5.653167	7.263382	7.535231	5.904540	7.063422	7.403200	6.620078	6.513886	3.375683	7.814416	7.667140	3.096031	7.715449	7.870268	7.803789	7.646270	6.957997	7.858868	7.528919	7.807677	7.856459	7.799348	7.481569	6.654564	6.609071	5.082985	7.770089	3.486244	7.871275	7.452796	4.437713	4.318154	7.451077	7.675199	3.771620	4.648653	7.305692	7.668265	7.835750	7.426376	4.753082	6.073950	2.536676	3.555046	7.258927	6.833421	6.809818	7.085107	4.739730	7.388458	6.462947	6.845838	7.570485	7.870599	2.522397	4.172351
5.734540	6.905038	6.622766	6.206504	3.973744	5.497282	5.270258	7.002983	7.071837	6.746045	7.598531	7.834393	7.007191	7.447451	7.706552	7.022656	6.553794	7.754392	4.935819	5.409730	7.823731	5.323473	7.854013	5.184879	6.751407	4.409793	6.633667	3.525105	3.900296	5.746560	6.096735	3.689160	7.407137	7.022769	6.557604	7.158685	7.047622	7.240517	4.507938	6.708945	6.752549	7.559786	5.894115	6.215711	7.146885	7.119452	3.418271	5.630793	7.770604	6.980373	7.204454	7.788681	4.104361	4.946451	7.380247	7.033151	2.323617	6.902908	7.794413	7.691006	6.433041	7.295587
5.840291	7.194300	6.591730	7.284057	2.446064	4.607535	5.362445	7.606798	5.177908	5.557815	5.523435	5.454788	7.362747	7.101791	4.868035	6.360254	5.041865	3.768772	7.742658	5.276425	7.154579	5.600446	4.196143	7.583166	7.820243	7.354752	6.731403	4.917550	4.273622	5.615198	7.066153	7.758125	7.821638	7.520703	6.567823	3.743259	6.630811	5.292828	7.396460	6.857985	4.356631	7.205861	4.133808	7.857433	7.782679	5.758957	7.732805	5.690551	5.068033	4.103176	5.114798	6.386585	7.197617	6.639602	7.328891	5.897072	7.639689	5.024381	5.297095	6.566540	7.835822	3.211154
7.714443	6.752838	7.650131	6.107335	7.420419	7.370913	4.460566	6.921828	7.539941	7.516282	4.557804	6.975746	3.015090	5.819086	6.687308	7.644834	7.606012	7.042100	5.757365	6.810692	5.267252	6.947511	7.434109	5.674720	7.529054	6.848154	6.020513	3.757783	6.134763	5.631604	6.741883	7.119752	5.498803	7.141883	7.403288	5.619715	7.772326	7.469437	5.874192	7.316193	6.905009	4.994612	4.050681	4.627028	7.058425	6.062136	6.948007	3.944036	5.656317	3.483178	6.425815	5.983294	7.290021	6.527978	5.120238	3.813332	4.962756	6.056479	6.405426	7.408485	4.098653	6.457897
7.787856	7.073937	7.045120	2.745753	3.034747	5.219504	6.654401	5.210613	6.858949	7.553418	7.196392	7.262375	7.478974	6.721438	7.239326	5.176337	6.770665	4.586712	6.692818	7.877074	7.272238	7.801011	7.324069	7.842259	6.503872	7.156444	7.051340	7.776103	7.373878	7.539165	7.186628	7.642983	7.866031	7.716544	6.855557	5.502219	5.901997	6.680236	7.011532	7.698540	6.802515	7.739357	5.273920	7.407103	7.826681	7.830405	5.359437	7.642547	7.790918	3.195903	6.327252	6.826945	7.412720	7.802126	6.353560	7.402422	7.531915	6.042307	7.690056	5.728923	3.252297	7.873946
7.703024	7.279204	7.249036	7.764181	5.249089	5.739839	5.754101	6.307722	7.699793	7.873222	4.350686	5.781345	7.083310	7.861177	5.079249	6.840527	6.217459	6.712999	5.816903	4.854626	6.945976	5.930233	3.691971	4.140421	5.482599	7.719942	6.679785	7.360450	6.270899	7.498043	2.969845	7.878096	6.804006	6.784857	7.744705	5.155408	5.054943	6.446074	6.584384	5.201280	7.283984	6.575657	6.055943	7.650785	7.487823	7.021265	4.497756	7.817301	7.526201	7.733966	7.570952	4.587218	6.085514	7.827523	1.963327	5.261922	4.629732	5.053932	7.220410	5.704463	7.227996	6.313307
6.755491	7.479202	7.078916	7.868601	7.216931	7.795167	7.873468	5.737757	6.454982	7.464855	6.561606	7.174309	5.569739	6.920984	6.433919	7.391352	7.117870	7.157059	6.916669	7.431505	7.442156	4.959023	6.360048	6.294431	7.281308	5.350316	7.232905	7.475595	7.194012	6.107053	4.996984	7.749105	5.279356	6.891499	7.162961	7.254727	7.200921	6.489843	7.459687	4.512371	6.310215	5.786415	4.272152	7.123465	4.839929	5.787081	6.221219	5.125741	7.047852	5.608080	6.956504	7.477857	7.294170	5.880588	2.593352	5.001297	7.604707	6.673044	6.249727	7.501993	7.109329	4.482897
6.012507	6.811390	6.670455	6.732766	5.027158	7.733061	6.527958	6.742653	6.440778	3.655800	7.198635	4.250747	7.856094	6.067676	7.169305	7.319763	7.033298	5.887020	5.111227	7.142497	7.281342	7.798901	4.443585	5.207244	6.338056	7.649788	6.302783	4.967875	7.753072	3.025753	5.665782	7.210746	5.504452	7.879860	5.025458	6.988946	7.610283	4.065825	5.978851	7.866902	2.550973	6.611126	7.251192	4.463920	7.242174	5.614856	6.755722	5.711726	5.300642	7.753684	7.188290	7.791250	7.843911	7.009389	4.918372	6.511380	6.992766	6.146272	5.816794	3.324982	5.478655	7.792556
7.299320	7.874867	7.380241	7.833072	7.283020	7.864183	7.123726	6.327335	3.304862	7.118723	6.700195	2.516870	7.683087	5.153322	6.006332	7.539935	7.873567	6.002799	3.104625	5.715734	6.745931	6.008426	2.217857	6.473012	7.593558	5.383719	5.446148	5.576499	6.347269	7.600102	6.432245	7.785295	7.803502	2.876653	4.317343	5.573689	7.193052	5.159257	6.131675	5.209728	3.595382	7.739613	4.754379	7.047567	6.897854	7.864557	4.756454	7.511246	6.208445	2.543639	4.797020	5.887891	7.696984	7.491305	7.179736	7.813461	4.949470	7.478419	7.766751	6.144028	5.033394	7.836322
7.737322	5.880556	5.724404	3.884560	5.471612	5.258470	7.002631	5.699545	2.599902	7.425310	6.072395	5.967606	4.561785	4.455159	7.591938	6.647152	7.798833	6.812261	6.763760	7.393622	7.852679	6.995527	5.903393	6.210888	6.616946	7.323717	4.110484	7.186242	4.151206	6.604728	4.561272	7.871361	4.226075	4.001528	7.853757	4.552000	6.925861	5.969881	4.426992	6.662673	7.841183	7.054771	7.155609	6.844219	6.825965	7.487405	7.151096	4.900065	3.719403	7.832050	5.544953	6.960781	7.177177	5.744506	5.999763	7.495802	4.552099	7.235701	7.640080	5.465513	7.693929	7.632849
6.731862	4.214101	7.059523	6.540858	7.043383	7.538990	5.067826	7.866935	7.564189	2.630247	6.192647	6.130906	6.690773	6.394623	6.479840	6.331480	4.030106	7.165480	7.840555	4.909994	7.145934	4.785801	6.267644	4.716895	7.160505	6.471475	7.464238	4.101662	3.513492	6.527245	5.418332	7.627175	6.962781	7.408415	5.654495	7.206093	6.133625	7.662632	7.452451	7.122026	6.227058	4.165671	6.830891	7.517379	3.598909	7.824727	5.398775	5.845159	6.924609	6.019402	7.647696	7.510941	7.764952	7.397111	7.579477	2.912904	2.658866	5.909098	6.739513	2.853766	5.925441	6.562530
7.089040	6.163404	7.429697	5.105394	4.824104	5.170273	6.306021	4.358683	6.425581	3.828956	7.710750	4.962566	6.894716	6.760460	7.850723	7.428974	7.156901	6.133715	7.673390	7.425378	5.068102	6.015886	7.588784	3.760651	6.903009	5.229226	7.196422	4.503252	7.697460	7.795677	6.921227	7.081278	7.664450	3.367008	7.506739	6.135722	7.547051	7.193511	7.058986	5.422128	3.301969	6.619265	7.037582	7.560613	6.488211	6.818030	6.000071	7.705826	5.649466	3.538652	6.789383	7.509929	6.754933	7.690413	5.756338	7.852641	7.861928	6.765610	7.208410	6.936581	6.325410	5.876905
3.853990	5.848477	7.585278	7.125483	6.336309	6.659365	7.184138	4.155087	7.851275	5.416393	7.865623	7.473081	5.088859	7.809680	7.129200	6.918646	6.002159	7.750872	4.359039	7.627316	4.196051	7.279212	7.166639	7.321608	3.678074	6.039011	6.554330	6.497066	6.027207	7.825418	7.774574	6.380380	7.250286	4.444395	5.090502	4.108948	5.901171	5.852068	7.628761	4.186682	2.455486	6.678968	4.589020	4.284875	7.655509	7.110566	7.620362	2.933080	6.029333	7.148273	7.208786	7.150427	7.830873	7.504383	7.606639	6.178456	4.586685	7.827769	3.501490	6.789470	7.213254	7.588295
6.151002	7.612299	5.074473	7.419339	7.066579	4.795041	7.310211	2.414974	6.085205	7.374714	5.729675	7.816098	7.050195	7.557244	4.759463	6.218614	7.594592	4.967717	7.655756	2.946877	5.095125	7.186744	5.604703	5.725059	7.352333	7.780070	3.497110	6.095212	7.511508	5.941520	7.668563	4.479316	7.800510	4.535100	7.497791	6.897220	7.525799	5.229295	5.523721	3.936829	7.780782	7.870597	6.830933	7.630809	7.355189	5.355262	6.025946	6.761899	7.493059	3.911489	7.523891	4.936126	7.560196	7.697530	6.902917	6.749415	7.363219	3.551263	3.557379	7.748585	6.636011	6.942879
4.481491	5.752566	4.364687	3.552370	6.986115	6.668177	7.797051	7.626406	6.687436	4.160489	6.706476	6.127414	6.050921	4.930943	5.745189	5.189101	5.527084	7.744396	3.748063	7.586865	6.539097	7.785508	4.916423	5.197476	7.363863	6.499149	3.334942	7.486870	3.745961	7.811235	7.817460	4.063382	5.379590	7.155524	4.858298	3.797261	5.708661	7.685126	3.552128	3.025777	5.611825	7.103947	7.475084	5.064418	7.383269	4.745599	5.926305	6.232049	6.000566	6.504561	7.843787	7.429156	7.477308	6.069698	7.267123	4.374007	7.858917	7.681973	6.938778	2.558821	7.727155	2.787696
7.753445	5.031285	7.136272	5.471933	2.303331	7.508793	7.363164	7.126857	6.750030	4.983011	7.539158	7.652587	7.278291	4.477369	7.537162	7.226307	5.706575	3.885318	7.688476	5.907099	6.913937	6.056545	7.742495	7.032952	3.375899	5.903925	6.183171	3.411998	5.283168	6.081528	7.433023	5.714970	7.727109	7.565897	5.979687	7.212311	6.570414	6.951211	6.517301	6.000413	7.215319	7.038459	5.813953	6.834056	6.949624	7.853987	7.401340	4.448195	6.452339	7.535880	3.962182	5.052859	5.182316	6.416169	4.558580	6.602632	4.613683	5.932530	3.579448	5.848078	7.095441	2.073452
5.909271	7.212688	5.245663	5.147695	6.952897	4.072402	7.772288	7.654164	7.194414	5.028768	4.170979	6.002482	5.888021	5.870215	7.088294	4.970235	5.369560	5.792092	4.016121	7.868742	5.850396	6.086285	2.606411	5.435294	7.535278	4.790164	6.934464	5.465363	7.456939	4.787568	6.254162	7.386266	7.016464	7.762746	4.407387	5.157162	4.673785	5.364864	5.177251	7.652158	7.259947	6.954591	4.776792	6.629414	7.433189	3.054511	7.631550	5.778463	7.066007	5.240318	7.635129	4.866547	4.088177	7.189279	3.214808	6.123915	7.626647	6.949560	6.692809	3.470047	6.262985	5.439545
7.838810	6.586381	6.009939	6.793577	3.486203	7.296049	6.693670	7.825263	5.488442	4.896593	4.707444	7.557138	6.441188	7.513584	7.655058	7.842337	6.398599	7.364867	4.883720	5.460556	6.923475	6.821483	6.062311	7.503378	5.193747	6.796412	7.485939	6.132490	5.144605	7.640853	6.145352	4.364210	5.139606	7.864426	6.487660	7.199427	5.288218	7.739323	2.741505	4.562898	6.956357	4.709122	6.719105	5.814541	7.459358	6.736712	7.584228	7.320900	7.213727	7.803738	7.084586	6.922153	7.245217	3.607820	5.586227	6.571849	6.391084	5.636230	5.361500	4.699396	7.325671	5.821597
5.502020	6.258046	7.266094	7.680833	7.640923	7.293569	6.902964	7.867554	6.737060	7.517671	7.717955	5.528117	5.666119	6.234916	7.399181	4.507787	3.803375	7.524889	7.597705	5.280115	6.579891	7.408243	6.322208	5.078421	2.339613	7.585691	7.615812	7.828036	6.002929	7.559314	4.809198	5.950331	5.014398	7.640761	7.203678	6.642517	4.146375	7.567998	4.921691	6.351657	4.921266	7.400631	6.876592	5.320920	5.467524	7.795806	6.929738	6.219579	7.842033	7.825953	7.232910	7.383451	7.844499	6.663431	4.296926	3.431043	2.289573	5.190858	7.865153	7.592139	6.012217	6.888128
3.928708	6.360544	6.292600	5.531413	7.273785	4.943981	7.190119	6.684316	5.247098	7.072575	5.225925	6.485752	6.400368	6.436088	6.307508	5.401743	7.293446	6.220693	6.841778	7.209553	6.552095	7.721162	6.877278	7.839712	7.365522	7.840418	7.756081	5.893854	6.437829	7.464781	3.283077	7.250466	2.159859	7.413365	4.456085	6.758697	7.577453	4.509092	5.174445	7.529429	4.307928	7.753940	7.599470	6.441670	7.306606	7.697837	6.225440	7.763990	6.717750	7.455099	7.288927	2.600607	5.372783	7.646724	7.528915	7.433076	6.905440	5.305276	6.399536	7.453342	5.926021	5.800318
7.624995	6.850966	7.689308	4.961873	5.451780	6.367689	7.827063	7.703671	7.123792	3.921775	7.062548	6.820900	7.662341	7.438957	6.634087	6.987573	5.171996	6.435463	6.976206	7.309886	6.426811	5.477921	7.829261	7.292784	6.468766	3.933631	5.544291	5.993595	7.347383	6.137986	5.631645	7.862249	5.564692	3.891284	7.210397	5.282759	7.828239	7.799358	6.755151	7.439114	4.402658	7.862600	6.142069	4.588241	4.704681	5.840318	7.720329	4.674990	7.101777	3.731968	5.232951	7.611597	5.512689	7.661482	5.375372	6.954165	4.217999	7.571325	5.122947	3.518876	7.593712	5.971439
6.084544	4.777702	3.140836	6.935620	4.056682	5.362910	4.657492	6.183955	5.768920	6.603590	6.667392	6.372264	7.378647	4.637353	4.946529	4.527928	7.225282	7.058993	7.693078	7.703966	7.564662	4.388798	4.828344	7.780646	7.113262	7.176936	7.239078	6.132246	3.516138	7.622086	4.612174	4.564421	7.761405	2.540417	7.404417	4.809825	7.626266	4.436179	7.749943	6.187055	4.719722	4.626237	5.809792	4.583544	7.854265	7.546773	7.686685	4.852466	7.207732	6.502020	7.644425	7.027800	7.517645	6.951222	4.893204	5.924453	5.329915	5.509814	7.294458	7.394073	7.615826	7.615013
7.678482	7.060433	6.131301	6.988872	4.620868	5.419303	7.572345	7.115528	7.778683	6.526334	7.315524	7.666429	6.676471	2.273946	6.963923	6.447489	4.966132	3.875132	6.648687	6.954545	7.234526	7.482608	7.140937	2.952644	7.104888	7.656960	3.627689	6.153189	7.003795	7.643075	7.328015	3.984608	6.167777	5.234107	6.991628	4.733708	7.067047	7.585450	7.559972	7.640326	7.843300	7.252295	3.797480	5.000368	3.467505	4.627672	5.960534	4.404396	6.817125	6.521414	7.018811	3.445090	6.713089	6.514994	6.937105	7.776189	7.208907	5.790147	6.739831	7.510137	7.741186	7.864082
3.462048	5.971198	7.559630	5.739575	6.869760	5.252034	7.505373	2.972728	4.328515	7.858542	3.987637	6.749250	2.949061	7.421860	7.766739	3.877676	7.858297	6.100573	2.753289	7.871214	5.027522	6.929398	4.305454	6.960722	4.346550	6.296670	7.448576	6.455746	3.760851	7.594136	7.562873	4.853632	7.785011	5.599011	7.793583	5.500035	6.859893	7.354866	5.863630	7.588934	7.249621	5.548440	7.505035	3.223784	7.057633	7.790017	6.748251	4.833899	4.287513	7.838242	6.911987	6.791141	4.696991	4.347402	4.182980	6.999615	7.490065	6.767974	7.364439	7.199339	7.063598	6.894528
6.734056	7.738931	4.596467	5.104519	6.186225	7.733325	4.176364	4.281860	6.115853	5.664553	3.101689	5.900418	7.435583	5.512470	3.555900	6.612602	4.467635	6.346055	6.994351	7.270880	7.034397	7.801141	4.681497	7.189935	7.262940	6.665159	5.393198	7.273554	3.848727	7.099930	6.345373	7.173186	4.807906	6.346770	2.961618	7.528107	3.427425	6.693422	7.142550	7.339484	6.293747	5.348694	6.606408	6.618384	7.813106	6.145850	7.832177	7.252007	7.192336	7.818839	7.345753	6.729580	7.308686	6.916636	6.929937	3.398170	5.142377	4.418060	7.436322	7.428077	6.277867	3.574597
6.455073	6.555173	6.997478	6.052948	7.799101	7.293653	5.304969	7.522572	5.831759	6.758872	6.979048	6.103078	7.182465	2.083854	5.372731	5.334142	6.083508	7.544971	7.479778	4.462272	7.370243	7.474298	7.743850	6.806015	7.615213	7.271316	6.470285	6.915894	4.893138	5.214807	7.846197	6.974467	7.145924	4.354551	4.949303	4.820193	6.736221	7.300039	7.782181	5.507627	7.656850	7.558168	7.821354	7.379593	7.513176	2.869619	3.586871	7.641315	6.059585	7.827482	7.714327	6.584544	6.522302	7.591000	6.900779	5.979259	5.869649	3.508092	2.672577	5.545556	6.893574	2.271537
6.009391	6.930879	7.740661	3.434020	5.933604	5.999919	7.466955	6.722246	6.982822	5.730161	5.623197	7.665463	7.513441	5.057337	4.325845	5.478481	6.848168	7.367731	7.198486	7.789221	7.844755	7.870521	7.854309	6.748947	7.783190	6.043879	7.418170	7.130707	7.068481	4.613621	6.834268	5.141594	7.120651	6.591790	7.334016	6.818977	5.424557	7.035821	6.394647	5.836361	7.572752	4.228720	6.337888	4.569283	5.050861	4.975028	7.166022	6.980560	6.608667	6.538302	5.145932	7.513556	6.278175	7.424947	5.515178	5.156718	5.024132	4.421703	3.857537	3.750327	7.616003	7.237410
6.904689	3.053176	5.658122	4.829304	5.796384	2.871162	2.792597	6.289754	7.836552	7.748481	7.144497	6.285465	7.013476	7.738996	7.497865	7.636110	6.976382	6.397807	7.019349	7.411397	7.851994	7.600476	6.773573	7.759170	6.678519	7.455117	7.818561	7.832791	6.549536	6.499975	6.518890	6.568844	7.696533	6.580628	7.630481	7.633644	7.481489	7.087501	2.630715	7.171592	6.715730	7.068477	7.200899	7.535255	7.039378	3.762769	7.774316	6.930467	5.531078	6.664685	7.597818	6.410703	4.492225	6.582374	7.412323	6.120168	7.242611	5.789147	7.285080	7.417212	4.918774	7.615875
7.844775	6.519845	7.278190	6.436986	4.761937	7.558480	7.480280	7.054485	4.477739	6.121023	7.834669	3.942723	7.655884	5.481348	3.642150	6.360736	5.941667	6.936918	7.103993	7.166616	3.945976	6.869440	6.903516	7.591677	7.068715	7.030029	3.529009	6.853216	5.983898	6.323330	7.850501	4.563999	7.465305	6.237418	4.600372	5.491174	5.711389	6.908508	7.857737	6.854923	3.150516	3.216537	4.344438	7.824515	5.552387	7.339810	6.023512	6.746728	7.110193	3.502691	5.439777	5.179180	7.288266	7.172568	7.403792	5.238284	7.686915	5.396263	3.439023	6.165093	4.522853	7.533044
7.515179	6.859220	4.992893	6.014398	4.131084	4.105035	6.757950	7.718562	4.413340	5.281635	6.370806	7.863220	4.574836	7.794136	3.268536	4.587485	7.433223	6.946085	7.642162	7.625997	6.884974	7.666820	7.410889	4.766858	5.375660	6.507537	2.546405	7.653962	7.632345	4.985900	4.298972	6.885963	7.629854	7.842362	7.020099	4.515821	6.822507	6.199796	4.349348	7.645706	6.474393	4.426887	6.853142	7.590057	7.457300	7.328753	7.218138	5.590756	7.196715	2.933089	6.795511	6.832694	7.783704	7.280230	5.362480	7.802074	5.955193	7.857998	6.408619	7.799394	4.260453	5.020550
7.619728	4.200347	7.732926	6.227098	7.376328	7.668026	7.118277	7.443617	4.974876	7.408246	4.940615	7.865607	6.832325	7.475207	5.988420	7.007649	1.814721	7.508773	5.319609	4.107505	7.771043	7.853867	5.996667	6.342758	4.671469	3.479741	7.088431	6.912231	3.766950	6.703059	7.755540	5.462262	6.856465	5.414210	3.838977	2.377973	5.474064	6.418525	3.693435	7.103438	7.138548	7.729556	6.152846	5.240233	6.746812	2.816613	1.989037	6.874525	7.282096	7.395351	7.632896	5.097372	7.242891	6.875957	3.313656	7.015610	2.728248	6.217418	5.102724	7.238878	2.985416	7.826161
