0.000000	26.612661	11.252165	22.657512	20.585266	26.153225	14.723612	30.370297	15.327210	22.674712	22.312075	24.208902	29.848548	26.582587	27.612265	22.049883	21.267340	21.284968	13.473938	29.961626	25.892176	30.695233	26.976111	17.536796	11.302876	24.267503	29.655914	26.699812	29.319499	26.218468	28.715061	30.734351	21.677188	29.716987	29.480145	30.291872	27.235852	17.967716	19.111748	26.823105	23.629289	28.887034	13.671615	17.643203	29.738896	15.680478	24.589977	16.801848	26.329559	26.473128	7.272242	14.213021	30.559928	28.963297	23.973953	30.313532	26.501946	17.025838	28.069488	24.650017	28.272599	25.134864	23.120201	26.408385	28.408369	22.931671	29.662892	13.447710	22.453872	27.566817	23.388964	17.889721	26.092658	16.884277	25.997646	26.665285	20.960018	20.193452	30.240271	24.089406	30.295769	27.092577
22.050109	0.000000	30.634403	28.287273	18.150557	26.432264	24.727311	26.231873	24.227975	30.591178	28.800054	30.724964	12.621018	30.783869	26.010582	30.034335	29.350476	30.745136	22.248825	30.728647	30.741553	30.895664	30.676757	13.067547	14.502668	30.711471	27.726370	27.165448	24.449624	30.939159	27.298987	24.291482	26.253702	25.810883	30.066566	21.766790	22.699999	30.669531	26.126402	23.146147	27.832855	27.658933	30.574857	28.381170	23.016065	22.955091	24.797413	11.640425	26.778566	26.233677	19.626385	18.127571	30.893999	28.069753	21.966287	27.880419	22.752158	29.404056	23.612107	26.643976	20.543183	23.300867	16.145809	30.337146	30.338254	25.655930	30.624598	29.006329	29.383994	30.247804	20.379064	28.507540	29.549533	23.597326	30.140885	27.780714	17.042181	17.321486	26.027056	27.455585	24.135616	26.291780
25.652411	13.860177	0.000000	26.857408	24.535022	21.680477	30.119299	27.227156	21.449652	25.623318	29.936341	28.375283	27.392451	26.082376	15.784280	30.114407	24.607611	30.936329	24.406462	28.963472	27.110524	25.047021	25.774118	17.599587	30.601314	28.199373	19.472101	26.931323	19.676363	30.600856	30.479319	30.815754	30.540976	25.806760	26.325267	30.886948	21.926074	22.952274	19.982767	18.166656	14.730757	30.900094	7.008271	29.240801	27.492154	30.368773	22.652841	28.815196	25.216873	23.559696	22.810066	21.351411	28.642770	17.892396	9.491201	30.283386	27.746687	28.110480	21.405232	30.470263	29.543349	30.307587	30.010640	27.425033	25.610314	25.991941	15.736166	28.905265	22.210068	27.049377	29.986517	30.547842	25.945684	23.963990	28.451260	29.717149	25.221563	21.839435	30.006091	26.415534	24.625730	17.103300
27.314587	8.713247	8.997221	0.000000	27.388686	23.728876	28.655080	27.875553	16.929113	25.971873	21.526697	18.608899	25.220866	30.090861	30.650699	23.179711	15.234387	23.849741	26.537412	24.414842	24.054326	18.117219	23.680336	25.588525	26.917747	29.464399	27.153713	17.342392	26.835285	27.385797	25.771151	13.072738	26.662260	26.251513	19.155105	29.920633	23.994164	16.697814	26.627269	30.920274	12.813351	29.887335	23.049387	17.987514	21.178756	30.341292	16.617549	29.336990	29.620431	19.093040	25.119248	20.675439	30.057090	29.982309	30.291007	28.713703	14.634693	30.199180	29.753966	30.408284	11.244819	23.165419	18.828450	29.482548	29.727438	24.346645	26.587483	20.543935	28.848579	23.674798	24.848493	30.933912	22.461660	14.150135	11.923066	28.744660	28.322362	23.211824	26.019365	30.956677	29.245797	27.608355
27.353199	24.218694	26.808144	30.161838	0.000000	29.448396	19.027861	30.013164	26.932492	23.135091	28.298255	29.457683	27.078869	29.999747	30.102313	28.960098	15.487583	25.237740	30.325882	24.855710	30.154807	19.881076	28.896176	19.876528	30.588472	30.216827	24.522043	29.916074	22.392141	22.721345	30.861993	14.380184	24.330937	28.978662	27.376467	26.032729	17.347964	27.046165	17.563541	26.679443	25.028079	14.732790	29.780162	22.571410	11.064446	25.797134	23.452619	20.334366	12.927140	29.649521	26.147749	28.227923	25.464158	30.499440	28.805708	24.702064	12.111428	30.086221	29.557459	20.485785	18.127850	28.203459	18.492849	20.154103	15.879885	25.956256	30.041984	29.414215	22.122139	28.456152	24.973482	28.573790	27.719599	29.948409	29.017957	27.670513	15.688226	20.160665	21.627825	13.096677	30.447743	9.726411
9.374286	30.877119	28.976326	29.010253	30.314942	0.000000	16.731121	29.642593	14.452949	20.010145	27.214693	26.934334	30.903981	16.308016	26.256760	29.927864	26.054350	20.325299	24.373590	30.936064	28.204612	23.043649	26.990336	25.481363	26.888723	22.827681	26.062107	25.928253	22.474527	22.396624	26.854077	25.419648	26.843576	17.516394	27.991950	23.318350	27.560756	29.888643	20.771184	30.840070	28.431542	24.054086	30.170997	28.164430	29.355207	25.241460	17.441799	29.561445	29.746197	29.520511	29.055353	17.155866	27.852410	29.052875	27.615852	26.286483	26.580927	26.938866	26.123666	28.099120	27.880592	21.410240	28.571582	15.191755	21.592437	19.435186	17.916609	26.697513	22.646880	12.163880	12.657556	29.369328	30.516723	19.285337	22.249360	17.120342	29.429032	18.619890	28.719573	12.357080	30.127803	23.573581
25.587531	30.472563	27.933593	21.062844	29.845281	29.756956	0.000000	25.013804	30.861293	30.121880	29.868102	28.839144	29.689764	30.791373	13.882589	28.678031	29.282709	20.901409	19.990850	26.424796	23.361590	26.344519	29.815206	22.657812	30.417773	23.044312	25.862994	29.122037	24.118957	18.976971	25.457882	21.165071	20.144792	28.890003	26.978537	29.633237	28.076431	12.345593	28.712207	25.808964	23.578995	27.319085	27.757243	24.527932	29.649870	25.999991	30.454769	30.316726	20.607554	17.792752	30.359241	22.524266	23.567427	30.308405	26.112118	29.345952	30.803464	28.864061	23.265873	19.886875	14.154086	24.142928	25.284828	29.452002	29.417056	30.015127	18.920214	28.784975	26.792201	25.612308	23.744236	30.896931	29.080245	24.360834	16.420421	27.155801	21.818233	27.668083	19.718172	30.903131	29.807127	25.419493
30.122917	27.772542	29.538744	23.329639	24.870860	27.362496	30.949277	0.000000	30.790927	30.906456	25.676196	29.856431	23.808191	27.445365	28.018721	23.544669	17.917559	29.037129	25.898666	26.647475	29.455101	27.349267	20.149391	23.808329	28.522590	30.016550	23.450576	25.176718	29.450815	11.062258	29.438674	25.174615	13.872945	21.096631	23.223868	26.516291	30.661569	20.938251	23.820286	30.121579	14.850743	20.742514	26.901679	30.025589	28.893200	30.740932	29.321737	30.922534	15.860670	29.460889	28.696839	27.007564	30.451889	29.366321	27.733078	15.574845	20.484453	28.685012	29.014285	26.301070	29.245264	29.422604	29.311409	30.420541	29.343791	24.899299	25.061669	14.136017	18.219908	26.670760	30.509278	26.704851	30.326514	23.979384	25.160349	25.820731	30.721715	28.701328	30.852199	18.110381	9.530487	24.922741
13.642838	21.241791	25.441315	30.328207	30.955643	17.633739	30.646728	29.668584	0.000000	29.702772	29.026538	23.590611	25.754007	25.930072	22.980370	24.943002	30.902350	29.819802	30.589642	20.875874	23.658049	20.090031	20.420284	30.626173	29.881411	23.807785	7.647042	19.688340	25.367806	29.119050	29.109823	29.007319	28.329759	15.942527	27.015084	28.385537	21.436697	25.556942	23.970756	28.565908	29.869171	28.489862	15.468793	10.801468	13.500219	30.156480	21.159329	30.607312	28.738223	13.396395	15.121465	12.669832	25.562643	27.507689	30.637513	29.484260	25.365710	28.518816	27.697245	24.053952	27.477455	25.421239	21.803924	15.877011	15.163303	28.078139	14.118269	25.380221	30.714345	25.154147	28.816393	26.223546	27.380808	26.500900	28.032239	16.232034	21.710087	26.505491	19.661559	26.105213	10.810291	23.023063
28.890330	25.811604	30.928624	24.846415	27.782695	29.383674	23.181271	15.976528	21.738253	0.000000	28.103118	26.972423	15.809103	29.629214	25.579651	21.578586	21.888074	26.328831	15.671209	12.131989	30.917385	30.532417	26.284768	21.966555	30.289054	27.378196	28.241529	27.125829	21.111961	29.952173	14.168292	30.902670	18.078147	30.192242	18.978246	19.763793	28.238340	23.850385	26.388568	29.428770	28.619646	27.983702	28.030825	30.897335	30.195588	30.448583	26.968496	27.648951	16.416217	30.491507	26.914775	30.906367	20.973897	18.463415	29.093681	28.354510	28.391513	25.950928	29.945001	28.246164	24.577783	11.883978	19.628698	28.579735	19.117588	26.744478	30.428241	30.492047	30.091791	15.064834	30.646386	25.044729	25.344476	26.536726	25.983879	27.130946	20.208506	18.869200	22.338750	18.553687	25.993980	25.169831
22.293825	13.431132	30.616044	13.771374	23.326498	28.890669	26.766610	10.248445	30.211436	30.249145	0.000000	18.055811	23.560608	27.270846	22.499807	30.609235	14.009254	19.857261	30.618741	24.418351	16.750406	29.592289	25.002664	25.121288	30.957755	30.924361	25.006131	22.525561	22.504687	24.929177	24.589328	9.064555	30.635513	16.275660	29.000198	24.259725	25.799481	27.323097	28.634919	25.887197	17.103975	29.957066	14.378970	23.810075	26.411332	30.675606	23.780593	18.842669	25.021114	21.614495	20.879279	23.205993	26.059610	29.718156	23.409598	26.044361	27.004505	30.081060	20.438825	24.021136	30.761528	29.907025	28.611632	25.102836	11.309598	26.695109	29.156316	26.177601	24.595175	30.022523	24.965913	23.806077	14.688557	30.141552	21.861166	28.509505	26.671753	24.313042	27.043680	28.990817	21.502651	12.386576
30.127666	20.569469	16.840905	18.875061	29.614245	29.618739	19.028071	30.141267	27.344557	27.332548	24.642965	0.000000	30.264456	28.518400	25.273053	30.621451	28.733031	26.773696	20.311707	29.896626	22.656583	18.063041	28.531904	26.053790	17.337319	28.526295	25.746649	9.467905	30.548195	30.712777	25.041744	30.200689	20.161245	24.455025	20.613616	29.735277	15.005599	18.038070	25.164823	30.244617	29.273984	30.065226	26.147630	12.489905	20.456718	22.743803	30.838164	30.097427	28.434022	18.184012	30.329498	15.385630	26.571246	21.866205	26.516017	15.776928	29.540118	20.618012	30.515363	13.621052	29.337034	30.227117	30.488019	29.694668	29.330783	20.505092	9.825300	24.100549	20.551268	30.014638	30.959008	25.291465	30.327906	14.334764	27.961580	22.839930	27.866679	11.661181	27.978442	26.730659	11.375710	29.572845
22.174185	24.567797	27.365751	24.361232	26.510382	18.558270	9.983642	30.946976	16.549481	21.792823	18.889789	15.823868	0.000000	30.715191	29.641224	29.945120	23.548142	28.104725	25.520812	29.850381	15.449717	29.712386	25.149672	16.039388	29.445614	28.549421	24.883896	25.810298	30.339881	29.384005	26.139945	30.839076	29.503439	30.918329	19.869332	30.673420	21.416691	17.273677	30.757330	25.242215	23.340409	28.928534	25.734053	27.632838	27.659597	21.887243	28.268815	29.111738	30.521467	18.684063	30.497218	16.005882	29.722811	30.810480	12.655108	30.762202	30.917919	20.283921	29.699255	27.157062	22.093605	20.562653	26.433025	30.055635	21.064700	30.764151	11.956885	24.954806	30.952600	25.337879	18.576639	18.465921	27.122155	18.532208	30.370975	29.212006	29.622663	16.706410	30.279789	25.537566	26.451575	26.204580
14.663741	26.211143	25.404515	26.723319	22.295260	30.612484	28.913578	30.827171	28.820557	25.214511	21.972771	23.226021	27.197687	0.000000	23.539785	20.868260	30.567445	28.827113	14.209206	22.639927	29.086923	30.687288	29.825458	30.023005	21.897702	28.146433	24.758620	26.804962	29.841388	26.896686	27.030345	23.912504	17.802426	30.744129	30.677491	24.406788	19.583896	29.634002	30.269027	26.368923	24.590719	26.994093	17.992036	26.368737	29.775613	20.636484	28.744975	27.744005	24.278630	29.093457	29.629263	23.624572	30.926589	15.606472	19.260719	20.252250	25.036238	29.894538	27.084100	22.109065	29.320353	23.616216	26.166703	21.383378	28.399496	29.864011	18.259082	21.255132	15.964603	28.669659	21.944568	27.068879	27.625995	19.945448	28.313660	19.455429	29.484107	28.298582	27.514978	13.290456	24.597568	29.225026
28.279637	18.505356	16.661080	29.802753	25.981612	27.841259	19.902752	28.223862	28.224820	29.126965	27.163806	16.351014	11.824755	25.639058	0.000000	24.942668	26.589470	27.670982	17.100206	12.558815	26.660847	15.776375	15.475652	18.539619	30.507059	18.644917	17.296436	30.295189	26.649681	27.596611	22.320105	22.351757	26.673318	24.315399	20.703625	21.145039	23.315169	13.916685	14.612329	26.517539	30.730120	18.440130	11.505145	28.346071	21.325696	30.945696	19.414236	13.599639	27.497662	11.474163	23.163338	23.320944	24.605333	26.580075	19.800693	24.804853	21.944633	10.844199	24.560862	29.991049	16.067950	29.587966	27.627340	22.885581	17.199438	28.281545	30.092061	20.357521	17.835627	14.223387	19.073154	26.678390	17.948945	25.973048	30.738739	21.670749	28.382986	14.811284	23.630571	12.991427	17.608734	19.797605
29.848377	30.433836	14.176452	30.708494	25.775306	30.128516	20.995806	28.465384	18.071726	25.948761	24.531027	28.284290	21.033164	17.412555	27.124402	0.000000	27.720439	30.757891	20.453074	30.642753	29.487527	29.389457	19.318210	15.387466	27.578422	26.245366	23.681857	20.013467	27.920155	25.149725	30.107426	30.517624	20.031669	30.943381	15.946158	27.217009	24.344445	30.213155	21.045242	30.495153	26.262741	17.747049	19.508505	19.832111	28.122627	30.641756	26.883644	27.208158	28.170220	26.485540	16.493779	28.196119	30.490785	30.824924	11.094303	30.759380	17.174641	12.252985	13.033926	30.126910	25.907692	21.637713	24.837599	26.193395	30.755730	18.080964	22.734370	29.762251	26.036011	30.617190	24.141938	23.941573	28.768840	12.511746	22.914319	30.091972	30.545494	23.850324	30.311357	19.339513	30.255357	25.079794
17.095442	8.838714	21.352514	26.821833	29.432561	28.245102	21.230507	29.106579	30.027389	25.182934	20.157311	29.690286	29.439263	26.846753	24.288798	22.774606	0.000000	28.046568	30.268096	20.276464	28.376649	28.150602	24.239029	17.060697	28.457007	30.389974	26.967944	30.802703	29.776904	13.108388	7.588431	28.763644	21.896248	29.994279	19.632978	26.091614	30.828937	25.595470	23.824861	19.478255	23.599257	20.872437	28.423765	23.178671	29.066614	26.505792	21.953783	19.055212	13.637921	15.238503	28.590382	28.334548	16.739044	15.395271	22.525292	30.861671	13.528558	27.968455	19.898002	23.795495	20.892189	28.004420	15.327848	30.758205	27.290597	28.471534	30.270413	30.909620	29.134143	30.111127	25.016203	28.519831	23.929447	21.293947	13.136880	29.517035	28.063883	30.737031	29.127750	25.166703	28.894037	23.982781
18.573376	9.247968	30.035434	28.514226	27.716127	20.428021	14.856466	18.112643	20.962478	19.549354	26.819919	18.271497	19.468127	21.739921	29.728166	30.684326	14.883204	0.000000	11.342280	23.940722	29.514638	26.530259	30.447922	16.110905	25.700864	30.350196	29.122856	30.140642	30.582516	18.290530	30.521486	20.009167	12.973064	22.237092	27.502569	18.821466	22.912686	26.752659	24.602607	28.042855	30.120056	9.435312	28.406076	30.935946	29.662298	29.656079	29.711061	26.157059	28.876378	30.662479	22.448870	11.609427	28.063432	28.844164	22.994615	22.778445	22.310201	23.648987	21.989623	28.152923	24.993952	16.472113	18.221360	29.846073	30.502170	27.439879	19.236411	26.949426	23.934153	30.459950	24.171493	28.411629	28.425909	30.739419	28.940368	24.597834	30.063428	8.696469	28.301486	29.649284	30.310152	21.428411
14.016632	23.872796	20.488114	28.674405	29.982718	24.826648	27.209664	25.565759	27.162238	30.521807	27.246745	30.959314	28.469847	26.240181	29.689754	27.444841	29.007673	30.309850	0.000000	29.600067	30.253632	27.807977	22.751971	30.483333	23.407617	27.918619	28.673918	19.668809	25.468311	28.427355	19.985704	23.792871	30.173047	21.287535	25.918400	19.528611	30.779139	22.759239	24.383259	30.474635	29.171688	30.567239	30.582100	30.610566	29.040889	21.466655	17.337509	23.101788	21.884145	30.770295	17.939103	29.203850	25.031481	26.095955	24.476191	30.206645	18.676221	24.604636	30.755072	22.866026	27.387048	22.967295	11.494090	22.708498	27.590699	27.470631	28.526345	29.973511	29.776880	30.732419	30.945175	16.330267	27.307897	28.976212	17.555042	28.097040	25.921711	21.715505	17.824448	26.607020	27.945388	20.017955
27.560746	24.832975	29.713031	24.636277	25.649396	17.286874	20.802619	29.367609	29.537554	16.187267	23.140739	11.660452	30.809280	28.225872	24.018259	23.713168	29.583607	27.676379	30.176183	0.000000	19.146743	30.789485	30.924726	21.471980	30.670405	16.745540	29.454858	19.641288	21.742921	24.634436	28.726807	22.349536	15.955265	13.887064	27.650657	27.702253	29.678110	26.654643	21.749229	27.322141	22.781024	26.622115	30.808780	13.615185	29.156969	26.717393	30.366674	11.063505	26.866362	30.809848	23.998280	17.805260	29.865629	26.019962	26.476849	24.899802	16.756080	27.932420	22.765807	24.568298	30.184286	22.733134	21.511468	9.261758	11.697606	22.275080	26.478696	17.206419	17.419675	21.487468	24.569203	26.587146	29.546650	24.673375	15.403113	27.443516	8.968290	24.048351	22.006673	29.622143	6.332539	23.523268
25.122287	27.052958	25.488011	30.546293	18.364829	30.385408	19.271575	30.738362	21.038754	9.364056	30.932964	12.012337	21.950008	28.799376	27.369524	28.304099	22.487390	30.888612	19.844194	14.541725	0.000000	28.076466	29.956229	28.548310	28.425445	26.353293	13.636611	28.843042	16.140190	29.926446	21.413805	25.815663	30.105753	15.454839	30.227613	24.567227	30.679959	22.383875	16.661862	20.261840	17.497797	29.944843	23.955342	30.708249	30.320060	14.012533	14.762525	24.970614	20.911361	27.978607	30.270154	12.497367	25.321685	25.064484	30.346590	30.959663	28.770752	18.452428	27.074644	26.944378	28.436302	23.967210	29.389660	28.193362	13.471771	16.229714	24.791645	19.028114	12.004978	28.151187	24.690592	26.641426	28.165476	30.936984	25.418621	11.571726	22.828827	28.421845	11.868973	29.434027	27.188300	23.042566
30.121487	29.412340	25.472181	23.061374	29.088869	29.206797	30.298669	30.607532	27.718096	29.233204	29.655877	28.872434	22.911452	11.464306	26.562902	26.505749	29.465142	14.932327	23.320871	30.940848	22.502621	0.000000	24.192720	30.501383	23.001161	23.634038	29.073541	29.334228	24.807274	30.290993	27.196964	28.017900	30.730665	17.520799	29.194203	30.760828	16.607459	20.034757	23.169144	24.365932	19.884286	29.867672	30.529908	25.678933	27.300042	23.293429	8.760856	11.332534	14.516215	27.102112	21.849934	30.536365	13.658813	10.078770	16.015027	25.450726	30.627844	29.449929	19.582700	30.125172	30.184276	30.753140	28.329207	28.445805	12.691955	30.311980	24.449050	25.637500	30.878342	22.313171	28.245592	24.644105	21.021078	29.852057	30.538591	30.880501	14.886838	18.997060	8.272092	22.690808	25.514512	13.764143
16.884493	25.052226	30.013026	26.410272	29.699286	23.898392	26.887238	28.792060	27.747898	25.595367	22.624782	26.615389	17.054874	11.801386	26.542108	15.777314	30.616883	16.157649	28.257325	25.580617	29.375553	17.208774	0.000000	27.077606	30.789937	14.543881	14.945236	30.950269	30.866518	28.521814	30.806904	29.306448	17.394898	25.945306	21.724177	21.586955	24.193484	22.578185	22.549049	28.665475	20.723319	20.772275	29.565771	25.544062	30.297065	26.956519	27.467615	28.082145	24.796409	26.874830	15.103986	29.512038	24.811975	30.613915	29.674988	30.527068	24.645297	21.200686	17.435361	20.458757	15.145407	30.726653	12.565044	26.661275	22.275502	29.790233	30.568768	22.075932	29.292866	24.714070	16.735725	13.189549	30.615730	25.611361	8.631788	25.069136	26.220116	30.002128	28.672586	28.912812	29.784705	27.393239
30.915912	21.801948	27.932550	17.940450	23.893781	26.023354	30.684104	23.422441	22.664620	14.100250	29.492494	23.172939	19.061341	23.930479	9.622913	16.352280	18.853915	19.661745	30.390561	22.080635	19.147388	28.332662	30.679416	0.000000	25.297572	23.852537	28.723194	30.149656	23.108101	30.680011	17.181914	19.626322	28.892677	14.109796	27.695615	10.521758	18.045459	29.454544	28.259032	23.195654	29.398653	16.439850	22.776208	30.695000	19.563665	26.346684	23.387941	28.095693	27.467350	29.688481	28.278969	11.539920	27.364914	30.694145	22.140727	29.754886	13.795683	29.883006	20.455221	24.291504	28.863356	26.685950	29.341049	8.287998	22.880075	16.889126	30.920745	26.479325	30.376754	30.521928	28.235100	22.740307	22.282658	27.161114	20.647381	29.818485	18.109304	25.618903	30.302896	27.658536	27.554452	19.504294
25.292464	29.680309	29.663720	30.840209	16.073212	25.203930	29.759848	19.830340	30.491606	27.823606	30.399879	20.034250	28.091016	30.913874	20.353851	25.570047	28.078652	24.472236	27.706130	25.265751	30.862957	30.603556	27.759376	29.007715	0.000000	19.978731	29.292156	22.406196	23.609437	29.041306	30.952034	22.102398	30.955982	28.011556	19.266300	29.281035	24.010570	30.129940	16.997646	29.711997	21.289444	27.914459	26.647762	30.626528	26.891876	15.050966	30.422433	29.410609	13.537080	24.761544	16.401493	29.879381	29.292934	30.577380	30.949460	28.935117	15.645113	27.625088	27.211918	28.945486	23.491105	29.928666	25.962451	25.787770	28.994093	9.496871	12.872412	27.735433	29.395373	17.492484	22.486761	27.099936	18.494067	29.658580	26.828061	30.942531	29.595621	23.536545	30.424757	28.541113	27.723231	20.440800
26.791915	30.665603	27.634208	12.111424	27.468660	27.098461	30.803166	23.667640	29.738037	28.774026	20.536396	30.606113	24.568584	25.587632	24.437568	29.445013	22.214283	29.929172	30.943550	18.890579	24.517135	27.769932	21.242775	21.508630	27.574601	0.000000	30.885157	15.982808	15.655507	27.192263	29.379895	29.656590	29.502035	27.823679	27.893157	26.997846	22.174600	17.211682	28.878469	25.916029	23.431217	27.202571	29.851521	28.651293	24.439788	13.922075	19.018119	26.379732	24.593635	23.011154	19.122084	28.818551	30.191239	26.580919	20.576435	27.231722	19.426971	29.099129	29.379175	19.586429	29.353349	18.672033	29.786528	19.659676	27.215568	25.915874	19.063779	25.465222	30.911605	25.421707	27.330806	30.948060	13.514057	10.900176	29.699876	23.842131	27.070556	29.121848	28.121868	23.414659	16.295199	20.930426
24.709376	27.985231	15.813052	30.341482	29.856097	30.787158	30.905722	27.542708	20.485483	26.888069	28.683785	29.452956	11.732441	16.451539	15.831496	30.286760	30.079455	22.632052	17.321266	12.487439	23.538786	27.959767	27.332738	30.584839	22.340144	12.784109	0.000000	29.199921	24.898919	21.998631	10.619836	25.555543	30.652775	28.611431	28.878692	30.087073	29.207659	27.380728	21.230637	27.546052	21.884241	22.443784	28.655776	30.718897	29.535788	20.605688	26.653614	26.213431	30.150582	27.087626	22.644317	17.293533	24.400808	28.627056	12.391187	30.484028	20.383302	28.620845	24.822183	24.868052	29.965941	30.617888	15.939674	28.896423	11.788131	19.411119	29.750825	25.571732	22.292625	24.094186	28.687582	23.835237	29.606847	30.864442	23.083334	18.491925	29.468612	20.690147	30.646159	28.811886	30.099035	13.451159
29.548274	28.635102	30.710317	26.657164	27.106663	26.108924	24.861835	28.669840	27.213572	24.413405	28.006188	15.764133	26.420577	19.897650	19.414831	26.690579	26.626512	28.861978	25.697899	19.107215	17.669696	27.068834	19.374505	28.293422	21.760197	17.525220	17.872508	0.000000	28.778695	29.790261	30.954837	27.986590	30.822057	29.201560	30.150233	28.883427	29.957211	18.261121	29.763544	25.036290	25.642850	30.509271	29.978799	18.742437	20.264962	27.662731	30.465729	29.514130	29.667124	28.566661	30.940155	23.816095	29.263462	25.085968	20.172977	20.591397	29.158493	14.883564	29.058085	27.367806	28.769411	19.619386	24.298343	30.256960	17.654686	29.893278	30.864834	26.110279	24.252119	19.163805	17.174196	23.773299	30.859326	21.325399	21.962128	23.866085	18.532515	17.572589	10.438279	29.413911	29.857307	29.614687
25.924130	30.365740	27.849377	28.839225	24.160509	27.781676	21.194856	18.352174	16.323374	28.582721	27.134215	24.286559	25.026338	27.951637	30.459803	24.828636	29.023119	24.104776	17.600623	27.095634	22.231263	27.300410	27.059817	30.534345	27.262075	16.594639	20.271596	22.616530	0.000000	23.276520	23.029685	30.502126	30.711808	30.376301	30.367400	29.930566	28.092408	30.190674	27.752856	14.373816	24.231069	15.706476	21.439669	30.220447	27.621083	29.835865	26.521689	21.801256	29.133858	27.071063	20.410711	28.305089	29.928183	22.895552	26.318836	18.724876	17.681904	13.612279	19.207396	27.158762	17.782448	24.177916	28.291836	14.353837	24.930640	17.862853	25.512771	24.416236	28.565645	24.786500	28.692379	30.250933	18.067554	20.495860	25.742239	13.716439	19.064059	16.306089	28.465261	26.618530	30.332881	28.284038
29.756169	18.478851	27.836708	30.256389	20.853950	27.254401	30.900648	20.994612	24.874220	20.809931	20.713229	28.992233	30.768944	30.563622	24.109850	30.325377	29.079459	25.720023	29.919295	29.846001	15.313777	29.728412	16.883778	30.233243	30.080560	20.091154	11.782095	24.303087	29.573663	0.000000	26.128299	30.087074	30.843984	30.519541	29.276521	25.219115	24.057747	27.078297	28.200201	22.229052	24.408132	27.115530	30.541891	23.751219	17.455545	24.928961	26.553333	29.825257	22.835388	9.085745	12.682428	28.863612	29.896925	28.546855	30.831518	24.835990	27.494062	8.898644	23.119501	29.600569	22.270930	28.253776	20.688933	30.513094	20.421178	30.386199	28.750623	30.392029	23.264422	25.488844	28.905508	22.598196	29.175759	29.839017	18.040785	19.162005	15.124994	27.113145	30.522983	17.568763	30.728409	30.471007
28.744108	7.797249	21.649872	28.340882	17.017205	30.584387	27.481030	19.727746	27.932668	24.391295	25.209783	13.572258	29.029799	21.993937	27.567865	29.851169	26.551873	12.088239	21.742023	17.712398	25.544145	27.610023	28.389691	29.062945	28.939733	24.628922	30.120743	27.177832	30.164407	30.080495	0.000000	29.068579	29.124786	22.178328	29.374387	28.300183	28.978735	30.674501	27.253983	29.919445	19.565907	22.693592	20.110502	29.116673	30.293759	20.896643	28.645982	30.411367	26.684647	30.903274	30.194765	29.965040	30.919172	26.650925	30.200409	28.500987	30.112138	27.191477	30.896482	30.952947	21.769308	26.605054	23.568972	26.494812	30.454921	27.765284	22.788259	22.141395	16.738729	28.008474	30.158181	15.294280	16.605890	23.843645	26.517977	27.858362	26.238412	24.201565	15.004664	25.225205	27.418768	21.525479
30.887889	23.201308	24.563934	24.915805	27.839347	27.548150	30.776890	8.875762	27.113181	23.686471	22.978572	7.856383	30.699978	30.923264	28.655697	21.123225	19.339414	26.606176	30.622990	30.326289	26.213336	22.871931	29.763598	30.307452	10.830299	24.745858	28.281727	30.549589	30.216278	30.926313	26.802440	0.000000	20.940565	29.525327	27.752220	29.795630	17.771309	25.946935	23.638215	26.547853	16.647524	28.985251	29.959081	30.206500	21.797985	24.577246	30.664673	29.206667	27.048818	23.659457	24.339066	22.701801	27.094392	17.899208	28.659243	29.432249	21.702711	18.408055	28.669023	27.682783	29.704910	29.148105	29.785382	27.696374	20.684690	26.944292	19.776673	25.409250	22.820848	29.159328	30.926670	16.868882	30.611945	12.386601	25.896698	28.793031	28.821727	27.379140	21.365206	30.764946	21.437460	30.431737
30.729055	14.452919	30.419211	29.511478	25.375101	25.581492	21.427905	29.234086	21.706193	26.201209	23.823241	27.455715	30.557994	29.505551	25.621043	23.744476	27.241627	25.351647	29.773954	16.425191	29.368754	22.049247	30.832664	30.083840	28.870994	30.530091	29.026709	29.899469	18.663735	30.776392	16.180050	27.849131	0.000000	29.886960	26.539670	12.667148	25.171477	26.238858	20.087569	24.622285	29.252571	24.050683	23.226108	19.459712	21.999812	18.025053	28.660629	28.823999	29.510706	28.033059	28.492547	30.656923	18.796091	27.648697	16.494872	24.207813	18.968521	30.322547	30.100844	23.970884	27.048595	24.833332	30.940321	22.439855	24.771390	30.649911	24.347682	27.280491	27.073241	25.942762	9.372818	18.430565	25.224643	29.532095	26.621594	30.930659	14.280773	27.854860	28.627065	30.563325	30.101212	21.112758
19.158064	30.257738	30.103596	23.012864	30.033151	16.948798	27.539955	26.552223	14.137028	18.272130	26.916997	30.340093	20.467192	27.746379	29.930227	29.435858	23.105649	30.958081	28.373850	20.062059	15.289757	29.985418	30.887810	30.802113	23.833822	26.270444	30.913384	30.494269	23.444755	28.710789	30.011198	28.599284	26.237466	0.000000	24.772101	14.187952	27.089391	19.284550	30.750996	15.935517	28.001550	30.876725	30.122854	7.254311	16.722279	19.661807	24.265936	21.248406	25.701146	22.690271	30.824213	29.787089	26.060212	27.128020	29.332499	29.477942	8.546127	19.678033	28.807394	27.471213	19.276759	29.129315	30.821629	22.397851	26.894874	26.320795	30.507711	25.936531	20.388439	30.031679	25.179611	25.068282	12.965468	19.627139	28.524920	23.679059	20.594543	30.466604	19.441251	29.169232	19.306432	25.240442
30.572709	25.284850	23.593052	17.561525	29.409755	28.139954	30.216573	30.878404	26.640207	29.901243	28.534310	29.778256	20.503456	19.454399	25.927755	27.552230	23.849089	17.283290	27.536144	27.376778	25.139707	9.947059	15.812318	25.869683	29.232377	26.517579	29.793978	29.707755	29.200032	27.930446	28.180240	27.828068	30.554653	21.276021	0.000000	20.544994	29.993365	30.143649	30.623315	23.770702	29.043703	26.756430	24.851085	28.683810	27.935119	29.684106	28.097416	30.806440	21.291604	15.723846	30.474254	27.437201	15.041631	30.626103	22.117671	30.822419	18.566670	22.764609	30.728983	25.532724	30.161916	30.935190	26.156602	26.817010	24.224197	17.652208	27.821580	27.566875	26.504838	19.594428	18.976976	25.793400	30.373907	16.872796	16.035890	28.648990	27.745024	30.564713	24.152100	13.711946	21.873379	18.366142
24.435056	30.286878	24.839302	24.411151	29.880853	23.837256	26.852539	19.889952	21.572372	27.297329	14.688227	23.870542	22.465317	29.542781	29.928358	26.019355	25.046894	29.408063	26.046894	21.906537	29.738571	27.863396	20.134349	25.207242	27.170441	30.226635	27.041221	26.498252	20.495468	20.955461	30.791906	29.977298	21.872278	22.148699	30.203033	0.000000	30.436919	30.217956	12.827530	25.932829	21.963287	26.421290	30.878259	25.694148	22.630228	30.875153	23.495181	20.322854	28.123842	24.988682	26.420356	22.092081	30.952778	26.070246	24.658881	21.605419	22.809452	29.968815	27.728985	29.716895	24.095110	28.163544	28.690360	22.003540	30.297321	29.085551	29.955839	28.767024	12.106436	29.294227	22.499047	28.995795	27.639603	28.147859	29.852565	25.887440	18.339077	30.411597	19.400301	28.530712	25.992938	23.863077
27.691014	26.811785	18.172279	30.303667	30.579415	30.190754	22.581404	21.335756	22.060472	30.751553	30.917773	14.230375	25.552989	17.153565	27.060446	19.200711	14.912219	30.230764	29.815165	29.802140	24.867839	6.300002	28.469741	29.095051	27.970885	17.400740	29.020896	10.654937	29.773364	24.198624	15.341960	27.973499	14.884927	16.344322	29.844212	23.071438	0.000000	7.090637	24.277730	26.761117	22.876473	17.465541	26.343067	13.576395	18.915794	19.521156	27.742448	29.721789	30.685320	24.368441	16.098704	21.292780	26.877459	24.741085	30.216269	25.895453	30.576456	21.932362	29.063853	30.485785	22.192252	28.138796	30.699777	25.515425	21.535846	30.896036	30.057705	29.022503	16.588682	30.614645	14.550368	27.981872	20.713191	25.299041	22.124539	30.633849	22.363228	23.132960	29.679477	30.911778	30.785358	21.118301
19.397301	29.772907	22.714437	10.896839	28.540687	19.199873	29.430999	28.100648	21.758053	24.721350	21.257594	14.056220	25.514505	14.507960	30.427968	26.554044	29.855093	30.828516	29.093610	29.808870	12.489810	25.645690	24.320869	17.355419	23.127318	26.880531	25.729221	28.620512	29.206419	26.713596	27.102218	29.159917	22.485351	24.029130	30.859778	25.558705	26.897680	0.000000	23.633418	28.486040	30.953406	28.475521	25.783713	13.862158	28.193041	18.107863	28.748218	17.784453	30.928685	20.569799	25.619537	29.380185	26.681187	27.446867	14.113041	8.030768	26.323418	27.116182	22.621556	26.344101	23.868702	27.758457	27.344753	28.626620	30.074405	23.676990	30.678632	27.490667	7.183878	26.567429	30.691473	13.053220	26.881319	30.676286	26.161968	26.343852	27.683059	28.663125	24.093759	25.268464	28.370681	21.100818
30.425684	22.367749	29.708929	22.739970	30.394182	25.785389	29.617688	30.380012	22.770308	20.326664	19.181690	28.778772	20.049472	30.770046	29.505591	30.367458	30.490629	22.372288	27.479325	20.096299	24.603332	30.037724	29.100280	28.485099	24.804843	9.040541	18.084557	21.528404	29.000493	26.513520	26.991079	16.824922	20.499625	29.941287	30.034317	29.420834	27.881257	25.772747	0.000000	26.676915	30.624726	30.890553	30.204943	22.165290	25.897958	26.385462	23.653890	30.277838	20.631607	30.916627	16.129742	27.351845	23.841340	29.736153	26.015035	23.777361	18.207276	19.965269	27.087102	24.714198	17.576143	18.582126	26.012279	16.141947	22.452971	20.810707	23.873310	22.360150	30.506571	30.686368	26.697661	30.647986	24.730839	18.458123	22.318382	26.979247	29.242816	24.514211	18.365935	27.218279	30.658822	26.678927
23.554172	23.053209	29.175377	29.236187	25.614814	30.463656	8.848343	26.718398	22.593033	28.092484	29.878439	29.856708	27.238641	30.508058	19.184833	28.543130	26.315587	19.423065	8.063903	17.637143	29.911627	23.053010	30.229195	27.834008	29.768930	25.499083	24.688862	21.557454	27.951638	28.498087	28.467172	20.382468	25.036294	28.774128	24.076797	21.679148	23.054580	30.216199	26.638941	0.000000	15.373882	27.088539	30.242339	15.648650	25.456276	30.455199	29.472922	20.986024	30.492533	27.097482	29.680482	16.004045	25.848352	25.688305	20.116558	16.081904	17.822085	28.187966	26.894279	22.493282	17.700485	18.842128	27.271642	21.769824	21.466579	29.665528	20.564306	30.516428	25.411092	21.530988	14.519689	28.976347	28.726310	25.375303	14.034560	29.603088	27.623683	28.314489	23.210286	28.891723	30.092012	22.157526
24.619400	27.450886	15.319643	29.382764	20.667624	13.009191	29.287791	16.503708	23.393268	20.516899	26.929820	25.191090	26.683557	25.382334	12.022892	14.621890	23.260231	10.188588	27.261793	30.445650	20.486813	22.101850	30.958311	22.943616	11.801676	25.882894	14.219137	26.692323	29.599820	21.555301	26.870879	26.847743	25.894670	19.847821	11.940500	22.385646	27.511685	13.780922	21.502644	29.579857	0.000000	25.880368	28.809631	25.226443	19.792743	30.551668	25.282376	29.475996	26.220020	30.749126	30.344427	30.255496	18.812219	29.378476	27.594975	26.886030	21.570338	30.934372	25.662243	30.061353	19.499262	20.389198	30.622964	29.611682	22.699656	26.686353	29.244700	30.772186	23.685828	24.782262	26.478253	10.666762	24.648077	29.122826	14.416703	30.221258	10.904518	23.388078	29.140896	17.295240	28.977325	23.099649
19.391731	30.627325	29.520618	28.257284	26.295128	25.306523	30.248674	16.711384	22.770567	29.400897	30.914428	23.950058	18.928126	28.577265	28.457215	29.791769	30.346070	30.576027	30.021558	28.066016	29.040585	26.482203	19.274813	19.788320	30.213819	24.439472	18.524682	24.013401	25.379366	26.120033	19.637357	30.719098	30.921458	29.927578	23.405018	30.675490	23.683627	15.787191	26.914266	28.734574	21.860237	0.000000	28.219599	29.863343	14.513382	20.447094	27.751246	27.557583	30.110356	23.885013	12.286734	15.149349	25.055761	28.577588	27.513176	16.548346	27.964861	18.407537	29.258456	30.396525	30.085710	29.879247	30.226249	12.181444	30.494829	30.044672	29.039632	30.917945	29.951641	27.823007	27.421538	25.055328	30.252996	24.785332	27.754165	27.428641	25.912541	27.640038	10.746676	28.188734	27.292850	10.894745
18.830442	26.678208	16.314126	27.907465	27.270834	27.699345	21.605560	24.049713	22.471103	28.234949	30.955093	27.799187	29.279392	29.835537	12.435102	28.141130	20.857200	16.689196	24.155919	30.136379	21.431495	26.428481	24.010022	11.642274	29.432334	22.888019	28.170169	23.005109	30.745067	18.420720	28.784781	30.882750	26.701667	24.679421	30.854760	30.695242	11.128274	27.316370	27.387807	22.801991	20.600448	29.141487	0.000000	26.761075	22.342989	28.917246	24.118168	23.947624	26.950611	8.971234	17.300779	9.998048	29.983678	30.660629	26.036732	28.153387	30.515965	29.418826	27.229711	26.452855	23.590654	22.505871	26.002939	27.591131	28.031147	23.529604	30.772351	26.794868	30.823366	30.257740	25.399079	23.579745	25.227297	25.204082	23.364118	30.156942	27.120052	24.595304	11.540947	25.641623	30.386761	25.681785
14.562545	29.741533	26.204537	22.820385	28.700304	26.839996	27.929671	28.591552	24.909362	28.059957	30.160676	12.635106	29.845580	24.524136	28.699696	18.914069	28.305867	26.433127	27.292697	15.858049	20.008220	24.407234	24.856074	25.398439	6.928675	23.840327	24.843938	28.155290	15.343831	15.847040	29.297043	29.180010	26.429612	28.841999	20.396828	15.519021	30.923325	30.197935	28.711265	14.489633	26.700725	22.258047	30.549681	0.000000	29.395512	17.089732	25.224005	28.579993	30.817571	18.562235	16.320924	24.102009	10.599712	20.188850	25.191437	25.787914	29.944553	30.521227	13.801921	28.082207	25.258975	30.138124	28.321267	16.735981	10.489357	24.325281	10.652113	23.794941	29.745609	26.750351	29.333695	23.814215	12.328647	30.341047	23.498349	30.745212	30.060288	28.746457	15.766196	20.717540	29.402352	26.409540
18.445368	25.022202	13.255346	9.523555	22.970419	25.732882	28.889467	28.961647	29.048663	19.946246	17.766699	12.857564	24.827690	27.344144	25.697664	30.068735	28.690141	21.118492	13.182205	21.636288	21.024164	20.881531	29.641806	30.840474	26.271537	27.169735	30.883058	28.786038	26.570387	18.574374	16.201507	22.459114	16.261840	29.981945	27.063503	23.307717	26.961426	26.482493	29.539245	29.741162	23.222315	26.083794	18.391157	30.818184	0.000000	16.369604	27.562990	27.790315	26.635066	27.059884	19.643727	29.574115	30.260413	30.244506	26.630573	22.076690	20.391527	11.629391	23.829924	30.947601	27.704625	29.918472	28.118333	23.083843	28.606926	21.675536	28.214806	28.672466	28.795648	12.986038	19.633393	20.149470	25.049322	16.177259	27.060450	30.905544	19.466548	30.550504	26.674802	29.074741	27.185997	22.901484
29.478465	19.411652	24.688302	19.647760	26.078050	24.580153	30.691933	22.326133	30.946284	13.514166	24.664906	30.500130	19.538812	27.140987	25.234556	11.049463	22.825898	16.490783	29.416025	17.395536	23.595904	13.672423	30.615905	20.294490	25.293091	27.584545	17.601608	21.937379	29.040335	23.910831	28.576203	9.253095	13.847661	19.116663	23.054709	29.840613	19.409153	28.496681	25.762057	28.110642	25.596129	29.480523	23.816055	30.724341	27.613844	0.000000	28.469410	21.417965	29.341822	30.235287	27.349707	19.230828	25.065870	30.873559	30.610890	29.355783	30.837845	24.831945	17.701925	30.309464	27.574956	29.072132	24.391484	29.711183	23.696807	29.806198	27.961127	20.141721	27.813650	29.739796	22.260883	22.234440	29.025359	24.975634	26.742150	30.801021	15.973702	21.024602	25.847388	30.905994	22.165160	23.940346
30.725900	30.917024	14.233253	30.676874	30.350802	27.918742	29.076157	30.309972	29.957552	16.456633	20.256413	27.446019	25.158814	25.376477	19.846033	26.708526	30.277589	25.804790	18.421317	25.233564	14.381019	30.859639	28.843080	27.046088	30.210456	21.993026	26.402554	30.584279	24.909777	20.152251	7.703586	26.190780	23.703024	26.189426	27.518138	21.948596	17.531272	23.615139	30.673254	29.136659	29.863227	14.295722	25.874880	15.860927	11.784587	29.652960	0.000000	20.965779	28.601632	29.656674	21.435455	30.262177	28.794993	20.917899	14.657651	30.830999	28.015803	18.199134	18.824060	29.093806	25.079303	23.576759	9.381153	26.398583	25.174917	30.743949	27.793878	21.875978	30.323410	19.444566	13.369832	22.750093	26.054402	25.281271	27.460642	23.965924	22.846461	12.852152	30.905459	30.214342	19.479099	17.771501
21.466674	29.911617	26.905414	28.310301	18.753702	23.562048	19.614102	29.527813	16.777906	22.166180	29.583105	26.527593	16.733887	28.436004	27.354405	18.105343	25.172708	29.405073	29.256126	23.455223	30.272379	19.290674	28.122196	18.101682	24.723011	24.099816	30.851145	30.559905	23.817776	24.117044	12.796041	20.316573	13.454146	30.953745	26.928421	30.660512	29.358231	17.221658	30.372733	30.433314	21.158745	26.377158	29.586445	22.011279	21.458666	7.951666	28.199563	0.000000	28.338349	17.120341	26.019079	29.075860	21.314059	28.758160	27.855633	19.286363	30.438223	21.403057	25.324839	23.098303	30.863187	11.617633	24.733935	28.270982	24.949205	29.545912	12.318777	28.559482	18.362406	18.908198	25.272834	28.958783	22.099374	26.490841	24.000037	29.359574	30.469933	15.118223	6.795291	26.122938	28.763147	28.514478
24.095360	30.654803	28.757296	24.467628	23.469798	14.086708	27.525560	30.465805	25.887487	26.357887	19.251032	24.257692	20.968782	28.863734	27.095722	11.068571	11.017896	29.451209	29.217246	29.650986	20.755819	30.580027	22.823760	30.208191	23.968416	27.926320	29.074976	30.888730	19.185727	30.898956	29.763147	25.428639	19.246920	30.514634	30.802215	24.760640	25.126898	28.386470	29.537888	30.503012	30.605569	18.513054	30.485577	30.559274	27.004301	23.358744	18.377233	23.423613	0.000000	14.860760	22.326959	25.357894	25.853154	23.012300	26.808407	29.417107	15.687198	26.554590	22.182390	29.518056	24.552191	22.746680	30.576208	25.340351	21.572924	19.353508	27.883066	30.926429	24.425315	16.092523	27.272828	29.228467	26.184341	29.341928	26.677226	17.851418	28.936283	30.921437	22.818857	22.745017	22.370209	16.788808
20.150618	30.743863	27.564104	25.386794	30.063878	29.536442	23.480311	23.080634	29.597068	17.926367	28.132075	30.435624	25.859891	27.757672	30.308028	27.922234	16.140175	27.027374	21.744418	11.796685	29.895584	20.358187	28.826344	20.330525	25.896100	29.246213	21.833659	25.553153	26.040209	22.632207	29.439550	22.276774	25.368155	10.319906	28.756880	25.903137	30.293552	20.573311	26.450826	29.124261	26.590310	27.873931	23.804243	28.097647	24.557078	24.150294	25.841629	22.986720	29.561560	0.000000	29.453533	30.720795	14.581248	30.613533	23.601452	30.621629	30.092978	22.157180	30.829372	28.575793	26.534158	23.892971	10.395669	22.967599	29.449449	20.562587	24.572097	23.601892	13.786750	29.912167	26.027306	29.007481	30.698432	19.615655	19.861034	22.576186	21.460417	25.325619	16.505123	27.020982	30.445484	28.143988
26.968559	25.622156	27.830790	17.877770	26.352511	30.825045	26.581039	29.064954	26.204494	23.702685	30.392581	29.266233	15.799184	15.506479	17.164313	26.595368	27.300633	30.538511	30.036642	29.499604	20.413676	30.347851	14.673365	29.792577	9.131278	13.967535	23.824818	28.173193	30.930975	30.713084	30.926560	30.254716	28.829115	29.718345	23.306274	30.119933	30.931651	27.994537	23.342568	19.211816	17.524169	24.588337	30.259493	25.555826	30.872733	27.687243	28.390242	29.810929	28.364808	30.050704	0.000000	25.595156	29.609898	30.453364	24.392358	27.779064	28.857157	22.984870	16.672805	26.842780	16.050101	21.155248	22.974036	24.182500	26.135914	29.556402	27.889502	26.896160	29.496285	30.751473	30.605154	11.225371	22.190157	19.948657	29.418227	14.785969	26.547035	26.228133	28.677176	29.591690	13.663626	11.171555
27.661012	8.394487	30.924593	25.862192	18.498546	26.936673	25.001967	23.909766	7.933682	20.659435	29.163013	30.650437	28.780437	28.890664	21.604874	30.727535	21.361326	27.190279	19.718362	26.659121	25.282939	23.244659	29.559522	25.385113	12.128124	25.880341	30.103933	28.923585	14.832679	10.647943	29.349717	25.946929	23.100154	22.843314	23.917848	20.369946	29.775716	24.222852	27.901178	14.231262	24.715825	30.260678	29.339603	29.079018	23.147535	29.991296	17.139092	24.267995	23.103801	28.415604	23.527721	0.000000	18.975899	25.932036	30.589959	15.829564	20.226583	20.182689	27.094179	22.621995	28.262090	28.090947	11.174836	22.970820	28.493917	20.643337	27.915737	27.622613	24.984063	29.054247	25.609526	16.093548	18.651166	30.058536	24.693901	28.563777	16.979052	7.922502	10.355234	30.472246	29.840739	22.435982
15.783157	29.709738	14.536528	29.947758	27.465880	29.343222	30.915537	28.344269	30.843310	16.641527	19.140423	26.167832	27.689137	29.747927	25.908380	24.005511	25.280034	30.742746	18.434498	30.736023	21.011408	23.433653	27.792553	29.441377	19.745117	25.028779	29.839159	27.743807	23.862753	30.380433	22.072518	21.733604	24.962893	20.877583	30.185617	28.717220	9.950503	27.100226	28.521087	9.639803	30.605248	25.866488	23.159890	22.726132	29.973619	21.255996	8.761222	30.476312	18.783062	27.217562	16.706549	22.901988	0.000000	24.752180	14.388547	30.060004	24.105404	28.925873	30.593392	17.874544	27.975659	28.334020	26.677051	30.623358	29.025842	29.751303	26.373767	21.641482	17.326721	21.883151	30.157444	26.821779	27.768014	30.948854	17.947088	21.579968	24.590188	23.979113	27.650466	18.988240	29.317190	28.430322
23.916942	28.041711	24.798835	30.085791	25.744556	25.447617	23.981517	24.461542	22.054307	26.058886	29.580310	29.324092	28.733595	18.346541	25.440313	25.779865	28.570283	28.065266	12.232075	25.919408	22.917428	23.077781	25.247562	28.626377	29.188116	19.850847	22.664156	23.633874	30.136692	30.522014	24.577749	27.106320	29.500873	27.959436	19.380842	25.515727	17.787319	21.249537	23.795981	20.166436	30.297482	8.799941	26.365833	29.842716	20.240876	29.165818	24.095543	30.437796	21.978694	26.296593	29.923369	28.727955	26.950519	0.000000	27.739191	23.961465	28.839126	30.193593	29.507210	23.821063	28.944047	29.701332	21.426444	17.484846	25.855755	27.108844	29.594732	14.186064	24.204525	17.778682	22.879585	21.636260	30.522896	29.158312	23.395998	23.490333	30.424180	29.864192	16.133599	23.705088	16.934106	29.843797
29.423064	23.108372	24.485954	24.047131	28.773533	17.020314	24.175806	29.312279	19.536845	25.634883	27.619366	23.245810	25.392920	29.562185	30.116644	28.358252	28.670434	26.501512	29.832084	14.117534	26.765833	20.503215	29.919602	26.551182	29.844765	28.415362	29.913537	30.170354	26.077191	17.178665	12.142156	30.925544	29.404029	25.645180	26.813751	29.043926	29.127301	30.098891	29.224553	28.173346	24.489217	30.427615	22.924915	30.752458	18.710197	22.975483	27.834520	18.618673	28.946941	16.129822	21.998617	25.615255	30.045484	21.655270	0.000000	30.917720	30.636950	30.535614	28.363690	26.915687	13.947235	27.057322	27.517433	26.931870	15.138060	21.098517	30.780995	29.601085	29.909282	27.571436	18.936229	29.995062	21.820432	28.323897	30.007040	15.721523	28.406377	30.618286	22.935352	12.276218	8.067187	29.200157
27.207754	30.477531	30.768832	22.765045	19.376336	27.431578	30.763088	24.134201	14.579159	24.220741	28.754399	30.280920	16.294852	25.597818	18.590047	28.107091	18.484242	20.686572	27.778522	28.602797	21.984950	28.190066	19.212104	21.708033	29.109123	24.915515	14.830874	11.271835	24.392230	20.518620	22.693960	24.791661	30.897428	14.074940	24.071022	16.417674	28.821132	18.914533	13.482414	21.112271	26.169542	20.093964	29.015367	24.623014	30.931601	30.513932	29.578417	17.368850	20.905576	29.594513	27.497188	29.770432	25.275128	20.598381	23.294100	0.000000	20.951839	28.141388	23.632019	30.476498	22.907583	28.900851	9.919974	30.182167	29.999313	27.110415	30.108150	30.721200	30.790140	29.142922	15.062488	24.176975	9.616129	22.936780	15.527519	20.404122	25.575357	22.598607	26.672766	28.842358	28.055670	30.498044
30.663240	26.015961	15.584764	29.331506	28.044050	29.806109	27.012992	23.324034	30.918502	25.003681	29.260897	25.335132	25.710378	28.910328	28.510943	30.244760	21.425235	27.192754	16.981531	28.567080	19.344300	15.343940	18.150137	19.883889	29.089230	19.015792	22.174801	19.090082	22.272325	25.349920	28.983860	28.936286	23.272518	11.537407	24.367033	28.999122	22.353824	30.637839	25.723728	25.296199	26.936430	30.679818	9.820752	17.263866	27.893378	29.418206	22.835802	23.898390	23.416956	22.553014	30.479669	18.540679	22.313986	28.877776	23.731167	15.099969	0.000000	28.791534	25.784790	24.935454	27.051046	23.271888	23.432072	25.709541	27.897983	30.954304	25.429363	20.380836	28.308878	28.076240	29.200937	27.644271	21.597536	28.546818	30.540967	26.854215	23.348489	27.667242	27.655916	19.820085	26.460497	29.157779
29.362599	30.877226	20.818121	16.611787	13.711351	26.180293	23.342700	24.991096	27.481123	20.367410	18.859456	30.115141	28.331241	29.377276	29.304900	7.422081	15.762769	14.702695	20.753997	23.099704	11.972388	30.714388	19.724203	26.094422	27.638764	21.384927	26.668079	29.227380	19.850379	25.180041	28.804516	24.778487	30.509056	28.582037	29.093141	15.291345	23.735391	24.962583	16.770763	26.907363	30.029770	29.375217	21.309338	27.510778	28.264629	30.125365	27.505551	16.912559	29.353337	27.082541	28.498201	27.836580	17.795417	30.860877	28.917028	15.758985	24.527123	0.000000	19.364319	20.482738	30.220481	24.703153	24.130928	25.234386	28.769262	17.648782	28.386554	18.558884	24.368949	26.118552	19.992324	27.722205	8.845161	25.895646	27.781546	29.331130	26.038598	15.225916	30.683244	28.826520	26.193385	19.291497
29.921567	25.421850	18.153918	30.260543	24.392579	21.149306	28.080800	25.673326	14.902103	28.636583	27.408544	23.502948	16.677139	30.568514	26.608067	27.119614	22.978570	28.504406	30.143236	30.937435	28.504286	27.447590	25.210676	21.717564	26.528939	30.244210	26.942563	30.335726	28.173863	27.426751	16.491604	27.976413	25.875415	19.070827	28.541877	21.337119	28.084918	30.825599	21.121463	30.608889	14.964890	9.177266	21.451657	10.796888	30.865477	15.636810	22.468781	26.556008	26.950764	27.064469	29.628198	26.453471	30.062876	30.758565	23.551346	30.572089	17.784955	30.736789	0.000000	26.720895	21.795251	24.180808	14.319799	30.887340	20.941538	26.057923	29.564612	26.231272	24.461234	30.393964	23.086414	20.417679	29.852802	18.601286	27.446748	9.173311	24.628937	30.383160	25.442901	30.831183	23.483794	15.723543
20.129710	29.826338	13.606582	14.326097	23.802812	11.995503	23.970395	18.484567	18.113356	29.373105	23.859720	29.037040	13.082966	30.307071	29.198965	30.598943	23.028641	27.786116	15.289951	28.438795	21.183404	28.292083	28.043035	27.821839	22.473157	30.420994	26.752728	16.730139	14.085202	24.893819	25.583464	26.320933	30.638786	29.452501	23.036331	29.490673	22.328769	28.430019	24.572256	29.335922	12.226881	28.341244	28.042346	13.251128	29.254189	27.041406	25.776465	26.435213	27.766549	22.517542	29.387377	28.925621	28.994353	29.184461	28.910334	30.106010	10.642929	25.752301	17.687507	0.000000	29.321247	27.912233	24.284004	25.681130	19.111746	27.691907	28.909189	21.706120	25.655601	30.632324	30.399948	21.249527	29.716979	26.390596	30.642130	26.907003	14.571141	30.937464	28.658885	27.006069	20.598362	17.982509
19.391807	28.994907	25.107591	17.995338	23.622728	30.818824	23.665499	24.043675	27.261051	30.883555	19.598653	16.224352	15.556778	28.032371	30.849021	20.115362	28.384730	30.616876	24.164525	30.936069	30.589150	23.648941	9.680941	27.176303	30.787509	29.592161	30.331078	27.518262	17.063396	24.257793	26.555560	27.200516	22.830836	26.247663	26.408177	29.310550	28.580373	15.658545	10.311738	29.459950	19.366658	27.872124	22.304358	29.535389	30.249564	21.338396	30.517861	28.876760	17.867390	29.405704	24.789398	20.015863	30.731277	11.896200	20.239846	30.779833	26.408760	21.853334	16.916517	25.690844	0.000000	23.914710	12.954986	9.006545	21.427566	12.132690	30.120402	29.923997	29.610723	20.745928	28.296719	25.147167	30.778854	30.041155	23.519488	30.251074	27.355048	19.511020	25.373958	26.955757	22.941241	27.017200
29.863244	19.416811	25.035987	13.565941	27.548997	28.999886	28.098079	20.755485	28.508629	28.166374	27.367452	28.840502	30.098036	30.562249	25.062006	24.049842	29.165540	15.318950	17.950277	19.045783	26.266586	29.203661	21.080403	23.262724	22.213104	30.252055	29.272771	9.614409	9.337002	30.027386	19.189799	22.028587	21.313820	27.133180	13.271153	23.337902	28.621412	24.658780	10.507778	23.202190	28.125839	30.558866	23.952018	24.208043	29.170000	28.790457	30.388802	15.358175	19.454808	26.206650	28.737319	27.543129	30.655430	23.457476	14.849498	30.702457	30.628204	18.562014	28.889814	27.975704	24.483745	0.000000	30.921978	28.401019	30.534027	27.231452	12.106124	14.942330	28.777291	29.976753	27.300825	20.583184	13.408887	22.524758	26.459427	29.972846	30.848639	30.844877	30.837026	21.063271	25.411318	24.005992
30.897272	29.752953	30.636052	28.500306	24.746485	17.344834	29.449633	30.211986	30.697238	12.212201	26.345028	11.401535	30.917884	26.548176	27.357553	30.088804	28.153916	24.489244	24.078620	25.679804	29.256033	25.184856	25.867243	30.081196	24.853305	25.056861	28.515038	27.207213	29.162704	27.812169	30.366292	22.395669	27.308402	29.538465	30.014519	30.512657	11.088153	26.763858	27.741926	30.263583	30.800782	30.549195	27.192985	26.749409	25.771066	21.180844	29.251241	17.212418	26.449554	23.060326	13.092003	29.103212	20.417168	29.929048	15.711835	22.901912	14.301966	12.729479	26.906062	22.851426	21.150370	16.423950	0.000000	20.685839	21.768248	23.626833	26.721558	13.329126	21.052081	26.002024	23.971977	22.037912	24.465277	30.095494	27.628660	29.737099	20.499743	27.080138	28.131096	28.324137	19.180163	15.587873
30.461859	30.841378	10.718776	30.886095	26.911600	29.619223	17.342980	20.266021	29.914139	20.470639	28.538844	27.861188	29.811884	18.659331	30.103075	30.302109	29.219029	18.270135	30.253045	30.684752	20.275744	30.391629	24.467059	15.065936	27.097519	26.424561	21.169854	24.611168	30.607551	20.373713	18.706993	22.803448	27.949796	30.948895	30.574701	27.179993	23.709488	26.931475	20.737259	17.441794	29.707628	22.528260	30.790035	29.747102	23.520283	19.307988	30.932836	24.853722	28.431845	19.734632	26.467850	21.557229	28.180869	21.443975	27.303848	30.202759	14.492250	27.638391	23.496466	23.676539	20.549548	26.283613	27.979080	0.000000	24.061990	19.597570	25.966071	25.831675	26.950637	25.274916	20.133947	10.634002	22.849555	30.156819	23.024240	18.829035	26.829502	25.101235	23.741418	27.408002	25.211356	20.556951
23.439934	29.595719	30.249045	28.734709	25.104826	15.111205	27.187898	21.856072	28.601682	30.699131	30.869399	29.406181	25.217255	30.264025	28.278075	21.786341	28.404668	20.658797	12.847639	26.399993	23.890256	28.148846	28.579498	25.518089	27.671679	26.222433	23.312530	29.253039	27.863675	30.836951	30.691452	26.171380	29.819462	30.334757	23.300995	11.145544	19.814007	24.273482	30.619392	19.141187	11.078973	26.333475	26.259543	22.750450	30.113549	21.979130	13.152567	30.359077	29.831186	26.564223	13.353047	26.998138	19.433965	14.857111	21.915563	28.334428	28.655660	29.783747	29.084629	22.829591	28.405528	22.169883	30.625815	23.067193	0.000000	26.995054	12.219749	29.990794	25.657939	24.179466	30.557965	17.203624	15.165423	27.862063	27.369498	16.333477	29.849649	25.679729	21.693893	29.779246	29.153540	25.172124
23.421935	30.110592	30.663335	25.318519	28.925319	14.816179	27.590122	19.346276	29.076582	19.754281	28.764505	26.046198	21.653122	30.472405	29.325647	24.732669	11.579385	23.479858	30.831873	30.892285	27.659587	29.987141	12.722992	29.243573	30.805770	29.153694	28.093158	20.668269	21.276165	27.740043	12.147878	23.013709	30.639683	30.752823	13.356820	21.160721	17.280854	30.563816	20.341625	30.135443	26.256524	26.451508	30.617932	21.476536	23.439187	30.718169	19.956956	10.806463	22.788385	10.425809	12.567358	29.524183	28.621808	19.946647	28.806131	18.225942	28.515727	26.962232	30.679380	30.655662	30.273854	29.293652	26.849607	25.920136	10.851082	0.000000	24.199227	23.771491	30.203467	19.290842	30.100532	21.501410	30.302903	26.065552	14.208011	29.594699	29.818940	24.107201	30.295366	20.931966	16.966097	26.728602
30.530405	21.124662	30.612251	24.021089	13.725452	28.989069	23.961151	28.064336	29.816492	23.083677	25.467713	28.850193	28.988671	23.675134	26.494506	29.140833	29.926102	21.829960	30.854399	25.519697	30.363382	17.270644	30.454565	19.652469	18.181229	30.598134	30.959516	30.352661	21.758566	29.405254	16.579949	29.635665	28.425262	25.268557	25.471431	20.296058	25.433613	29.821430	28.151783	29.689845	29.191926	30.795613	30.632975	25.300260	28.529948	27.720220	30.111766	29.356612	21.348356	21.715489	14.133515	21.168431	27.788768	29.751361	29.806999	29.709182	18.189289	30.366364	29.883536	25.958801	26.444428	11.249677	29.640718	21.114586	22.362704	29.969076	0.000000	14.988508	28.312103	26.267064	24.213306	30.696480	25.171109	10.879028	13.343397	13.737070	19.432561	29.334892	25.384058	30.329507	30.646433	27.929849
26.871205	29.023288	20.792259	29.002543	28.223780	28.433331	27.514567	28.225628	30.836790	23.418030	27.260147	30.457191	29.835361	22.218967	20.193737	28.784485	28.335135	30.796865	30.932964	25.053032	11.891049	30.233525	27.766301	19.810020	23.838755	29.092259	13.772776	22.885067	21.800435	25.543349	30.710066	28.862214	30.644180	14.707500	16.895844	29.785407	27.215493	29.879799	19.495610	28.242984	23.567526	27.111903	20.935407	19.397924	27.568343	25.441186	30.144051	25.213629	22.503030	28.242124	20.973945	28.985791	27.741454	30.479829	29.000793	30.727053	30.723730	11.673776	20.419652	30.666204	29.906693	30.646958	30.108908	24.620537	15.756005	30.668828	29.701546	0.000000	30.629738	30.401212	13.990055	29.760078	29.799884	29.621365	30.031692	28.540756	25.792571	15.609900	25.817621	28.991416	25.612141	13.699931
24.252369	23.098699	20.593287	28.058298	16.269227	12.142602	30.757838	30.078244	13.656409	28.901027	27.895416	25.899867	27.865423	21.674181	12.680037	18.562455	26.220807	28.549501	28.543450	26.995178	25.509400	28.536528	27.222223	20.392067	21.086854	29.194327	22.328185	29.696353	27.256239	28.178493	30.890383	29.303029	27.902230	29.200112	28.537425	13.938536	26.422151	28.627095	24.563239	27.857747	24.397744	16.238542	23.248080	18.788526	18.731371	24.435536	20.525458	28.763127	21.698193	20.655737	27.744559	29.612340	11.901408	20.299202	23.494806	10.307651	27.740358	17.140591	22.546276	30.227376	21.810843	15.750680	30.575606	29.963089	9.248665	29.950383	28.064956	12.845726	0.000000	22.166808	28.251553	26.160235	25.370409	30.480665	17.439350	28.178365	30.958822	29.213761	15.831983	30.643703	29.216517	26.820687
14.541136	27.828522	28.915048	29.992491	12.315842	30.784842	24.494700	20.371359	22.208299	20.132086	27.731742	25.762565	16.892670	17.045747	29.754757	20.341895	27.524522	23.126821	29.429758	27.196479	19.319916	25.524729	28.142341	25.740560	23.846846	28.558863	29.352804	27.389879	28.839184	25.204247	28.853661	22.920087	30.245606	24.146792	30.497488	23.756036	24.931632	22.598279	30.256072	18.975137	25.380395	27.090389	15.213729	25.765971	14.405330	20.416301	26.969442	27.960821	29.612956	25.873257	19.604206	27.368734	15.504219	29.910244	30.773661	9.231274	19.793413	24.588516	24.490461	16.733993	25.248759	20.077845	21.844154	21.928415	27.932178	27.918370	30.579316	29.432120	19.106569	0.000000	28.564785	29.577402	23.678112	28.167328	19.623124	22.667484	27.936213	24.782142	30.737923	27.043312	29.738615	18.033812
22.711232	28.674412	27.223173	20.221942	30.923861	22.087598	21.451660	24.268064	21.885875	24.643441	29.879746	26.917240	30.839864	29.654307	24.019659	29.685770	30.428512	30.674729	28.902717	30.584888	22.655649	24.446873	6.483446	29.728370	30.808657	19.227774	25.618674	29.358341	17.375685	29.524623	20.198960	28.655639	30.148602	27.265014	16.103538	27.643591	21.283401	28.344074	16.902483	25.752671	30.957554	17.845794	16.968005	11.602755	29.357596	21.717784	30.409452	30.954715	30.833789	28.358471	28.253293	19.797825	25.234972	25.022162	14.640762	25.900205	28.267733	20.671333	17.863308	20.088428	29.074843	30.832765	24.520701	30.351929	25.615250	29.699753	28.665269	24.312407	19.195068	23.309952	0.000000	24.863462	26.928516	28.537389	30.893151	29.386460	27.691956	30.791354	30.533370	28.805592	14.328080	24.137656
21.974661	29.058346	27.676221	22.797341	27.385896	30.910493	19.589098	26.624135	26.574469	29.768485	28.012797	30.643687	28.167088	18.865646	24.441604	30.563620	25.194549	27.864632	24.915145	22.254620	30.178751	28.065328	30.747779	28.999656	23.696789	9.395409	19.995835	25.212455	26.116633	24.753270	25.474765	29.728886	13.449903	23.776988	16.721763	16.231943	28.092967	27.714943	11.286581	29.267890	24.062853	22.845917	20.827158	29.945526	13.638839	27.643321	27.150491	25.248675	30.921284	24.458113	25.590278	28.405280	29.182208	27.833600	9.546833	30.096392	29.394809	29.626405	29.624388	17.377129	24.041677	26.867900	29.841020	27.145062	28.780459	24.575595	29.293648	25.336966	29.219339	29.577050	11.479417	0.000000	17.518528	28.013445	12.601225	13.652809	26.087138	23.401158	20.641183	27.283831	28.773054	25.895589
21.620476	29.456858	27.684477	30.588093	21.498029	30.353813	30.673982	28.645125	25.933394	16.057118	30.947694	19.949267	28.091369	30.807707	28.420574	28.283942	10.543904	20.399083	29.630745	16.660089	9.220003	20.437125	14.233488	26.970032	29.611409	12.185295	26.752847	18.993213	19.376362	30.522196	15.258109	29.697566	28.968420	25.202653	28.871733	30.955357	27.044037	30.503211	30.944738	27.891165	28.772162	30.860531	28.162940	28.488963	30.796881	15.092633	26.255035	30.064363	14.561748	16.878931	26.596765	18.801235	30.486812	28.144234	30.497615	30.545051	28.016681	30.843891	24.316431	30.239224	20.478040	30.930768	22.977877	30.685214	30.529005	23.682272	17.235330	14.084968	24.893741	30.934597	30.498561	14.964198	0.000000	30.886505	14.781975	17.597247	30.673233	26.115727	12.372293	26.045197	22.856196	8.557699
30.826746	21.327056	26.236665	29.204694	27.362974	29.913355	30.868669	27.379972	29.043801	28.927570	25.643796	18.712131	22.629815	30.352799	30.368523	30.353395	28.937356	25.086432	11.364320	23.687518	20.732621	22.899683	27.932237	13.714903	15.338929	23.704195	21.449002	19.409691	30.506438	23.518031	27.794996	21.743752	29.815997	14.818033	16.684272	25.607525	22.914130	26.818866	30.118319	19.794337	26.979252	12.308715	9.794847	26.270767	22.679806	30.271807	25.320872	30.123026	30.952057	29.212864	24.961299	24.426057	17.491727	23.715062	26.469593	30.449809	25.856018	23.679641	29.423415	25.687075	27.892072	26.156430	26.860936	30.631410	28.876384	15.729462	21.191596	20.418867	26.993333	30.915639	30.892834	30.482311	19.006332	0.000000	25.282938	12.381179	18.394761	22.807524	29.850551	18.133536	30.404236	25.825417
26.041574	28.603898	14.399425	19.595808	23.533496	29.550688	30.103547	28.546192	24.600733	27.565670	19.230658	27.100771	26.109053	24.645971	30.957551	30.087362	23.866876	14.104307	21.218583	13.659025	13.573546	26.339252	19.195357	25.428327	30.206556	21.296292	28.560120	21.633006	24.688253	11.602051	15.870689	21.370148	14.431778	23.788284	23.213345	27.171011	30.957270	29.887330	23.358904	23.996720	17.936333	17.444030	11.493462	18.489245	27.303487	29.429818	17.422570	24.386301	22.001506	28.464227	27.749142	30.701017	26.035473	15.722604	18.561325	30.640611	23.848868	22.680930	19.352124	20.713548	21.388726	30.371213	22.442477	15.523388	27.855086	23.557982	29.596457	30.922916	26.829448	30.502925	11.585881	27.447499	30.867966	16.711777	0.000000	29.156574	27.105821	27.747603	30.658647	15.551314	25.929980	21.102088
19.618042	24.602740	28.528234	20.485151	26.338033	28.452852	30.948247	29.095603	30.620352	16.199027	12.762804	23.265470	27.193187	26.958482	25.236445	21.288206	27.156242	19.131881	25.885340	26.645623	22.276539	25.647580	27.489543	21.557215	22.100584	17.891848	27.831827	16.197600	27.920703	30.706066	22.073336	18.313283	23.233399	27.042890	27.787181	15.560590	23.582769	24.795850	22.085110	23.013199	20.282100	23.889154	29.285954	22.346055	20.937537	26.175848	22.679460	29.944909	14.202677	25.796085	22.798634	24.089316	21.897829	17.586048	23.877457	9.259474	29.413357	12.028553	30.367332	28.705427	30.710822	30.629641	26.516718	24.058535	27.992076	29.107050	28.131030	26.639380	29.318085	18.893620	28.051417	29.778481	20.650929	30.641034	30.710127	0.000000	25.919302	29.393521	27.156970	29.464697	25.991009	24.824999
30.829966	30.831723	23.533495	28.759570	18.038884	18.399326	21.912816	21.521644	26.283429	17.353798	17.437964	28.341771	21.565981	26.637294	28.087312	26.924229	29.019644	30.875498	24.508816	29.595764	21.052966	30.480111	27.000654	23.462146	22.803782	17.285935	25.810262	27.179457	26.590121	30.055370	27.887915	21.486024	18.890171	20.365845	27.724491	28.390706	25.183345	30.280512	26.956445	26.025333	14.427194	9.832201	26.252550	21.839905	29.710285	13.411037	29.079582	27.846993	30.223106	30.792742	27.011061	26.861226	29.782985	25.985245	26.458019	30.725836	29.026178	27.515009	29.944215	26.700346	22.237456	25.842691	30.708799	20.912116	20.473822	23.781308	28.672425	16.518367	23.670417	26.615933	9.616079	30.624869	19.741021	20.687628	30.229456	24.492096	0.000000	25.002551	23.408495	14.689601	22.263295	17.211443
16.813606	14.284629	30.843245	22.643531	30.310987	29.629501	7.643959	27.485413	29.691234	21.146222	16.517176	29.184138	25.483136	28.868052	17.849074	21.575023	23.023979	28.419770	15.108499	25.524108	30.503162	27.337432	29.657842	29.140151	10.126695	29.703994	15.507578	24.290398	25.831332	29.995007	27.222350	30.577090	23.240355	27.543727	29.777073	7.713863	29.238661	30.626910	30.414612	13.872396	29.902806	28.950201	29.514783	27.882947	21.232398	28.305174	25.085799	27.943657	23.443167	23.177726	23.220241	26.921020	20.360571	28.846461	19.827172	28.409490	27.017100	21.998301	30.615996	27.670121	26.962324	20.397749	30.347369	26.023129	30.920957	12.015081	29.849403	21.970901	24.096897	23.643319	24.201349	12.890502	19.546415	12.579225	20.374419	23.523932	15.474921	0.000000	27.887649	24.493216	28.328491	30.889322
30.936742	23.347318	27.538940	29.292663	23.895911	26.869745	28.875597	21.865589	23.335384	30.908621	29.927804	14.299396	14.498741	22.054791	19.817821	30.109469	27.847300	22.284382	26.170974	28.874247	25.158440	27.692539	18.294516	12.451244	29.219469	26.396730	29.944584	28.584873	26.980523	29.051373	20.324442	17.968130	25.233442	21.397232	21.016121	23.978256	13.509310	24.130947	28.622383	28.343003	25.566159	18.715276	30.471551	28.702423	21.803033	30.897524	15.563094	15.508123	29.937782	27.961536	17.970441	20.390563	27.634110	25.886381	26.841659	10.516758	29.392556	30.453622	28.846319	30.208682	22.323846	26.503076	29.762543	28.762172	21.958922	30.421414	22.959610	17.950286	25.972648	22.531051	30.420644	30.831523	23.540470	30.956786	24.102911	24.760368	22.049310	30.863404	0.000000	18.784815	29.567800	25.144800
19.817220	25.745236	26.883598	30.927714	23.978449	30.844660	30.289236	18.155896	26.991592	19.984223	25.497368	20.542328	27.356041	20.839466	28.352396	27.336867	25.942985	25.871973	14.923495	30.568816	30.786064	30.207104	26.350153	28.983640	27.247584	24.089478	26.294656	9.328757	30.452801	28.117046	20.312208	27.495405	24.204458	26.643509	20.709445	29.738530	22.829762	30.292610	30.698311	27.078312	30.864575	7.902980	30.654880	20.310368	20.970458	24.796495	23.538560	23.539780	22.363802	23.363223	21.697624	30.676617	23.473649	30.410004	30.703784	13.697197	29.485033	24.149111	25.948111	16.932222	29.861967	29.126272	23.784825	29.955894	30.365813	26.799007	19.280998	23.520252	20.174928	28.644371	29.816741	30.942445	12.340635	14.708709	27.402638	12.723169	28.021332	30.010979	29.482996	0.000000	26.608247	30.945979
27.172667	27.059499	24.491422	22.633939	25.262567	25.882206	30.709898	28.205279	29.318768	16.297834	21.049403	20.488001	14.692319	14.468794	16.260722	10.143081	28.359072	26.847590	20.703569	27.770237	20.093851	27.617370	27.366584	29.225785	30.325960	26.095295	28.903885	28.363851	29.945240	18.689796	17.211607	21.294437	28.219201	29.178135	25.439029	28.720155	17.498804	24.888448	30.952118	29.719028	18.321474	30.009139	28.319959	28.366391	24.086018	20.705750	29.086842	12.787254	30.605620	30.644470	22.873956	20.639001	21.685210	19.449963	29.444339	30.758630	29.176404	29.155233	27.497737	27.726506	21.284652	29.546309	30.601673	30.206934	18.317884	29.791304	25.235940	28.699933	13.344758	27.513032	27.948295	17.439158	16.781467	16.279722	23.748740	25.890345	16.462866	22.704696	30.789236	22.612784	0.000000	26.538718
28.576955	22.820714	22.399485	29.068704	30.212793	28.472453	30.860665	17.054937	29.297656	28.221794	25.986379	24.139851	26.047559	30.297161	25.651181	24.982738	26.287144	13.181855	30.847005	30.106747	25.639729	30.557512	30.950219	21.309008	15.608651	26.747423	28.185457	30.200366	24.662967	28.249989	28.787240	30.736055	23.686332	27.505052	26.458253	24.027486	25.952884	28.781998	25.218406	29.980884	29.078613	29.089463	11.273046	21.722488	17.718141	29.001756	18.550080	29.324484	29.286184	23.569623	25.368344	30.567812	24.226918	20.935176	26.279325	15.770857	29.593624	24.944981	26.384299	28.887211	26.627680	15.524538	19.795781	22.731999	27.182022	25.409634	26.602619	29.664607	30.831595	30.796638	25.538270	28.102204	24.798254	28.609667	21.158921	28.204366	24.872227	20.184829	29.922259	16.830058	20.876982	0.000000
