20.782921	28.155783	17.845308	24.000204	22.481588	23.751111	25.457631	26.344838	27.689575	21.515163	26.906157	17.544193	25.617022	26.516095	8.608239	25.506275	24.648674	25.304596	27.404618	26.790101	17.355288	25.941290	25.973517	15.610694	19.520189	13.947125	26.069055	26.490137	22.223409	27.550161	22.545640	25.558635	16.940932	27.146424	25.705919	20.623871	26.443733	25.698387	22.235308	21.216397	19.210876	23.374902	19.692489	28.054189	25.070086	28.143809	20.396389	27.458305	23.847306	20.782988	26.321356	27.100735	28.214232	20.898736	19.403826	10.708335	13.013050	27.979089	14.387394	12.959927	24.852262	26.617786
26.335382	22.589798	22.780970	24.248524	22.609307	19.654817	24.350900	25.224807	25.069478	28.199478	18.835904	24.088067	25.241066	27.979318	6.848442	19.642123	23.126979	11.214250	25.005066	26.485730	9.032870	12.388780	21.713941	12.982788	23.610499	24.729610	10.356943	24.238000	23.559759	11.719912	27.870278	24.547288	26.013464	20.060303	13.341448	28.081440	23.687952	10.233525	22.260000	26.413902	15.470780	25.319484	25.322558	19.428076	24.716114	23.353184	28.037216	16.553966	22.463975	24.510874	24.264293	21.128747	23.432112	27.352235	14.205291	27.956007	27.308058	23.024195	26.233651	26.258064	16.325848	28.186835
22.634228	20.589772	28.189360	26.968129	23.019682	11.191762	25.126887	27.969776	22.045075	27.489176	22.106481	26.097058	20.344170	18.174993	18.209675	15.369392	24.074723	21.554092	21.898146	21.696488	27.695686	22.461149	26.428881	21.714816	18.656240	26.310488	26.699750	27.328864	26.811418	27.003615	22.022424	16.386213	27.624004	21.748091	23.729122	26.447832	19.990204	26.607275	27.790484	27.240808	11.691722	28.188320	15.752149	16.479201	28.201067	19.382654	28.168842	27.966821	28.076272	26.881348	24.939834	21.306682	22.987767	17.762072	12.791198	27.928757	20.278927	21.511097	18.561225	27.883726	27.748104	27.619483
28.215068	15.694295	25.978411	28.200295	12.779890	23.936396	26.758776	18.517212	23.860588	24.972700	16.548753	24.610063	23.905810	22.898850	11.791075	27.637464	21.193480	27.440050	26.068747	27.729150	26.798498	15.315942	25.400529	25.785352	24.329887	22.235211	22.926761	16.347266	21.654934	27.818567	26.866770	23.009360	18.163013	26.953159	24.372440	24.253800	26.980076	24.288662	27.627830	27.967668	15.467094	27.030749	27.788973	18.941459	27.045611	24.812476	22.468213	12.151113	26.963297	20.405960	24.897141	12.456625	9.558271	22.903558	21.145264	21.407780	22.901719	28.197749	21.737108	24.759503	18.253907	22.577138
28.144659	26.340805	25.039342	27.019820	27.804335	27.106408	19.959387	27.565385	23.637509	16.011256	26.091539	23.836005	21.921865	28.035210	19.486741	27.815083	23.781993	27.477173	16.784198	17.791077	27.009566	24.023468	27.902278	25.211973	13.472965	24.054859	12.213024	20.254693	18.169363	23.865861	26.429554	19.632904	22.566220	26.180890	28.021337	24.697224	12.341509	27.657732	21.473117	23.834305	27.043991	14.091401	11.855236	21.848758	27.790616	24.151094	12.530767	24.444420	28.067593	18.822330	27.898050	15.992830	22.350508	25.815913	19.811398	27.880533	23.424061	11.673417	13.884433	12.934620	26.005334	18.673391
15.797894	20.850421	11.938406	28.140469	22.849150	19.569334	26.481197	8.609109	27.065147	28.179999	19.743237	27.068335	17.315413	23.369734	26.810014	23.853902	22.390514	13.676903	28.142134	16.994845	9.569691	21.942863	20.841593	23.617020	28.165016	18.236821	19.661229	27.655815	16.047122	25.112456	23.917549	23.243245	21.132005	25.979613	18.096008	27.858187	23.598291	25.774527	27.205700	21.406846	22.869413	25.205895	27.528243	22.680509	10.704690	23.167949	25.597423	27.361228	19.272306	18.755594	27.113187	17.848951	21.223435	18.549397	25.686896	26.883132	14.909063	25.608637	24.608739	20.282348	24.128559	13.614134
23.291156	26.339537	20.610339	17.435416	23.897393	22.693347	24.713004	23.950067	19.663661	22.704675	17.521186	27.688188	9.816371	23.405073	25.536412	25.406353	25.223493	25.110791	26.427351	22.603406	26.775761	23.122647	20.848196	24.417806	25.955227	26.379690	27.446134	23.305611	16.127951	19.107411	19.092587	21.902777	23.610448	22.304224	26.953869	24.868547	18.474857	24.148920	24.657653	27.863550	27.978144	27.667839	21.309598	27.263813	23.327026	23.682665	19.905589	22.634393	27.228457	26.897896	25.724487	22.328360	27.684572	27.572233	23.551942	23.615932	25.776155	18.557304	27.889407	23.089351	15.834087	27.367078
28.210757	18.375729	24.216629	18.831124	28.172648	21.628293	27.554787	27.846569	27.609094	21.540948	16.471686	25.272453	26.653141	22.501698	20.713799	14.508424	28.040417	15.266022	18.751762	26.831996	19.437225	15.104579	23.260252	26.219990	27.227684	24.756303	25.464291	22.204406	24.503670	18.195816	24.943473	27.764871	25.779377	26.253747	24.549935	28.177317	19.248327	18.835581	23.697910	13.673429	11.839973	23.833487	28.009697	12.443995	28.097634	26.716426	27.708403	22.142783	20.483747	23.790347	25.576613	11.580234	25.938407	20.423277	11.832224	26.925600	24.734322	28.047451	21.063465	22.206904	27.570990	26.735045
19.932558	22.817470	10.153723	21.187260	24.349675	27.642152	23.015664	18.633558	20.930612	27.551905	21.535427	26.099710	28.093457	8.084556	26.968130	27.762094	24.946837	20.743067	26.714148	24.734611	27.078686	27.423926	18.253601	26.163507	27.563118	15.498095	23.895120	26.549312	20.403514	25.657261	28.201325	14.722108	15.451628	14.122829	6.327911	21.501343	27.616058	13.495618	25.127651	27.253082	22.024226	24.036604	23.017381	11.448484	27.568162	24.536811	25.059892	27.422669	10.991574	16.113634	26.229405	20.906438	19.315355	27.641432	27.499176	17.338320	27.109349	17.465639	27.654768	27.873834	26.897658	27.433834
26.663801	25.467946	27.876629	24.750826	12.408646	19.553093	28.043117	20.689731	12.978444	25.942818	19.714561	28.123669	27.474513	24.700582	26.611759	20.130796	15.901129	15.951769	12.305453	14.672249	20.699567	25.631864	15.848220	16.702222	17.856002	25.977413	21.052441	20.032838	17.349075	24.229003	27.972304	19.428918	28.149863	23.836514	19.940524	26.600356	24.080010	18.481649	26.393796	26.045587	18.579583	21.756883	27.089842	16.036255	21.503090	23.126515	19.788448	27.216140	12.855357	24.302832	21.513406	23.161336	24.920896	28.022582	13.075654	27.055016	16.661159	27.848154	26.091827	25.498540	27.012761	19.193289
25.819785	28.071895	24.833616	27.519695	20.116403	25.570173	19.509951	23.190380	17.555956	25.977216	18.230431	25.400873	25.121962	24.501878	19.082412	18.905281	21.454077	28.179284	25.746818	25.337834	25.999952	27.570749	19.928619	26.405558	14.372475	27.714121	24.092477	13.862095	26.998913	13.903903	20.991335	26.181095	17.816731	27.862294	27.383997	27.338329	22.154389	24.329473	10.486276	24.000097	18.778147	27.489354	24.364076	22.766526	16.969892	24.969608	28.117200	27.971711	25.195621	28.057837	28.060304	23.656595	22.079969	27.804526	16.230797	20.507133	22.177127	24.916019	12.838412	13.128320	23.109546	25.402310
26.152041	21.026569	27.366105	25.892303	21.788893	27.518288	27.062381	25.744996	28.193060	14.681644	25.240698	13.929261	26.566622	28.145043	27.574946	13.800071	27.140226	25.765195	23.048293	10.479601	24.091602	25.126979	22.444650	26.659223	21.479634	20.973976	27.334583	21.884773	27.713537	15.832483	15.780994	19.544539	25.025398	27.443986	27.862969	26.469403	25.457377	22.529854	22.417436	18.249480	24.306838	25.450318	21.879459	24.933154	10.388317	22.531439	28.215605	24.279243	27.801559	25.938868	26.581819	13.365133	27.014113	26.932072	22.828163	18.416188	18.808412	24.019554	12.909967	28.064149	22.266550	19.212683
27.219477	22.280586	22.620094	14.950648	24.575234	28.072379	21.689067	27.877673	24.093087	25.098352	28.112739	27.572476	27.205900	16.395591	27.953542	26.521667	26.968269	23.934684	28.140833	18.255998	22.795446	6.797709	23.720019	26.703282	23.838791	27.871795	27.472035	20.333066	25.064062	23.352358	26.057630	11.734804	24.943747	26.933068	26.425574	26.381319	11.132951	22.890396	25.706551	22.793666	14.590102	26.786635	26.971924	25.359111	9.281172	25.218097	24.960254	26.235883	20.796887	18.026103	27.599908	26.054235	26.407219	27.624120	27.836398	21.749862	24.244087	7.935928	18.525472	15.584368	24.316138	27.427187
20.331795	27.258089	27.044171	25.533839	27.107683	27.543298	25.628018	24.368210	26.255570	10.942514	22.076384	24.199926	25.791441	22.775425	26.486948	6.387548	28.120466	19.831139	21.990086	27.231140	26.899671	27.886873	27.348193	25.428691	16.606415	25.532888	19.774388	24.334436	14.323973	27.648643	27.487843	19.387054	16.452031	22.854480	25.477470	23.669051	16.242191	26.864830	23.822101	26.671047	26.103321	26.759779	20.004039	25.419632	21.945814	21.351773	26.867753	23.233238	10.671509	21.418152	20.461284	7.588759	17.860515	25.260737	22.503338	25.792849	27.777595	26.143920	19.106913	27.603528	23.526586	27.239389
27.482239	21.940536	24.195089	27.967240	26.338409	27.768496	21.552668	27.414170	23.538220	20.809905	23.834917	14.451854	21.301920	12.229556	25.872466	27.976023	26.470088	26.508627	25.668503	22.665478	16.928326	10.040498	12.162671	23.625576	26.129242	26.599344	24.971940	25.757206	21.654115	26.932441	15.279202	27.190424	19.132189	23.950139	11.138227	21.570665	19.885831	23.926380	27.579502	24.631543	25.237342	15.080159	23.174327	25.516349	27.787755	21.809054	23.348101	20.411564	26.874132	26.262412	20.244302	18.359186	20.081046	17.689410	27.565575	25.898441	25.737541	18.012665	25.542004	28.214649	27.819681	22.612557
24.344922	15.932716	24.250955	22.545297	25.668404	23.734446	20.286823	18.581051	17.059713	28.147625	27.442643	25.779314	28.138712	25.851092	21.126399	22.298706	28.160814	27.117446	22.534941	27.471201	24.177445	19.850260	20.606866	24.533821	23.159216	27.639237	14.632232	22.781781	27.856987	27.162222	26.297336	24.214074	15.505814	20.879953	27.039558	27.264244	15.102730	18.867389	16.446051	28.068976	25.430197	22.355253	14.855602	27.847989	28.023360	19.724178	23.940312	21.352062	17.409046	22.026074	26.237276	24.972227	27.257275	21.690150	28.150955	28.080148	28.088124	25.646872	17.362608	13.787334	27.982825	21.980032
27.824722	20.731235	27.500058	24.626916	27.534855	28.000337	13.668884	27.232462	25.000215	19.759270	13.016962	23.217432	18.519765	21.099620	26.406020	17.854129	22.241947	19.030117	18.107235	19.235341	22.721283	22.990849	23.459488	11.229514	26.187406	10.068320	15.608983	17.450499	27.053549	25.442343	26.287647	27.668715	18.353961	24.849023	12.810800	27.686443	27.830428	24.870286	15.866703	21.497776	25.589708	23.749016	23.838213	26.686168	26.318062	27.554133	25.196572	27.883340	22.449322	9.654955	24.044078	26.528711	27.441379	17.225681	26.749284	19.963460	26.529529	24.461866	25.709431	25.529079	18.802839	8.976340
14.546846	26.069159	22.990641	24.585343	27.985066	25.895041	27.839283	19.145307	11.876388	26.437654	17.688754	11.395776	16.393161	19.438305	28.182160	22.454942	21.174517	22.807660	25.730228	12.665147	27.895214	18.234954	23.826768	27.184645	27.525147	27.394854	21.262794	18.310512	23.603912	16.018099	27.731006	24.995535	27.417090	27.526425	18.631321	18.279031	28.146769	26.868135	26.008322	23.749807	18.164192	25.632525	24.797140	28.210016	21.185091	28.208557	19.674433	22.058547	15.694930	23.381077	27.643068	23.549086	16.420522	27.622784	23.804110	16.895861	14.362716	24.125695	23.149357	27.993458	20.150625	28.025799
20.665508	27.004508	24.690929	21.651646	27.577722	22.192206	26.563085	12.695098	25.460631	28.211905	11.288275	22.647295	27.314142	26.288857	23.283939	8.411730	18.126108	12.857215	11.674854	17.144378	24.736183	13.092153	28.054574	24.906571	16.788659	25.981457	27.967138	26.904406	27.683387	19.256798	23.272030	26.145096	19.453146	27.563203	27.195868	26.246384	22.754782	27.116006	14.328708	27.910747	21.460851	24.286771	13.678672	28.033128	28.148185	25.082412	24.184066	26.152350	24.106987	21.994651	22.926449	27.508498	26.868832	16.578542	21.350443	28.091518	27.648580	25.926307	24.188187	18.742653	27.130850	25.857974
23.787377	26.615511	26.612706	20.198497	15.374264	14.374937	21.725394	27.882391	25.003378	21.590547	21.471257	7.081295	15.427631	27.358430	24.897897	15.633292	27.926643	20.424714	23.724132	24.980095	13.077572	13.954528	16.657371	18.578905	27.252587	26.333691	22.322581	26.050009	27.587549	13.598714	19.566809	26.162148	24.861879	27.991062	16.681341	25.458143	27.276028	22.895555	25.900526	14.764411	24.430506	20.252531	25.714553	23.758118	28.058794	28.219776	24.023199	25.540212	13.779122	22.820197	28.157380	13.288396	21.562102	12.197251	22.574019	14.932604	23.972773	27.828228	21.595544	25.035672	19.460666	16.831933
28.075474	26.989504	28.002295	25.445692	25.616840	27.554062	27.323524	15.630944	24.907623	26.675556	20.693666	24.771372	20.707179	28.211786	20.307764	26.143286	25.196830	15.479874	28.066698	28.059058	27.735331	26.593364	14.798532	19.402695	25.680716	18.214819	25.659964	19.885202	19.252998	24.959889	14.114963	18.587859	27.906302	23.279216	28.104487	27.004428	26.952133	26.679100	20.740440	25.188436	21.035605	21.771839	23.379249	21.418851	15.530929	16.691282	27.713041	22.973755	19.618182	15.520818	27.863427	27.527298	28.203152	25.670893	15.651901	12.356243	17.715554	21.322524	26.718411	16.231367	18.495282	26.172610
25.207248	12.376281	27.826706	21.774573	26.947171	27.299419	27.436855	15.166742	26.791892	27.279956	24.901015	23.073511	24.513824	11.717060	11.098024	22.690832	28.200348	21.287885	6.755759	17.495068	27.528989	26.884621	11.108342	21.459901	25.297754	10.639282	17.390201	27.931494	21.574146	23.654721	21.165616	13.399754	22.013768	19.985739	25.554279	15.348530	27.583314	27.928703	8.799335	26.151507	26.026030	11.660762	25.039736	21.074972	21.985380	26.993461	25.866720	21.321256	24.608984	26.886908	20.426378	20.191051	25.567055	22.238615	23.797708	22.214334	26.639112	23.780550	18.769731	18.534541	14.959536	23.047017
27.327646	25.675688	28.113586	22.117812	28.063458	23.127705	15.238925	20.446618	26.477425	19.123991	18.800534	24.518309	27.755550	24.212370	23.703291	15.322775	16.011968	25.725497	21.578127	26.292089	27.866690	27.390870	18.838114	27.305829	11.247975	26.568868	23.978080	26.080327	20.597591	17.909678	25.165570	26.668056	13.469122	27.560512	28.092041	18.958596	28.077110	27.212776	26.086780	23.111419	21.418420	21.982591	19.994073	26.777142	25.903054	22.778696	19.767768	23.395964	27.218237	24.980371	26.630144	24.414072	17.386718	26.443056	22.379660	28.097269	23.814446	24.798631	28.072242	25.902984	24.634598	21.529953
23.453249	22.439155	27.934008	26.358118	16.683369	16.477870	24.169328	21.289605	21.543099	27.343193	28.165792	20.574916	19.866225	12.650097	27.558590	23.947648	26.625485	26.766528	22.236670	20.777346	26.398771	16.085377	27.418433	26.238372	24.530545	28.204805	23.181973	27.811683	19.263248	23.821007	23.399770	22.657363	18.878451	27.437181	26.931851	26.636687	26.837689	24.827515	27.932564	23.821682	27.289430	23.245031	26.994851	21.549480	26.875345	23.717359	26.677627	23.539414	28.048402	19.044657	26.002999	26.776996	27.172813	16.284207	21.504155	15.450194	25.470004	22.630203	22.431666	27.971538	20.996539	15.233779
26.483954	25.242229	22.326329	18.663862	23.969646	26.931311	24.094044	17.583547	23.790329	26.748140	27.718975	24.934099	9.620829	27.662903	13.907354	27.056810	17.828963	22.681249	10.755802	24.828637	21.294468	22.201398	17.774146	20.064308	10.223155	27.910117	24.649994	18.456745	20.339758	14.507920	17.329440	26.820057	11.305948	20.133750	9.889688	23.666526	25.162009	25.192709	24.705688	27.691274	17.952164	15.400642	20.186542	27.590023	28.166660	17.662443	25.139268	22.973444	27.918287	27.746270	25.200076	26.036076	21.501582	23.155041	28.041580	26.829693	28.135859	28.141046	26.864386	25.708003	24.413601	19.870269
24.123380	17.680050	23.391553	25.635437	21.860393	26.013036	13.252927	16.744638	24.138490	21.474495	28.097630	20.152591	26.299790	21.983168	20.903047	27.175604	26.313621	23.549964	25.667061	22.276740	24.947844	27.581311	9.204257	27.263961	26.110368	17.817538	25.041099	23.981131	16.581678	23.675400	27.712709	24.116835	20.307171	21.502737	28.211993	24.232142	26.062410	26.966283	18.936859	27.695851	23.162544	16.617181	23.057050	24.129800	27.839742	25.015564	23.840652	26.915062	26.535454	28.179100	25.375249	21.148172	24.851128	28.217248	28.212469	22.283416	24.949315	26.284849	26.212071	17.205720	26.721759	28.041693
21.009932	21.432227	25.030004	23.026448	26.829727	19.252481	26.477825	24.015838	28.148392	22.651829	19.539450	27.612540	26.582845	25.290493	23.319729	12.972109	24.155829	26.983770	20.717886	26.814502	24.742306	14.386748	20.245765	12.423852	19.006570	23.877433	23.271343	7.851013	27.492144	26.976685	28.146772	21.162534	22.851400	26.869144	26.045138	16.726676	24.383886	25.185300	17.840030	12.476140	23.902458	12.180792	28.054674	12.312254	26.147299	23.448457	27.222301	26.147589	20.760596	24.513152	27.066914	25.665356	27.005145	25.925693	18.176902	26.535111	25.739627	27.866044	14.083356	18.006172	12.652016	10.755162
27.060532	22.300294	19.610450	26.632190	28.078930	22.228900	27.635739	13.703778	25.105326	27.444007	22.879738	16.590135	26.150829	20.191651	22.365551	9.469849	23.877281	15.902901	24.934819	23.593744	26.093590	15.440448	19.721260	10.159666	27.432155	26.559757	25.717581	24.699755	16.371994	20.722850	8.168680	26.091263	24.604582	19.473718	12.948789	27.746525	27.493100	27.993198	26.317755	21.218885	22.870545	18.697926	27.562245	24.539187	26.252519	19.435964	25.022417	23.777542	22.517080	9.418047	19.738894	21.823571	24.783714	22.835446	26.737118	26.764046	8.816417	26.820403	17.668541	24.230799	26.495342	28.061776
27.727935	24.436312	14.372245	21.740152	27.169483	22.777154	21.769158	16.769159	28.020284	19.329712	24.333471	26.637171	28.015634	22.923101	27.455509	26.793893	23.313031	25.987393	26.602016	19.840655	20.427817	27.373474	19.077544	27.186958	24.470831	12.130947	22.620537	14.522319	26.907054	28.129375	21.712290	7.861268	19.263279	28.070853	26.610172	14.558049	27.141411	15.240401	27.054974	26.890142	16.713480	25.002686	21.633553	14.928402	27.975477	23.297563	27.820898	6.999741	23.134104	27.304375	27.530725	28.186616	27.675503	27.923403	23.010240	26.342500	17.452615	14.015325	19.632026	27.172301	26.747688	24.606315
28.196887	8.719677	20.483686	12.716283	28.044516	14.154366	26.505191	16.752828	27.621222	16.003625	28.206793	24.515741	20.439773	25.834445	17.841164	26.110105	28.197023	21.418948	26.735141	14.585340	14.617480	25.804823	25.128396	18.538468	28.022144	26.021922	23.494576	20.286837	27.973407	27.303207	27.384663	26.451799	10.769370	23.574519	27.354724	28.174683	22.980602	21.462051	24.981219	18.393946	22.569087	27.439930	26.499142	26.095083	27.862941	27.638097	23.401255	27.475130	28.080944	24.976568	18.168438	19.443817	28.206596	19.258482	22.467914	23.340877	9.703689	23.608875	24.595877	16.776616	13.128948	25.888740
23.243785	24.506500	24.169314	17.611122	26.805751	26.604056	25.260873	24.602366	17.025989	14.984270	12.136731	26.758403	21.719220	16.339956	10.059273	24.158904	27.351428	25.760896	25.081802	26.245208	26.379081	27.733695	23.301620	25.887083	26.933096	27.405395	25.903090	21.172963	14.172899	24.633478	14.298624	17.241971	17.717666	18.377896	16.105937	27.413489	21.837590	26.988512	23.254608	21.088215	28.005812	21.676548	26.166418	12.662140	18.611384	25.796435	20.890668	21.006991	27.623592	25.888934	15.300005	25.098782	17.173044	24.486863	27.569326	26.937862	27.329052	17.194445	22.743271	14.762199	10.977320	27.654885
13.716782	27.673704	14.855052	26.263782	25.613404	19.460779	20.238749	26.009964	26.984303	21.139702	25.293282	26.511090	23.704280	23.323676	12.075955	27.984937	27.457081	11.073649	27.630228	28.185119	27.946849	27.382281	24.915426	28.144260	26.961682	27.960785	28.135625	27.930932	26.791972	23.827880	23.664829	18.195144	27.826064	12.472222	28.188729	26.688848	15.882406	15.453891	26.682686	27.485967	13.495043	16.638441	26.161608	27.461114	28.061401	26.594152	17.012729	21.746888	9.068849	12.718817	25.993996	24.468927	24.384333	25.371004	16.964875	26.458252	23.141101	24.513430	27.110660	28.186305	9.017669	14.931315
20.530400	24.725612	23.713913	22.221977	14.219483	19.680035	18.866355	25.076661	25.323440	24.155760	27.211180	28.056540	25.091742	26.669690	27.598342	25.147171	23.466711	27.769804	17.667680	19.366240	28.018325	19.057082	28.126859	18.560344	24.174980	15.782336	23.752985	12.611502	13.956236	20.573480	21.828551	13.199498	26.525198	25.147575	23.480366	25.634714	25.236653	25.928013	16.134103	24.022792	24.179071	27.072313	21.102336	22.254976	25.592423	25.494099	12.228598	20.158557	27.827910	24.995624	25.798758	27.892702	14.687631	17.705788	26.428820	25.184787	8.305217	24.717977	27.913247	27.542621	23.033915	26.125390
20.909425	25.762365	23.602676	26.084064	8.744083	16.491069	19.196763	27.240810	18.535358	19.896994	19.773771	19.527733	26.366101	25.430802	17.424735	22.773039	18.047765	13.484838	27.727748	18.888455	25.619997	20.049790	15.016588	27.156108	28.005824	26.337444	24.103284	17.602201	15.294282	20.102663	25.303069	27.783184	28.010824	26.932232	23.516991	13.393394	23.742747	18.947248	26.486929	24.556970	15.591800	25.803801	14.793171	28.139117	27.871189	20.617912	27.692434	20.372736	18.141554	14.683383	18.309164	22.867410	25.774254	23.774256	26.244755	21.112935	27.358696	17.985100	18.962541	23.512393	28.061661	11.486265
27.626623	24.180110	27.396119	21.866543	26.572802	26.395366	15.964314	24.785790	27.001184	26.916389	16.312827	24.979040	10.783545	20.833424	23.945240	27.377135	27.237992	25.216859	20.612207	24.387465	18.855578	24.877842	26.621869	20.315997	26.962164	24.521733	21.555361	13.445449	21.964847	20.161465	24.140842	25.495175	19.685488	25.574494	26.511405	20.118853	27.834084	26.748490	21.030928	26.199244	24.725510	17.878401	14.495234	16.560936	25.275371	21.704543	24.879619	14.113006	20.250038	12.461231	23.008015	21.421963	26.105441	23.374181	18.328664	13.644545	17.764228	21.684270	22.934939	26.530030	14.667173	23.123002
27.889744	25.330967	25.227682	9.818208	10.853999	18.684444	23.827298	18.652579	24.560424	27.049488	25.769862	26.006355	26.782670	24.067566	25.923742	18.529727	24.244001	16.416437	23.964988	28.209511	26.041705	27.936894	26.227472	28.084731	23.287784	25.626685	25.249978	27.847619	26.405993	26.998406	25.734866	27.370501	28.169932	27.634154	24.548268	19.697732	21.130586	23.919895	25.107301	27.569624	24.358156	27.715918	18.879478	26.525076	28.028897	28.042245	19.185981	27.368939	27.900719	11.431601	22.654754	24.445716	26.545210	27.940889	22.749047	26.508298	26.972420	21.633474	27.539218	20.510265	11.633723	28.198301
27.585696	26.066672	25.958545	27.804890	18.790482	20.549392	20.600507	22.584758	27.574115	28.195707	15.570492	20.698154	25.364562	28.152536	18.181753	24.494396	22.261240	24.037319	20.825597	17.376677	24.872339	21.231787	13.209573	14.816873	19.627411	27.646333	23.918277	26.357868	22.452779	26.851017	10.621382	28.213177	24.363501	24.294867	27.735084	18.454716	18.094638	23.080626	23.576349	18.619126	26.083803	23.545070	21.682348	27.398463	26.814389	25.142183	16.097609	27.995277	26.951940	27.696594	27.112334	16.418252	21.788336	28.031916	7.013891	18.836475	16.570626	18.091013	25.855944	20.422599	25.883133	22.604772
24.189617	26.783489	25.348812	28.179145	25.843476	27.915946	28.196587	20.541931	23.112556	26.732069	23.494708	25.690715	19.939732	24.782764	23.037063	26.468624	25.488430	25.628888	24.767298	26.612535	26.650712	17.750847	22.772298	22.537121	26.074211	19.153293	25.900728	26.770563	25.761331	21.865535	17.886903	27.750856	18.898960	24.677089	25.650042	25.978943	25.786094	23.237502	26.713544	16.149991	22.593691	20.716327	15.289016	25.508482	17.324000	20.718713	22.274720	18.348385	25.237474	20.077151	24.910073	26.778668	26.120310	21.053852	9.271983	17.902362	27.233316	23.894116	22.376895	26.865176	25.457816	16.044351
21.526666	24.389966	23.884839	24.108166	17.995050	27.693353	23.374110	24.143602	23.061647	13.079931	25.777903	15.212297	28.134317	21.724402	25.672780	26.212039	25.185312	21.076907	18.296365	25.576694	26.074333	27.929332	15.903453	18.640503	22.693477	27.394890	22.567054	17.782573	27.765073	10.821763	20.283962	25.821308	19.705734	28.219500	17.988959	25.026349	27.253301	14.549514	21.406041	28.173056	9.120089	23.672194	25.966274	15.976335	25.933952	20.101435	24.190444	20.448632	18.975254	27.767268	25.740824	27.901908	28.090654	25.099619	17.605149	23.314692	25.040042	22.006100	20.825208	11.894236	19.613275	27.906588
26.138769	28.201604	26.428799	28.051803	26.080349	28.163311	25.509417	22.655052	11.822124	25.491488	23.991428	8.997862	27.514240	18.447240	21.504537	27.001163	28.196944	21.491872	11.104449	20.462997	24.155353	21.512040	7.926160	23.177177	27.193355	19.273011	19.496764	19.963960	22.726497	27.216811	23.031061	27.880565	27.945822	10.287368	15.450985	19.953890	25.757892	18.468512	21.953780	18.649405	12.863384	27.716835	17.017376	25.236454	24.699862	28.164649	17.024813	26.898340	22.228935	9.093804	17.170209	21.080029	27.564048	26.826867	25.710165	27.981516	17.716610	26.780682	27.814100	21.998055	18.017404	28.063451
27.708624	21.053739	20.494071	13.899835	19.588033	18.824103	25.075400	20.404974	9.295458	26.590332	21.741315	21.365737	16.327097	15.944935	27.187548	23.801316	27.929087	24.393089	24.219254	26.476761	28.122079	25.049937	21.135589	22.237692	23.693053	26.226210	14.709578	25.733483	14.855530	23.649264	16.325258	28.189035	15.123870	14.319064	28.125941	16.292024	24.800246	21.373891	15.843980	23.856945	28.080875	25.262275	25.623690	24.507630	24.442204	26.812889	25.607514	17.539536	13.307890	28.048142	19.850894	24.925401	25.700991	20.566119	21.480993	26.842986	16.292380	25.910751	27.360096	19.566172	27.553099	27.334180
24.104927	15.080952	25.279308	23.420344	25.221457	26.997777	18.140812	28.173173	27.088094	9.404220	22.172313	21.951025	23.957659	22.896220	23.201649	22.669908	14.421490	25.659070	28.078624	17.575121	25.589015	17.129997	22.441110	16.883031	25.641237	23.171668	26.729854	14.677956	12.569882	23.371554	19.397069	27.313843	24.932571	26.529778	20.243509	25.804633	21.960769	27.440925	26.687610	25.503325	22.295648	14.907372	24.459859	26.920320	12.876026	28.021894	19.326976	20.926870	24.795756	21.551380	27.387394	26.897245	27.807655	26.489266	27.142886	10.417299	9.506791	21.156038	24.132351	10.205338	21.214612	23.498021
25.385100	22.067504	26.606058	18.275460	17.267281	18.507994	22.578658	15.599151	23.007178	13.700545	27.613387	17.763545	24.688617	24.207427	28.115068	26.603464	25.628320	21.961093	27.479482	26.590578	18.141799	21.538780	27.176244	13.455730	24.718342	18.719290	25.769969	16.117307	27.565752	27.917775	24.783636	25.357279	27.447440	12.044864	26.882184	21.968287	27.026670	25.759536	25.277382	19.410674	11.811754	23.701365	25.200668	27.075277	23.231652	24.413764	21.482096	27.595737	20.225484	12.660056	24.311091	26.893617	24.187616	27.540497	20.608527	28.121942	28.155229	24.225884	25.812937	24.838666	22.648152	21.040654
13.790269	20.938762	27.163678	25.515716	22.687215	23.845090	25.725944	14.869439	28.117045	19.390121	28.168470	26.761552	18.216197	27.967964	25.529039	24.774386	21.489580	27.757187	15.600430	27.314348	15.016259	26.066701	25.663224	26.218654	13.159765	21.621662	23.468631	23.263390	21.579355	28.024371	27.842138	22.845171	25.963026	15.906355	18.222086	14.704070	21.127626	20.951634	27.319527	14.982678	8.777852	23.915350	16.424709	15.334616	27.415397	25.462250	27.289423	10.489612	21.586976	25.597397	25.814283	25.605119	28.043924	26.873740	27.240238	22.121450	16.416340	28.032797	12.526865	24.311401	25.830299	27.174493
22.023053	27.260527	18.164635	26.568932	25.304597	17.163114	26.177804	8.632654	21.787226	26.408992	20.512963	27.990966	25.245872	27.063203	17.035599	22.265383	27.197062	17.782008	27.416280	10.539062	18.238654	25.735281	20.065046	20.496417	26.328775	27.861840	12.511165	21.823094	26.899278	21.272240	27.462183	16.031516	27.935098	16.231452	26.850114	24.697591	26.950500	18.719538	19.774797	14.087175	27.864389	28.186299	24.460012	27.326867	26.339012	19.171019	21.574833	24.212584	26.833156	13.996351	26.943661	17.668781	27.073783	27.566006	24.718009	24.167841	26.367790	12.705256	12.727176	27.748992	23.761385	24.861239
16.039312	20.595005	15.620672	12.709225	25.016204	23.876673	27.922699	27.311089	23.945699	14.888802	24.013942	21.938509	21.664347	17.650205	20.568566	18.575477	19.786852	27.733977	13.410613	27.169367	23.414032	27.881330	17.598164	18.605494	26.370099	23.270856	11.929935	26.810972	13.403078	27.973539	27.995847	14.540755	19.258212	25.623385	17.389838	13.586945	20.437646	27.521546	12.708358	10.821848	20.090574	25.438529	26.768731	18.128596	26.439653	16.985909	21.217708	22.313535	21.483871	23.290252	28.090208	26.604118	26.776702	21.731649	26.023370	15.654075	28.144434	27.510246	24.846541	9.148219	27.672183	9.968534
27.766412	18.009843	25.554385	19.589183	8.232509	26.889546	26.367593	25.520639	24.170045	17.836825	26.998378	27.404922	26.063398	16.024537	26.991227	25.877081	20.430169	13.902552	27.533553	21.148874	24.757506	21.684507	27.727166	25.184072	12.076730	21.137496	22.138348	12.206113	18.912626	21.774049	26.617977	20.460257	27.672019	27.094216	21.409038	25.826919	23.526278	24.891103	23.335915	21.483321	25.837700	25.203810	20.815025	24.471203	24.885413	28.126766	26.504421	15.919976	23.103080	26.986631	14.178043	18.087167	18.551160	22.973444	16.315610	23.641750	16.513105	21.240019	12.806274	20.937332	25.408040	7.408595
21.156657	25.828268	18.778202	18.427071	24.897147	14.573085	27.833947	27.410574	25.762771	18.000823	14.926399	21.490738	21.080493	21.016674	25.382423	17.791032	19.222264	20.736674	14.371366	28.179650	20.945640	21.791099	9.318788	19.457864	26.984471	17.145635	24.831079	19.565636	26.703696	17.136331	22.392790	26.450396	25.124977	27.799747	15.773715	18.461003	16.728519	19.205434	18.533003	27.403384	25.997651	24.903216	17.097707	23.737739	26.618572	10.924836	27.329524	20.687824	25.302546	18.759045	27.342352	17.419402	14.629624	25.744369	11.499360	21.925968	27.311951	24.885184	23.964958	12.414168	22.424413	19.473098
28.072372	23.583505	21.517462	24.326123	12.472073	26.127044	23.968044	28.023815	19.648354	17.527089	16.849156	27.062822	23.063116	26.906719	27.413780	28.085013	22.910470	26.373696	17.480952	19.548406	24.791693	24.426141	21.705170	26.870138	18.592128	24.336282	26.807636	21.956702	18.415998	27.362867	22.002800	15.618964	18.398080	28.164181	23.229677	25.780740	18.930725	27.715797	9.802981	16.331084	24.909548	16.855171	24.059206	20.817134	26.712365	24.122309	27.159916	26.216116	25.831993	27.946668	25.369136	24.786956	25.944855	12.907964	19.998825	23.531420	22.883537	20.178045	19.193377	16.820310	26.233216	20.842424
19.697017	22.406712	26.019682	27.506160	27.363119	26.118157	24.718179	28.175392	24.123558	26.921367	27.639208	19.790553	20.285169	22.323809	26.496683	16.133561	13.608859	26.947238	27.208218	18.901682	23.560245	26.529164	22.636676	18.178783	8.362549	27.165160	27.273116	28.033755	21.492340	27.070619	17.213855	21.303822	17.949317	27.362537	25.795977	23.784704	14.838212	27.101745	17.617044	22.742224	17.615522	26.501880	24.623659	19.047933	19.573379	27.918238	24.814141	22.268840	28.083920	28.026288	25.900746	26.440304	28.092760	23.859664	15.377808	12.274372	8.183200	18.581774	28.166787	27.188270	21.525629	24.665004
14.058069	22.774077	22.530556	19.802364	26.047250	17.696937	25.747378	23.934517	18.783345	25.326088	18.707458	23.222839	22.916812	23.044837	22.583991	19.337612	26.117717	22.272832	24.498881	25.817032	23.460621	27.650706	24.626117	28.075603	26.376045	28.078131	27.775858	21.101399	23.051076	26.731801	11.744043	25.963672	7.718288	26.547522	15.948254	24.201109	27.135632	16.138238	18.522947	26.963509	15.417239	27.768183	27.214543	23.064842	26.164882	27.567104	22.289847	27.804207	24.054347	26.697101	26.101519	9.297987	19.233817	27.383911	26.961668	26.618168	24.727053	18.991863	22.913828	26.690805	21.216693	20.766156
27.306031	24.531811	27.536537	17.761063	19.516953	22.799686	28.030266	27.588014	25.509655	14.033219	25.290148	24.424052	27.439882	26.639246	23.754490	25.021427	18.514169	23.042595	24.980686	26.176639	23.011587	19.610645	28.038144	26.115343	23.161959	14.075712	19.848522	21.458884	26.311033	21.976401	20.161611	28.156378	19.921644	13.923934	25.820056	18.911160	28.034483	27.930970	24.188397	26.639809	15.756766	28.157636	21.991035	16.421917	16.839252	20.909519	27.647718	16.732836	25.430749	13.352926	18.732641	27.258010	19.735258	27.436802	19.243093	24.901689	15.094923	27.113670	18.338371	12.589178	27.193906	21.379475
21.784857	17.100969	11.234234	24.835224	14.516741	19.198430	16.670121	22.141159	20.653620	23.645186	23.873858	22.816082	26.423088	16.597942	17.706068	16.205749	25.873408	25.277408	27.550047	27.589070	27.089790	15.707087	17.282477	27.863902	25.471913	25.700129	25.922853	21.955827	12.579365	27.295603	16.507697	16.336544	27.794940	9.082256	26.515451	17.216103	27.310584	15.876908	27.753858	22.152272	16.893161	16.558101	20.800112	16.405084	28.127763	27.025673	27.527135	17.368933	25.810505	23.281146	27.375668	25.165609	26.921274	24.891141	17.514942	21.211070	19.080171	19.724952	26.121345	26.478376	27.273168	27.270254
27.497735	25.282567	21.952441	25.026084	16.538856	19.400549	27.117325	25.480034	27.856866	23.368288	26.196845	27.454534	23.906400	8.127192	24.936665	23.085700	17.776327	13.866046	23.806817	24.903051	25.906541	26.795697	25.571105	10.559729	25.441899	27.420597	12.979176	22.030890	25.079568	27.370831	26.241614	14.258422	22.083176	18.736784	25.035964	16.943290	25.306274	27.164296	27.072979	27.360977	28.088461	25.970227	13.587730	17.899032	12.405058	16.563242	21.340392	15.762995	24.410520	23.350656	25.133391	12.324721	24.037643	23.327645	24.840545	27.847929	25.814718	20.729701	24.133489	26.894363	27.722473	28.162948
12.385499	21.378613	27.071752	20.548444	24.599170	18.801036	26.877288	10.631715	15.491029	28.143093	14.269276	24.167249	10.546888	26.577969	27.814059	13.875163	28.142213	21.842307	9.845218	28.188509	17.996355	24.812921	15.408374	24.925192	15.555666	22.545144	26.673720	23.115293	13.456445	27.195428	27.083377	17.373113	27.879546	20.044645	27.910272	19.689904	24.563808	26.337853	20.993073	27.176784	25.960642	19.863394	26.876077	11.531531	25.272532	27.897491	24.163669	17.302386	15.344072	28.070333	24.750518	24.317391	16.811692	15.558722	14.969411	25.064589	26.822423	24.234358	26.372165	25.780426	25.293910	24.687943
24.112790	27.714390	16.451401	18.272323	22.149296	27.694300	14.945699	15.323808	21.897073	20.279557	11.093928	21.124925	26.627153	19.734473	12.721875	23.677484	15.989652	22.722145	25.045721	26.036835	25.189251	27.937359	16.756159	25.746721	26.008378	23.865856	19.306985	26.046421	13.771404	25.424129	22.719704	25.686690	17.209226	22.724711	10.591895	26.958771	12.261407	23.967155	25.576886	26.282720	22.534666	19.147479	23.655285	23.698207	27.980242	22.004588	28.048595	25.969194	25.755326	28.000791	26.305190	24.096747	26.172338	24.767179	24.814852	12.156551	18.408012	15.811968	26.629803	26.600251	22.477752	12.788889
23.112882	23.471652	25.056929	21.671614	27.930049	26.118456	18.990761	26.938934	20.878845	24.201736	24.990873	21.851287	25.719947	7.445875	19.233628	19.095321	21.781144	27.019213	26.785552	15.970430	26.392967	26.765912	27.732021	24.370702	27.270971	26.038400	23.167402	24.764521	17.514706	18.667609	28.098847	24.974454	25.588977	15.584344	17.716008	17.253263	24.120551	26.141346	27.869404	19.717114	27.420202	27.066512	28.009806	26.426478	26.905256	10.262157	12.832881	27.364523	21.695401	28.031769	27.626205	23.576922	23.353838	27.184187	24.710347	21.407501	21.014645	12.550528	9.555935	19.853058	24.684524	8.118556
21.515500	24.818229	27.720591	12.285044	21.243870	21.481551	26.739596	24.070464	25.004400	20.514704	20.131330	27.451074	26.906208	18.103217	15.481456	19.612649	24.521782	26.383961	25.777366	27.894637	28.093678	28.186026	28.127919	24.166163	27.873019	21.639108	26.564741	25.534438	25.311412	16.512882	24.471964	18.405206	25.498398	23.602891	26.263125	24.417158	19.419380	25.194356	22.896306	20.895339	27.118783	15.133347	22.692875	16.353971	18.080008	17.808211	25.661013	24.996293	23.663379	23.411185	18.420754	26.906619	22.478856	26.589034	19.744177	18.459411	17.984207	15.825026	13.802981	13.418727	27.273801	25.916875
24.724362	10.920049	20.256506	17.285917	20.752054	10.267689	9.986102	22.520356	28.064276	27.748620	25.583864	22.504983	25.114269	27.714623	26.850378	27.345869	24.981318	22.907631	25.135318	26.540466	28.119623	27.218152	24.254427	27.786929	23.913738	26.697167	27.999794	28.050796	23.451449	23.273814	23.341609	23.520651	27.562430	23.562885	27.325692	27.337030	26.791684	25.379582	9.405898	25.680974	24.047108	25.311400	25.786015	26.984388	25.207105	13.463322	27.841214	24.816752	19.801166	23.864157	27.208624	22.953852	16.077786	23.569144	26.543787	21.912537	25.935518	20.726117	26.087730	26.561310	17.606592	27.273342
28.093748	23.345033	26.063038	23.048054	17.044467	27.067631	26.787352	25.261250	16.025864	21.915603	28.057526	14.108300	27.416741	19.622927	13.031008	22.774764	21.272768	24.839875	25.438691	25.663140	14.119959	24.598025	24.720157	27.186615	25.312252	25.173597	12.625496	24.539874	21.424129	22.640698	28.114273	16.335032	26.733680	22.332778	16.465396	19.658145	20.447421	24.738050	28.140205	24.545995	11.268928	11.505556	15.548097	28.021136	19.877540	26.283892	21.566112	24.158210	25.460915	12.531167	19.473931	18.539919	26.099150	25.684475	26.513209	18.751755	27.527959	19.317971	12.302975	22.073555	16.187560	26.976467
26.912436	24.561396	17.872241	21.533445	14.783409	14.690046	24.198431	27.641387	15.795049	18.907131	22.810858	28.159858	16.373872	27.912252	11.691927	16.419209	26.618694	24.872730	27.367558	27.309623	24.653700	27.455935	26.538645	17.062105	19.244127	23.300918	9.103718	27.409850	27.332371	17.847177	15.385141	24.657244	27.323446	28.085099	25.138007	16.162357	24.429811	22.197937	15.565695	27.380260	23.182124	15.843606	24.539612	27.180806	26.704989	26.244262	25.847801	20.015061	25.771020	10.489644	24.333053	24.466321	27.874862	26.070348	19.196889	27.940704	21.321246	28.141143	22.946385	27.931098	15.247083	17.971367
27.287153	15.031656	27.692867	22.295790	26.414774	27.460260	25.489886	26.655949	17.807666	26.529174	17.684872	28.168412	24.465001	26.769169	21.440337	25.093383	6.481270	26.889474	19.043233	14.698900	27.829484	28.126336	21.469894	22.710331	16.720218	12.448913	25.382916	24.751393	13.478307	24.001694	27.773919	19.554522	24.551521	19.382296	13.736461	8.500036	19.596819	22.981888	13.214820	25.436703	25.562541	27.680789	22.029662	18.758739	24.158512	10.072177	7.106040	24.616250	26.077038	26.482956	27.334348	18.246706	25.936520	24.621383	11.853643	25.121915	9.755466	22.261094	18.265891	25.922136	10.677191	28.027034
