16.668480	22.578524	14.313706	19.247436	18.030121	19.047764	20.415701	21.126881	22.204814	17.255441	21.576831	14.072334	20.543468	21.264159	6.909324	20.454693	19.767246	20.293028	21.976395	21.483801	13.920908	20.803399	20.829232	12.522452	15.656280	11.188945	20.905815	21.243352	17.823167	22.093061	18.081465	20.496665	13.588763	21.769428	20.614727	16.540986	21.206154	20.608690	17.832705	17.015951	15.408337	18.746197	15.794396	22.497087	20.105047	22.568926	16.358638	22.019430	19.124874	16.668533	21.108057	21.732803	22.625377	16.761317	15.563005	8.592749	10.440195	22.436887	11.541861	10.397612	19.930440	21.345674
21.119301	18.116862	18.270105	19.446487	18.132501	15.764198	19.528551	20.229071	20.104560	22.613549	15.107762	19.317866	20.242104	22.437071	5.498680	15.754023	18.547463	8.998287	20.052927	21.239819	7.249706	9.939784	17.414780	10.415937	18.935050	19.832123	8.311075	19.438051	18.894377	9.403623	22.349665	19.685975	20.861253	16.089233	10.703437	22.518931	18.997136	8.212144	17.852497	21.182242	12.410298	20.304963	20.307427	15.582444	19.821304	18.728788	22.483482	13.278573	18.016003	19.656785	19.459127	16.945691	18.792056	21.934405	11.395889	22.418385	21.898992	18.465072	21.037754	21.057323	13.095715	22.603415
18.152477	16.513653	22.605439	21.626507	18.461455	8.980261	20.150578	22.429422	17.680215	22.044176	17.729438	20.928262	16.316780	14.577979	14.605780	12.329026	19.307169	17.286646	17.562438	17.400790	22.209713	18.013738	21.194249	17.415481	14.963744	21.099346	21.411376	21.915671	21.500889	21.654953	17.662058	13.144103	22.152253	17.442155	19.030137	21.209440	16.033042	21.337248	22.285702	21.845085	9.381026	22.604605	12.635842	13.218642	22.614823	15.546033	22.588992	22.427053	22.514789	21.556944	20.000637	17.088324	18.435872	14.246984	10.262359	22.396541	16.264481	17.252181	14.887581	22.360445	22.251731	22.148629
22.626047	12.589466	20.833155	22.614205	10.253296	19.196287	21.458691	14.852300	19.135520	20.026983	13.274395	19.736295	19.171769	18.364596	9.460667	22.163043	16.997581	22.004796	20.905568	22.236537	21.490532	12.286180	20.369928	20.678400	19.511707	17.832627	18.386970	13.112884	17.367481	22.308214	21.545258	18.453180	14.568377	21.614508	19.545818	19.450717	21.636084	19.478662	22.155320	22.427732	12.407343	21.676703	22.284491	15.192374	21.688616	19.898548	18.019400	9.749271	21.622634	16.366310	19.966415	9.994168	7.670864	18.368371	16.958931	17.169363	18.366896	22.612163	17.433350	19.856085	14.641236	18.106714
22.569607	21.123648	20.080403	21.667943	22.296805	21.737351	16.008339	22.105264	18.956701	12.843540	20.923838	19.115814	17.581451	22.481873	15.629469	22.305421	19.072519	22.034554	13.463126	14.270234	21.659723	19.266084	22.375316	20.218782	10.808860	19.291247	9.798899	16.245055	14.573466	19.139747	21.194789	15.746633	18.097962	20.995461	22.470753	19.806162	9.901891	22.179289	17.221737	19.114452	21.687318	11.304595	9.512098	17.522849	22.285809	19.368388	10.053600	19.603516	22.507832	15.096881	22.371927	12.828770	17.925048	20.702897	15.889712	22.357885	18.785602	9.366353	11.138691	10.377326	20.854736	14.977492
12.672510	16.722588	9.578766	22.566249	18.324757	15.695675	21.236185	6.910021	21.704277	22.597935	15.835075	21.706832	13.888945	18.742054	21.499763	19.130160	17.957117	10.972336	22.567583	13.631979	7.680018	17.598283	16.715511	18.940277	22.585925	14.627540	15.769338	22.177753	12.872290	20.139010	19.181180	18.640662	16.948303	20.834119	14.514665	22.339973	18.925264	20.669723	21.816943	17.168615	18.341000	20.213910	22.075492	18.189575	8.589827	18.580305	20.527757	21.941613	15.457579	15.043386	21.742785	14.316626	17.021593	14.878099	20.599478	21.558374	11.960029	20.536746	19.735233	16.267224	19.350324	10.922020
18.679067	21.122632	16.530139	13.985138	19.165023	18.199867	19.818812	19.207246	15.771287	18.208947	14.053891	22.203703	7.877755	18.770382	20.478851	20.374596	20.228017	20.137676	21.193022	18.127770	21.472306	18.543991	16.720803	19.582183	20.814571	21.154818	22.009673	18.690653	12.937082	15.325400	15.313518	17.566150	18.935009	17.887948	21.615076	19.943495	14.818349	19.366645	19.774443	22.344272	22.436129	22.187391	17.090661	21.863526	18.707820	18.992898	15.965215	18.152609	21.835185	21.570209	20.629611	17.907295	22.200804	22.110754	18.888111	18.939405	20.671028	14.884438	22.364999	18.517301	12.701522	21.946303
22.622591	14.738888	19.420920	15.103930	22.592043	17.346125	22.096769	22.330660	22.140302	17.276110	13.212618	20.267263	21.374015	18.046241	16.613072	11.638878	22.486047	12.246165	15.040314	21.517384	15.589777	12.116753	18.654294	21.026804	21.834565	19.853520	20.421039	17.807934	19.651011	14.594671	20.003554	22.265171	20.673611	21.053863	19.688097	22.595785	15.438358	15.107503	19.005119	10.969551	9.499864	19.113796	22.461423	9.984044	22.531912	21.424744	22.219906	17.758537	16.428664	19.079216	20.511076	9.291658	20.801088	16.380191	9.493651	21.592416	19.835900	22.491685	16.893362	17.809937	22.109757	21.439668
15.986834	18.299363	8.148175	16.992595	19.527569	22.166800	18.458233	14.945563	16.786868	22.094459	17.271684	20.930388	22.528564	6.489542	21.626508	22.262945	20.006251	16.636533	21.422918	19.836132	21.715129	21.991872	14.640991	20.981527	22.103447	12.432193	19.163201	21.290786	16.364349	20.575723	22.615031	11.810166	12.394945	11.329788	5.081426	17.244363	22.145883	10.827019	20.151191	21.854924	17.663503	19.276614	18.459610	9.186048	22.107490	19.677576	20.096875	21.990864	8.819792	12.925606	21.034351	16.767491	15.492087	22.166223	22.052191	13.907307	21.739709	14.009365	22.176913	22.352516	21.570019	21.999814
21.382560	20.423969	22.354756	19.849130	9.955708	15.682656	22.488212	16.593779	10.412455	20.804624	15.812089	22.552781	22.032422	19.808855	21.340843	16.145740	12.755263	12.795856	9.872989	11.770200	16.601664	20.555365	12.712851	13.397415	14.322278	20.832355	16.884526	16.067218	13.915928	19.430839	22.431448	15.583118	22.573779	19.116223	15.993219	21.331703	19.311407	14.823793	21.166125	20.887003	14.902297	17.449202	21.724072	12.863579	17.245763	18.547091	15.871315	21.825312	10.313789	19.490020	17.254032	18.575004	19.985457	22.471751	10.490378	21.696156	13.364499	22.331930	20.924069	20.448493	21.662284	15.394240
20.706002	22.511280	19.915494	22.068640	16.134202	20.505913	15.648074	18.598285	14.081763	20.832197	14.622418	20.370204	20.146631	19.649575	15.305361	15.163374	17.206474	22.597362	20.647511	20.319672	20.850422	22.109564	15.983676	21.175553	11.529903	22.224490	19.321401	11.120785	21.651184	11.154297	16.835543	20.995626	14.290798	22.343265	21.959865	21.923257	17.767841	19.511376	8.414747	19.247350	15.061464	22.044318	19.539114	18.258526	13.611977	20.024504	22.547596	22.430973	20.205675	22.500011	22.501989	18.972000	17.708186	22.296958	13.019523	16.447409	17.786067	19.981547	10.300206	10.532595	18.533489	20.371356
20.972336	16.863786	21.945522	20.764131	17.474861	22.067511	21.702059	20.646050	22.608405	11.777731	20.241808	11.174624	21.304661	22.569915	22.112928	11.071067	21.764459	20.662242	18.484389	8.409397	19.320700	20.150652	18.000512	21.378890	17.226961	16.821628	21.920255	17.551718	22.224022	12.700236	12.658963	15.675799	20.069225	22.007952	22.343806	21.226731	20.415497	18.068811	17.978698	14.637688	19.493231	20.409839	17.547458	19.995283	8.336224	18.070082	22.626477	19.471111	22.294580	20.801457	21.316843	10.722423	21.663368	21.597604	18.307934	14.771320	15.085725	19.262946	10.357564	22.505071	17.857748	15.409786
21.827986	17.868999	18.141147	11.993362	19.708376	22.511668	17.394841	22.355593	19.321890	20.127704	22.544020	22.110948	21.817103	13.151621	22.416409	21.268626	21.626620	19.194915	22.566540	14.642912	18.281708	5.458013	19.022841	21.414207	19.118048	22.350881	22.030435	16.307879	20.100218	18.728125	20.896656	9.415560	20.003774	21.598403	21.191599	21.156123	8.933118	18.357820	20.615234	18.280281	11.704351	21.481023	21.629550	20.336728	7.448743	20.223691	20.017006	21.039543	16.679675	14.458630	22.132937	20.893935	21.176885	22.152346	22.322507	17.443574	19.442930	6.370403	14.858921	12.501349	19.500686	21.994486
16.306859	21.858938	21.687462	20.476788	21.738373	22.087559	20.552282	19.542427	21.055324	8.780466	17.705312	19.407531	20.683281	18.265659	21.240795	5.129230	22.550214	15.905536	17.636136	21.837335	21.571632	22.362967	21.931165	20.392502	13.320616	20.476026	15.860046	19.515354	11.491024	22.172003	22.043107	15.549561	13.196863	18.329029	20.431604	18.981985	13.028656	21.543703	19.104669	21.388368	20.933282	21.459495	16.044132	20.385241	17.600648	17.124468	21.546046	18.632640	8.563229	17.177677	16.410657	6.092115	14.325896	20.257871	18.047556	20.684410	22.275371	20.965826	15.325001	22.135840	18.867786	21.843947
22.038615	17.596417	19.403654	22.427389	21.121727	22.268077	17.285504	21.984051	18.877112	16.690110	19.114942	11.593532	17.084506	9.812151	20.748230	22.434429	21.227281	21.258173	20.584734	18.177527	13.578658	8.057415	9.758536	18.947136	20.954060	21.330892	20.026373	20.655838	17.366824	21.597900	12.256729	21.804697	15.345262	19.207304	8.937348	17.299931	15.949377	19.188258	22.116581	19.753513	20.239118	12.097178	18.585417	20.462769	22.283515	17.491022	18.724713	16.370802	21.551160	21.060808	16.236726	14.725627	16.105860	14.188739	22.105417	20.769051	20.640075	14.447858	20.483334	22.625711	22.309106	18.135106
19.523759	12.780583	19.448436	18.081190	20.584655	19.034405	16.270810	14.903473	13.683977	22.571984	22.006875	20.673560	22.564840	20.731096	16.943810	17.883524	22.582557	21.746199	18.072889	22.029767	19.389511	15.920864	16.527355	19.675180	18.573304	22.164463	11.738122	18.270754	22.339011	21.782091	21.088803	19.418873	12.438380	16.746260	21.683764	21.863872	12.115271	15.133000	13.192069	22.508940	20.393709	17.928852	11.917174	22.331798	22.472374	15.819797	19.199427	17.124699	13.964001	17.664984	21.040659	20.026603	21.858285	17.395709	22.574654	22.517895	22.524289	20.567395	13.926776	11.060856	22.439882	17.628077
22.313148	16.627048	22.052899	19.749804	22.080792	22.453920	10.965908	21.838395	20.049038	15.847927	10.443331	18.619970	14.854347	16.922344	21.175924	14.320777	17.838026	15.263442	14.523665	15.427948	18.222259	18.438342	18.814000	9.010523	21.000684	8.079716	12.521080	13.997229	21.694980	20.403446	21.081036	22.188093	14.721439	19.927844	10.278073	22.202303	22.317721	19.944888	12.727667	17.241503	20.521573	19.046085	19.117585	21.400489	21.105417	22.096245	20.206437	22.360135	18.004257	7.748365	19.282604	21.274272	22.005862	13.817016	21.451082	16.011604	21.274928	19.617501	20.617542	20.472973	15.081257	7.204391
11.669677	20.905898	18.438175	19.716480	22.441678	20.766326	22.324820	15.355778	9.529054	21.201281	14.188213	9.143798	13.149673	15.590643	22.599668	18.008762	16.982381	18.291499	20.634213	10.161318	22.369653	14.626044	19.108410	21.800066	22.073010	21.968568	17.053143	14.686610	18.929770	12.849025	22.238026	20.045287	21.986392	22.074034	14.943769	14.661376	22.571298	21.546353	20.857132	19.046718	14.569322	20.555895	19.886255	22.621997	16.990857	22.620828	15.779922	17.691014	12.589975	18.751147	22.167535	18.885822	13.171606	22.151275	19.090248	13.552634	11.522080	19.348028	18.565401	22.448405	16.161635	22.474330
16.574362	21.655669	19.801117	17.364844	22.115153	17.798154	21.301826	10.185326	20.418105	22.623511	9.057625	18.162951	21.903870	21.082007	18.673281	6.751803	14.538793	10.315279	9.367505	13.751844	19.837392	10.503604	22.497395	19.973974	13.466702	20.835596	22.427307	21.575427	22.199854	15.445148	18.663736	20.966769	15.602539	22.103515	21.809062	21.047961	18.249112	21.745045	11.494819	22.382105	17.211905	19.477146	10.973754	22.480204	22.572434	20.114928	19.394818	20.972584	19.333032	17.639796	18.386719	22.059664	21.546912	13.298274	17.123402	22.527009	22.171953	20.791389	19.398121	15.033012	21.756943	20.736613
19.076834	21.343850	21.341602	16.200009	12.332931	11.531876	17.423961	22.359374	20.051574	17.315868	17.220246	5.685334	12.375710	21.939370	19.967021	12.540566	22.394846	16.381343	19.026137	20.032911	10.491916	11.194879	13.361462	14.901753	21.854527	21.117945	17.902663	20.890547	22.123031	10.909660	15.693651	20.980438	19.938149	22.446485	13.380677	20.416111	21.873317	18.361955	20.770723	11.844076	19.592363	16.243322	20.621648	19.053381	22.500778	22.629820	19.265868	20.481897	11.054274	18.301548	22.579805	10.660911	17.293066	9.786255	18.104214	11.978899	19.225447	22.315957	17.319873	20.077460	15.608568	13.501390
22.514149	21.643641	22.455489	20.406131	20.543322	22.096188	21.911390	12.538684	19.974818	21.391982	16.596933	19.865599	16.607765	22.623416	16.287596	20.965318	20.206644	12.417587	22.507114	22.500989	22.241492	21.326098	11.871427	15.562098	20.594525	14.609904	20.577890	15.948873	15.442102	20.016714	11.323482	14.908930	22.378542	18.669495	22.537405	21.655605	21.613685	21.394824	16.634427	20.199915	16.871030	17.461191	18.749681	17.178237	12.458513	13.388645	22.223625	18.424640	15.734831	12.450408	22.344173	22.074734	22.616494	20.586650	12.555483	9.913702	14.209695	17.101023	21.426335	13.019980	14.834721	20.988824
20.214995	9.929765	22.314738	17.463382	21.609708	21.892068	22.002235	12.166582	21.485237	21.876466	19.969521	18.504604	19.659150	9.401337	8.905121	18.197850	22.614247	17.073256	5.424386	14.032955	22.076089	21.559568	8.913392	17.211143	20.287544	8.537396	13.948895	22.398735	17.302721	18.970498	16.975246	10.750175	17.655120	16.029463	20.493173	12.312303	22.119636	22.396498	7.062505	20.971908	20.871326	9.356209	20.080718	16.902586	17.632364	21.646814	20.743624	17.100006	19.735430	21.561401	16.382677	16.194040	20.503414	17.835356	19.085116	17.815892	21.362769	19.071362	15.054718	14.866191	12.000487	18.483366
21.914694	20.590494	22.544699	17.738520	22.504517	18.548045	12.224444	16.398901	21.233161	15.338691	15.079410	19.662746	22.257700	19.417506	19.009431	12.291657	12.844110	20.630420	17.305913	21.084598	22.346789	21.965374	15.109534	21.897206	9.025321	21.306462	19.229701	20.914850	16.519920	14.365304	20.181586	21.385970	10.805780	22.101358	22.527428	15.206111	22.515460	21.822615	20.920023	18.534990	17.177892	17.630129	16.036143	21.473413	20.772749	18.268281	15.854738	18.763080	21.826993	20.033132	21.355581	19.579190	13.946102	21.205612	17.948416	22.531619	19.098533	19.887450	22.511558	20.772693	19.755962	17.267297
18.808999	17.996108	22.400751	21.137526	13.382302	13.217575	19.383004	17.074634	17.277834	21.927157	22.586547	16.501744	15.933661	10.149254	22.099818	19.205307	21.351846	21.464905	17.833797	16.664011	21.170113	12.902955	21.987468	21.041538	19.672554	22.617820	18.591546	22.302695	15.450318	19.103792	18.766131	18.171022	15.141867	22.002497	21.597427	21.360825	21.521948	19.910603	22.399593	19.104333	21.884061	18.642093	21.647927	17.282949	21.552132	19.020708	21.393643	18.878069	22.492448	15.275097	20.852864	21.473296	21.790581	13.062336	17.246617	12.393796	20.425619	18.149250	17.990104	22.430834	16.839714	12.220319
21.238395	20.243036	17.905666	14.969854	19.222940	21.596994	19.322657	14.103880	19.079201	21.450165	22.228381	19.996041	7.721010	22.183434	11.157064	21.697594	14.300604	18.190168	8.630798	19.911503	17.078533	17.805522	14.256663	16.092443	8.203831	22.381599	19.768304	14.803830	16.313243	11.638474	13.900189	21.507814	9.071792	16.148108	7.936525	18.979961	20.178732	20.203341	19.812947	22.206177	14.399361	12.354075	16.190426	22.125014	22.587243	14.167123	20.160502	18.424390	22.388148	22.250260	20.209246	20.879379	17.244554	18.569958	22.486979	21.515538	22.562553	22.566711	21.543347	20.616397	19.578812	15.936903
19.346173	14.181236	18.759544	20.558229	17.532175	20.860910	10.632479	13.431415	19.358285	17.222842	22.531909	16.163211	21.090770	17.630591	16.764772	21.792818	21.101858	18.886526	20.583579	17.865917	20.007058	22.118030	7.387088	21.863645	20.938931	14.291446	20.081811	19.232147	13.300787	18.987074	22.223359	19.340926	16.287121	17.245480	22.623582	19.433355	20.900488	21.625028	15.188687	22.209845	18.575972	13.329246	18.491408	19.351319	22.325187	20.061343	19.119540	21.583969	21.279678	22.597215	20.349664	16.961263	19.929531	22.627794	22.623964	17.871268	20.008238	21.078794	21.020455	13.801016	21.429019	22.487070
16.850450	17.188960	20.072917	18.466878	21.515565	15.441687	21.233482	19.259967	22.572599	18.166585	15.671721	22.143063	21.317666	20.281724	18.701970	10.407377	19.372184	21.639045	16.616348	21.503361	19.842301	11.541344	16.237898	9.967897	15.244567	19.149023	18.663185	6.302335	22.046554	21.633365	22.571301	16.972775	18.326561	21.547161	20.886643	13.417017	19.554992	20.197401	14.309475	10.009811	19.169083	9.773062	22.497475	9.878441	20.968535	18.805158	21.830250	20.968767	16.650584	19.658612	21.705693	20.582212	21.656179	20.790896	14.579510	21.279403	20.641747	22.346271	11.298147	14.442653	10.150792	8.630285
21.700577	17.884797	15.728634	21.357220	22.516919	17.827568	22.161660	10.993879	20.133295	22.007969	18.349276	13.307566	20.971364	16.194521	17.937107	7.599985	19.148901	12.756683	19.996618	18.921619	20.925482	12.385984	15.817458	8.152939	21.998468	21.299158	20.624075	19.808192	13.132705	16.620327	6.556976	20.923617	19.731901	15.619030	10.388684	22.250465	22.047321	22.448197	21.105171	17.017946	18.341907	14.997160	22.102747	19.679481	21.052879	15.588767	20.066835	19.068951	18.058571	7.558461	15.831593	17.502659	19.875492	18.313772	21.441330	21.462916	7.076198	21.508091	14.172010	19.432279	21.247524	22.503168
22.235563	19.597017	11.529718	17.435791	21.787911	18.267045	17.459042	13.451071	22.469909	15.503595	19.514580	21.361213	22.466181	18.384036	22.017188	21.486841	18.696602	20.840355	21.333033	15.913164	16.383830	21.951430	15.301459	21.801920	19.624687	9.733107	18.141503	11.650016	21.577550	22.557356	17.413457	6.310556	15.450343	22.510445	21.339571	11.678657	21.765409	12.225627	21.696121	21.563994	13.406439	20.051019	17.350341	11.975530	22.433992	18.684202	22.310082	5.619961	18.553175	21.896040	22.077481	22.603239	22.193534	22.392249	18.453886	21.125007	13.998925	11.243613	15.745929	21.790170	21.449803	19.733291
22.611472	6.998652	16.428615	10.202308	22.489333	11.355067	21.255419	13.437980	22.150023	12.837423	22.619414	19.660687	16.393414	20.717753	14.310384	20.938720	22.611582	17.178315	21.439745	11.700534	11.726297	20.694008	20.151788	14.869339	22.471399	20.868033	18.842127	16.270821	22.432332	21.895104	21.960399	21.212620	8.641674	18.906209	21.936400	22.593674	18.430128	17.212867	20.033812	14.753491	18.100261	22.004701	21.250570	20.926679	22.343784	22.163550	18.767322	22.032917	22.518534	20.030083	14.572725	15.595061	22.619255	15.446498	18.019160	18.718922	7.787430	18.933748	19.724923	13.457049	10.533098	20.761275
18.641094	19.653280	19.382993	14.125984	21.496346	21.334668	20.257980	19.730125	13.656944	12.020314	9.737743	21.458392	17.419012	13.107024	8.072464	19.374648	21.933758	20.658796	20.114438	21.047018	21.154329	22.240181	18.687454	20.759947	21.598425	21.977017	20.772778	16.981135	11.369924	19.755064	11.470704	13.830074	14.211388	14.740625	12.919436	21.983506	17.513896	21.642846	18.649770	16.913201	22.458308	17.384806	20.983860	10.158908	14.927788	20.687284	16.754849	16.848093	22.151923	20.761431	12.273406	20.128049	13.774822	19.637538	22.108423	21.602245	21.915821	13.791977	18.239885	11.842303	8.808365	22.177007
11.004302	22.192093	11.916734	21.061907	20.540567	15.608658	16.232274	20.858447	21.639472	16.954473	20.283960	21.260147	19.010224	18.705134	9.689025	22.441575	22.018449	8.885582	22.157242	22.602039	22.411044	21.958489	19.981072	22.569288	21.621340	22.422215	22.562365	22.398284	21.485301	19.109302	18.978601	14.594132	22.314223	10.006670	22.604933	21.402637	12.740254	12.396759	21.397698	22.041604	10.826558	13.346288	20.980004	22.021681	22.502868	21.326730	13.646315	17.441190	7.278546	10.204340	20.845648	19.623161	19.555351	20.346261	13.607956	21.217793	18.558784	19.658835	21.740759	22.602991	7.237521	11.977866
16.466060	19.828918	19.017946	17.822019	11.407265	15.784412	15.132171	20.110317	20.308134	19.372128	21.821335	22.498971	20.122406	21.387280	22.131682	20.166838	18.819790	22.269126	14.171320	15.532876	22.468338	15.285057	22.555338	14.886875	19.387535	12.660039	19.049266	10.118317	11.196247	16.500593	17.506650	10.589651	21.271456	20.167162	18.830737	20.557649	20.238566	20.792757	12.942013	19.265541	19.390814	21.710020	16.924521	17.848470	20.523749	20.444933	9.811383	16.167993	22.315703	20.045358	20.689146	22.367640	11.782530	14.201868	21.194201	20.196990	6.666423	19.822798	22.384108	22.087017	18.472864	20.950973
16.769884	20.659974	18.928780	20.917846	7.018215	13.228155	15.397024	21.845086	14.866846	15.958325	15.859551	15.662328	21.143925	20.394194	13.976576	18.263747	14.475994	10.818378	22.235413	15.149887	20.545853	16.080806	12.046219	21.777190	22.458317	21.120954	19.330064	14.118833	12.268817	16.123189	20.291805	22.279850	22.462326	21.597733	18.860095	10.745077	19.041059	15.197014	21.240780	19.693736	12.507306	20.693189	11.867130	22.565165	22.350395	16.536210	22.207106	16.339678	14.551175	11.779125	14.685530	18.339394	20.669504	19.066317	21.046655	16.933017	21.939584	14.425762	15.209273	18.856409	22.503076	9.216333
22.154352	19.391647	21.969581	17.537105	21.309615	21.167384	12.805912	19.877157	21.653004	21.585033	13.085277	20.032065	8.653037	16.708962	19.203376	21.954364	21.842828	20.222699	16.531637	19.557862	15.123533	19.950945	21.348947	16.294196	21.621726	19.665490	17.287663	10.786804	17.615905	16.170324	19.360170	20.445796	15.788783	20.509377	21.260400	16.136166	22.320652	21.450446	16.867281	21.010174	19.828837	14.340233	11.628306	13.284160	20.269602	17.407247	19.952369	11.321914	16.241324	9.997860	18.452102	17.180732	20.934981	18.745619	14.701161	10.946398	14.248712	17.390996	18.393525	21.275330	11.766131	18.544276
22.365269	20.314167	20.231375	7.879228	8.709512	14.986352	19.108835	14.960810	19.696505	21.691724	20.665983	20.855555	21.477845	19.301432	20.789333	14.862332	19.442862	13.168331	19.219207	22.621592	20.883891	22.403064	21.032801	22.521569	18.676363	20.551213	20.249247	22.331501	21.175902	21.650777	20.637930	21.949046	22.589866	22.160389	19.686760	15.798598	16.947166	19.183060	20.134878	22.108662	19.534368	22.225931	15.142691	21.271359	22.476813	22.487512	15.388382	21.947795	22.374066	9.172514	18.168930	19.604556	21.287498	22.406266	18.244515	21.257910	21.629947	17.350278	22.084289	16.449920	9.334535	22.612606
22.121546	20.903905	20.817230	22.297250	15.071352	16.481284	16.522258	18.112822	22.112262	22.610527	12.490226	16.600531	20.341097	22.575921	14.583398	19.643577	17.853492	19.277186	16.702688	13.938054	19.946534	17.028288	10.597727	11.886130	15.742229	22.170152	19.181763	21.137326	18.007029	21.532631	8.523047	22.624531	19.538652	19.483635	22.241294	14.802204	14.513567	18.510307	18.907676	14.933994	20.917637	18.882602	17.389455	21.971460	21.503270	20.162839	12.912760	22.449863	21.613530	22.210441	21.742101	13.169785	17.474415	22.479233	5.631303	15.108219	13.291928	14.510661	20.734986	16.379648	20.756781	18.128865
19.399268	21.478501	20.328472	22.597251	20.724992	22.386272	22.611233	16.475303	18.535902	21.437283	18.842232	20.602539	15.992584	19.874731	18.475387	21.226107	20.440389	20.552979	19.862333	21.341465	21.372068	14.237987	18.263153	18.074636	20.909948	15.362179	20.770885	21.468139	20.659145	17.536297	14.347048	22.253937	15.158307	19.790022	20.569936	20.833582	20.678995	18.636058	21.422434	12.954749	18.119982	16.615098	12.264596	20.456463	13.895828	16.617011	17.864297	14.716969	20.239224	16.102738	19.976781	21.474637	20.946900	16.885656	7.441377	14.359440	21.839080	19.162396	17.946200	21.543980	20.415849	12.870069
17.264662	19.559867	19.154959	19.333977	14.433738	22.207842	18.745562	19.362383	18.495093	10.493807	20.672429	12.203099	22.561317	17.423165	20.588163	21.020430	20.197411	16.904137	14.675271	20.511141	20.910045	22.397003	12.757126	14.951129	18.199970	21.968596	18.098630	14.263418	22.265333	8.683672	16.268517	20.707222	15.805013	22.629599	14.428856	20.069987	21.855099	11.671816	17.167969	22.592370	7.319620	18.984504	20.823426	12.815547	20.797516	16.122204	19.399930	16.400516	15.219464	22.267093	20.642707	22.375019	22.526317	20.128721	14.121196	18.697933	20.080963	17.648973	16.702377	9.543360	15.730898	22.378771
20.961697	22.615254	21.194183	22.495174	20.914868	22.584559	20.457212	18.169169	9.485555	20.442840	19.240401	7.221643	22.064267	14.796211	17.246923	21.652987	22.611518	17.236771	8.910271	16.412031	19.371802	17.252937	6.362573	18.587702	21.807047	15.458144	15.637504	16.012005	18.226439	21.825849	18.470576	22.357911	22.410220	8.255304	12.394430	16.003933	20.656388	14.813262	17.607033	14.958265	10.320224	22.226666	13.650040	20.238406	19.808278	22.585631	13.656001	21.570565	17.827596	7.298550	13.772551	16.906640	22.104192	21.513273	20.618130	22.438832	14.210542	21.476250	22.304633	17.642524	14.451657	22.504512
22.220084	16.885566	16.436939	11.151037	15.710664	15.098303	20.109306	16.365519	7.460194	21.323667	17.436722	17.135662	13.096717	12.790378	21.802392	19.088008	22.396806	19.562370	19.423025	21.232630	22.551507	20.088896	16.951176	17.834616	19.001225	21.031789	11.800122	20.636822	11.917117	18.966124	13.095243	22.605179	12.132216	11.487088	22.554603	13.068602	19.888745	17.142198	12.709452	19.132600	22.518478	20.259105	20.548813	19.654185	19.601740	21.502068	20.535846	14.068601	10.676538	22.492239	15.921372	19.989068	20.610777	16.494692	17.228051	21.526194	13.068887	20.778919	21.940706	15.693141	22.095416	21.919932
19.331381	12.097814	20.272758	18.782623	20.226385	21.650273	14.550580	22.592464	21.722670	7.547377	17.782209	17.604825	19.213332	18.362488	18.607319	18.181078	11.569193	20.577173	22.516674	14.097125	20.521017	13.740316	17.997674	13.542350	20.562879	18.583285	21.435508	11.774774	10.084954	18.743513	15.557588	21.903630	19.994816	21.275128	16.236090	20.693855	17.612636	22.005498	21.401645	20.452329	17.881073	11.958673	19.615892	21.588184	10.330358	22.471199	15.501402	16.783868	19.885145	17.284472	21.962588	21.569687	22.299467	21.242654	21.766591	8.359455	7.629598	16.967568	19.353364	8.189549	17.014520	18.844888
20.357560	17.698194	21.336273	14.658513	13.850363	14.844911	18.107932	12.513199	18.451431	10.991287	22.143742	14.248165	19.799264	19.413544	22.545887	21.334194	20.552524	17.612895	22.036405	21.323864	14.551371	17.274372	21.793331	10.795045	19.823091	15.014285	20.666069	12.928550	22.105558	22.387738	19.875430	20.335259	22.010721	9.664102	21.557614	17.618662	21.673433	20.657706	20.271214	15.568494	9.477243	19.007888	20.209721	21.712396	18.631368	19.578943	17.228934	22.129595	16.221641	10.157237	19.496640	21.566779	19.397664	22.085314	16.528686	22.551397	22.578080	19.428339	20.700512	19.919542	18.163638	16.875077
11.063210	16.793401	21.783258	20.462262	18.194951	19.123097	20.630779	11.928266	22.547472	15.552019	22.588693	21.460916	14.611008	22.427969	20.472941	19.868015	17.234934	22.259012	12.514224	21.904035	12.045956	20.903928	20.580503	21.025732	10.557801	17.340810	18.821330	18.656810	17.306896	22.473185	22.327108	18.321568	20.820823	12.759452	14.615729	11.795707	16.944793	16.803719	21.908186	12.019038	7.045284	19.179417	13.174962	12.301149	21.985035	20.419403	21.884055	8.417422	17.313005	20.527736	20.701591	20.533926	22.488858	21.550845	21.844628	17.741437	13.168253	22.479939	10.050472	19.496889	20.714429	21.791928
17.662562	21.860892	14.569676	21.306513	20.293030	13.766863	20.992987	6.928894	17.473525	21.178306	16.452083	22.446408	20.245956	21.702718	13.664647	17.856813	21.810019	14.262965	21.985742	8.457061	14.629010	20.638263	16.093035	16.438819	21.114005	22.342901	10.037887	17.502276	21.571316	17.060715	22.022538	12.859781	22.401624	13.020048	21.531908	19.806457	21.612376	15.014483	15.860373	11.301207	22.344945	22.602985	19.616015	21.914069	21.122210	15.376388	17.303272	19.417678	21.518313	11.228403	21.606894	14.172203	21.711199	22.105762	19.822824	19.381812	21.145279	10.193469	10.211040	22.252442	19.056000	19.937636
12.866030	16.517847	12.530450	10.196650	20.061855	19.148413	22.391685	21.901422	19.203744	11.943787	19.258448	17.594792	17.375026	14.157312	16.496654	14.899005	15.870036	22.240407	10.758879	21.787819	18.777563	22.358524	14.115596	14.923066	21.147130	18.662794	9.571976	21.500531	10.752839	22.432438	22.450321	11.664795	15.446281	20.548569	13.948603	10.900226	16.391709	22.070123	10.195955	8.683740	16.113498	20.400388	21.466671	14.540788	21.202884	13.624816	17.017002	17.895411	17.230357	18.678342	22.525959	21.334718	21.473061	17.428974	20.869194	12.557226	22.569427	22.061065	19.925854	7.342169	22.190873	7.999729
22.266406	14.445596	20.493258	15.711586	6.608140	21.563516	21.145121	20.466208	19.383579	14.306906	21.650755	21.976638	20.901280	12.854186	21.645022	20.751930	16.385715	11.153215	22.079748	16.961825	19.854485	17.391186	22.234947	20.196417	9.689646	16.952705	17.754982	9.793359	15.169261	17.462962	21.345827	16.409834	22.190741	21.727578	17.170371	20.711720	18.867539	19.961575	18.714945	17.229917	20.720362	20.212239	16.694214	19.624985	19.957014	22.555264	21.254801	12.770370	18.528306	21.641338	11.374047	14.507578	14.879512	18.424390	13.087509	18.960101	13.245819	17.034887	10.274445	16.792255	20.375949	5.947695
16.968064	20.712801	15.061508	14.780043	19.966420	11.690710	22.320542	21.981168	20.660299	14.438366	11.973925	17.235862	16.907012	16.855855	20.355415	14.270198	15.417466	16.631408	11.529013	22.597655	16.798914	17.476630	7.478895	15.606322	21.639607	13.752852	19.913460	15.692710	21.414539	13.745394	17.958941	21.211496	20.149047	22.293127	12.653129	14.807243	13.418494	15.403975	14.864958	21.975405	20.848578	19.971285	13.714433	19.037045	21.346304	8.766294	21.916199	16.592250	20.291385	15.046152	21.926483	13.972302	11.736032	20.645548	9.226830	17.584740	21.902113	19.956830	19.219183	9.960135	17.984290	15.618533
22.511662	18.913412	17.257284	19.508690	10.006551	20.952298	19.221656	22.472739	15.759017	14.058623	13.515196	21.702412	18.496271	21.577281	21.983738	22.521795	18.373911	21.150013	14.021640	15.678899	19.881888	19.588864	17.407749	21.547958	14.912353	19.516834	21.497857	17.609376	14.771168	21.942927	17.646327	12.529081	14.756805	22.585256	18.629785	20.674703	15.183770	22.225834	7.867022	13.099913	19.976360	13.520018	19.294731	16.695904	21.421488	19.345314	21.780242	21.023698	20.715787	22.410898	20.344763	19.878091	20.806257	10.355959	16.039952	18.871661	18.352322	16.183614	15.394310	13.492073	21.037405	16.716177
15.798025	17.970101	20.866237	22.057790	21.943129	20.945175	19.822960	22.594242	19.346315	21.589023	22.164441	15.873003	16.269485	17.903647	21.248599	12.941579	10.917792	21.609761	21.818961	15.160489	18.894767	21.274635	18.154439	14.581018	6.712380	21.784447	21.870984	22.480707	17.237146	21.708663	13.807537	17.086031	14.397079	21.942662	20.686917	19.074692	11.903235	21.733613	14.130731	18.239046	14.129511	21.252764	19.747194	15.277723	15.698918	22.388109	19.899883	17.859584	22.520919	22.474722	20.770899	21.203406	22.528005	19.134779	12.335772	9.848075	6.568615	14.904053	22.587345	21.802971	17.263831	19.780335
11.277876	18.264579	18.069374	15.882471	20.888336	14.194772	20.647960	19.194781	15.065631	20.310256	15.004801	18.624304	18.378995	18.481618	18.112207	15.509928	20.944822	17.862784	19.647172	20.703795	18.814909	22.173657	19.749164	22.514252	21.151896	22.516279	22.273978	16.923770	18.486620	21.437068	9.422966	20.821340	6.195944	21.289351	12.793038	19.408480	21.760776	12.945328	14.856897	21.622804	12.367379	22.267826	21.824032	18.497655	20.982629	22.106642	17.876423	22.296702	19.290836	21.409252	20.931838	7.462221	15.426727	21.959795	21.621329	21.345980	19.830073	15.232778	18.376602	21.404206	17.016189	16.655041
21.897368	19.673568	22.082140	14.246176	15.653687	18.285107	22.477910	22.123404	20.457403	11.257957	20.281448	19.587190	22.004662	21.362877	19.050473	20.066042	14.849861	18.479822	20.033384	20.992053	18.454966	15.728790	22.484225	20.942919	18.575503	11.292019	15.919471	17.210328	21.099783	17.625166	16.170441	22.579001	15.978085	11.170355	20.706219	15.168086	22.481291	22.398315	19.398290	21.363328	12.639543	22.580010	17.636897	13.172724	13.507257	16.769960	22.171262	13.421954	20.394152	10.712638	15.024987	21.858874	15.828679	22.002193	15.434163	19.970061	12.109013	21.743172	14.708942	10.100422	21.807489	17.146674
17.471626	13.717047	9.014306	19.916783	11.645546	15.398361	13.371682	17.757235	16.564833	18.962855	19.146157	18.298250	21.189605	13.313824	14.202092	12.999444	20.748985	20.271235	22.092970	22.124250	21.724030	12.599720	13.862544	22.344554	20.427149	20.610086	20.788620	17.608674	10.092556	21.889009	13.241485	13.104289	22.289274	7.289293	21.263643	13.809339	21.901017	12.735848	22.256343	17.766143	13.550470	13.281888	16.682260	13.159230	22.556063	21.672634	22.074603	13.931846	20.698563	18.671043	21.953188	20.181617	21.588948	19.961606	14.048886	17.011681	15.303565	15.820417	20.947730	21.233924	21.871025	21.868689
22.051037	20.275370	17.605960	20.069775	13.266461	15.560378	21.746102	20.433659	22.338914	18.740895	21.008250	22.016407	19.172242	6.523719	19.998097	18.514374	14.258411	11.123952	19.092417	19.971153	20.775544	21.488287	20.506660	8.473627	20.403090	21.989203	10.413042	17.668844	20.112648	21.949311	21.044137	11.438478	17.710757	15.028308	20.077694	13.590653	20.294374	21.783753	21.710554	21.941412	22.524559	20.826595	10.900855	14.356770	9.952832	13.286009	17.115345	12.644535	19.576343	18.726761	20.155792	9.888434	19.277447	18.708316	19.921048	22.331750	20.701939	16.625819	19.354276	21.567377	22.231185	22.584268
9.937154	17.145983	21.709571	16.480524	19.727564	15.079812	21.553690	8.531330	12.426529	22.568352	11.447179	19.381337	8.463333	21.313757	22.304600	11.131260	22.567646	17.517678	7.900879	22.604757	14.434784	19.898905	12.360273	19.988900	12.478342	18.081067	21.390511	18.538096	10.795618	21.808709	21.718890	13.935197	22.357094	16.076682	22.381724	15.792323	19.699217	21.121281	16.836936	21.793764	20.818912	15.931392	21.552719	9.252618	20.267326	22.371478	19.378468	13.878502	12.308729	22.510028	19.848883	19.501691	13.485165	12.480791	12.008403	20.100641	21.509710	19.435132	21.148786	20.674451	20.284463	19.798723
19.337684	22.224706	13.196358	14.655999	17.763758	22.208602	11.989395	12.292486	17.561577	16.264986	8.901838	16.942628	21.353183	15.828050	10.206791	18.988745	12.826222	18.222951	20.085516	20.879987	20.200569	22.403436	13.440650	20.647433	20.857176	19.139743	15.485378	20.887672	11.048088	20.388845	18.220994	20.599313	13.803826	18.225007	8.499411	21.619006	9.837682	19.220944	20.511295	21.077088	18.072669	15.357518	18.970950	19.005356	22.437811	17.647761	22.492603	20.825767	20.654332	22.454283	21.095099	19.324824	20.988606	19.862239	19.900453	9.753631	14.764766	12.683792	21.355307	21.331618	18.027046	10.260509
18.536163	18.823751	20.094500	17.380851	22.397577	20.945415	15.231894	21.603104	16.745372	19.408982	20.041550	17.524876	20.625972	5.977579	15.426575	15.315709	17.468650	21.667456	21.480155	12.810814	21.165461	21.464412	22.238839	19.544424	21.869264	20.881242	18.579866	19.860107	14.048697	14.972858	22.532884	20.028388	20.520987	12.501330	14.210060	13.839126	19.343905	20.963763	22.348964	15.814134	21.988886	21.705370	22.461510	21.192323	21.576109	8.235094	10.295773	21.944254	17.399919	22.479115	22.154018	18.908135	18.729312	21.799698	19.816682	17.169140	16.854229	10.069440	7.668992	15.923106	19.795982	6.516797
17.255711	19.903160	22.229677	9.856630	17.037973	17.228497	21.443317	19.303755	20.052393	16.453479	16.146168	22.013633	21.576872	14.520444	12.418855	15.730397	19.665530	21.158242	20.671999	22.369191	22.528741	22.602767	22.556189	19.380467	22.351862	17.354795	21.303154	20.477269	20.298493	13.245640	19.625595	14.762517	20.448379	18.928952	21.061380	19.581664	15.575473	20.204661	18.362557	16.758593	21.747271	12.139813	18.199488	13.118259	14.501840	14.283969	20.578731	20.045895	18.977439	18.775281	14.774980	21.577201	18.027931	21.322627	15.835829	14.805967	14.425046	12.694259	11.073399	10.765383	21.871532	20.783828
19.827916	8.762458	16.246508	13.865301	16.643737	8.239530	8.013811	18.061198	22.505172	22.252144	20.516888	18.048874	20.140464	22.224892	21.532119	21.929301	20.033891	18.371635	20.157336	21.283695	22.549538	21.826924	19.451219	22.282853	19.178125	21.409306	22.453484	22.494367	18.807557	18.665165	18.719509	18.863029	22.102896	18.896883	21.913128	21.922216	21.485070	20.353137	7.548722	20.594731	19.285034	20.298482	20.678932	21.639541	20.214880	10.801131	22.326367	19.901976	15.881511	19.138381	21.819286	18.408686	12.896870	18.901900	21.286357	17.573973	20.798772	16.622946	20.920784	21.300403	14.122352	21.871164
22.528797	18.722254	20.900992	18.484197	13.671756	21.706268	21.481598	20.258283	12.855250	17.576431	22.499762	11.318141	21.986112	15.738635	10.454590	18.265130	17.061138	19.920511	20.400519	20.580435	11.327487	19.726646	19.824546	21.801644	20.299166	20.188021	10.129534	19.680032	17.182469	18.157663	22.545250	13.103077	21.438575	17.910837	13.207576	15.766866	16.399545	19.838889	22.566037	19.684938	9.042117	9.231797	12.472274	22.470592	15.942731	21.078027	17.296281	19.374092	20.418333	10.053921	15.619201	14.870502	20.929939	20.597538	21.261846	15.040309	22.075264	15.494184	9.871003	17.703044	12.984864	21.633191
21.581864	19.697284	14.335295	17.270095	11.859304	11.784466	19.406333	22.166187	12.670230	15.164857	18.294063	22.581790	13.134211	22.383311	9.381190	13.170553	21.346403	19.946847	21.946687	21.900247	19.771274	22.017530	21.282235	13.685895	15.434991	18.686891	7.306497	21.980588	21.918482	14.315204	12.341650	19.774115	21.911327	22.521864	20.159492	12.964662	19.591806	17.802748	12.486380	21.956870	18.591668	12.709153	19.679822	21.796988	21.415575	21.046260	20.728459	16.052967	20.666912	8.417447	19.514245	19.621072	22.353340	20.906851	15.397126	22.406118	17.099998	22.566789	18.402700	22.398418	12.230983	14.414754
21.882235	12.058298	22.207453	17.881187	21.182941	22.020997	20.441556	21.376266	14.283532	21.274644	14.185101	22.588648	19.620014	21.467022	17.195461	20.123722	5.204358	21.563458	15.273955	11.791563	22.316965	22.554919	17.219153	18.213480	13.411840	9.987986	20.355810	19.849584	10.813142	19.248630	22.272424	15.683802	19.689368	15.545747	11.020077	6.822588	15.717707	18.431159	10.601933	20.398925	20.499796	22.197772	17.667860	15.045907	19.374334	8.082808	5.705170	19.741255	20.912213	21.237595	21.920066	14.635464	20.799576	19.745369	9.510821	20.146593	7.828935	17.853375	14.650842	20.788045	8.567784	22.475319
