0.000000	34.340757	14.521563	29.237545	26.563787	33.747961	19.000668	39.189123	19.779472	29.259737	28.791838	31.239258	38.515926	34.301954	35.630516	28.453539	27.443847	27.466591	17.388250	38.661828	33.411136	39.608379	34.809706	22.630436	14.586993	31.314868	38.267376	34.453205	37.833310	33.832142	37.053422	39.658852	27.972661	38.346177	38.040587	39.087935	35.144842	23.186440	24.662550	34.612286	30.491400	37.275313	17.643307	22.767729	38.374446	20.235284	31.730947	21.682154	33.975479	34.160721	9.386385	18.341867	39.433798	37.373713	30.936109	39.115882	34.197904	21.971161	36.220458	31.808415	36.482525	32.433999	29.834538	34.077186	36.657706	29.591284	38.276380	17.354409	28.974794	35.571876	30.181315	23.085804	33.669813	21.788510	33.547221	34.408656	27.047318	26.058241	39.021355	31.085076	39.092962	34.959978
28.453830	0.000000	39.529892	36.501459	23.422353	34.107996	31.908145	33.849437	31.263866	39.474120	37.163086	39.646740	16.287753	39.722743	33.563913	38.755641	37.873278	39.672767	28.710228	39.651492	39.668145	39.866989	39.584540	16.863896	18.715590	39.629330	35.777742	35.054001	31.549854	39.923109	35.226302	31.345808	33.877603	33.306247	38.797229	28.088272	29.292364	39.575216	33.713351	29.868016	35.915137	35.690731	39.453061	36.622612	29.700175	29.621503	31.998596	15.022523	34.554820	33.851765	25.326570	23.392696	39.864841	36.220799	28.345678	35.976508	29.359664	37.942411	30.469231	34.381162	26.509488	30.067646	20.835687	39.146349	39.147780	33.106315	39.517240	37.429236	37.916526	39.031075	26.297731	36.785663	38.130116	30.450159	38.893120	35.847861	21.992248	22.352628	33.585167	35.428357	31.144698	33.926734
33.101775	17.886603	0.000000	34.656547	31.660040	27.976905	38.865269	35.133621	27.679078	33.064237	38.629202	36.615016	35.346897	33.656545	20.369216	38.858956	31.753700	39.919458	31.494163	37.373939	34.983134	32.320658	33.258809	22.711454	39.487197	36.388045	25.127503	34.751916	25.391056	39.486607	39.329791	39.763883	39.409345	33.300927	33.969941	39.855743	28.293791	29.617868	25.786400	23.443125	19.009887	39.872705	9.045791	37.731769	35.475541	39.187158	29.231518	37.182623	32.539812	30.401606	29.434381	27.552321	36.960147	23.089256	12.249442	39.076985	35.803957	36.273348	27.621764	39.318107	38.122137	39.108210	38.725069	35.388937	33.047458	33.539860	20.307136	37.298836	28.660221	34.904239	38.693944	39.418204	33.480176	30.923255	36.713047	38.346387	32.545864	28.182004	38.719199	34.086410	31.777079	22.071109
35.246432	11.245672	11.612075	0.000000	35.342039	30.619894	36.976030	35.970229	21.846361	33.513966	27.778488	24.013739	32.544965	38.828575	39.550918	29.911323	19.659705	30.775843	34.243665	31.504976	31.039813	23.379339	30.557264	33.019344	34.734400	38.020270	35.038860	22.379602	34.628003	35.338312	33.254981	16.870594	34.404753	33.874778	24.718492	38.608936	30.962188	21.547923	34.359605	39.898743	16.535914	38.565972	29.743170	23.211985	27.329549	39.151700	21.444359	37.855878	38.221594	24.638412	32.413849	26.680134	38.785002	38.688514	39.086818	37.051670	18.885938	38.968336	38.393890	39.238137	14.512084	29.892882	24.297019	38.043688	38.359662	31.416983	34.308270	26.510459	37.225695	30.550118	32.064503	39.916340	28.984842	18.260728	15.387206	37.091612	36.546733	29.952757	33.575245	39.945712	37.738215	35.625472
35.296251	31.251892	34.592983	38.920155	0.000000	37.999623	24.554313	38.728325	34.753425	29.853751	36.515629	38.011604	34.942291	38.711014	38.843352	37.369586	19.986397	32.566737	39.131816	32.073815	38.911083	25.655191	37.287108	25.649323	39.470629	38.991106	31.643295	38.603052	28.895144	29.319906	39.823544	18.557553	31.396715	37.393539	35.326273	33.592488	22.386792	34.900094	22.664944	34.426923	32.296217	19.012510	38.427689	29.126450	14.279354	33.288506	30.263448	26.240058	16.682732	38.259128	33.740895	36.424881	32.858877	39.355753	37.170381	31.875570	15.630244	38.822588	38.140343	26.435429	23.393056	36.393316	23.864003	26.007470	20.492573	33.493817	38.765511	37.955519	28.546768	36.719359	32.225772	36.871143	35.769006	38.644774	37.444239	35.705672	20.245281	26.015936	27.908970	16.901481	39.289050	12.552927
12.098590	39.843061	37.390524	37.434299	39.117701	0.000000	21.590897	38.250188	18.651439	25.821725	35.117541	34.755802	39.877721	21.044978	33.881548	38.618265	33.620384	26.228359	31.451749	39.919116	36.394804	29.735766	34.828059	32.881076	34.696952	29.457109	33.630393	33.457685	29.001444	28.900928	34.652249	32.801447	34.638700	22.604112	36.120413	30.090205	35.564056	38.567660	26.803671	39.795258	36.687605	31.039502	38.931973	36.342958	37.879383	32.571537	22.507864	38.145485	38.383866	38.092670	37.492490	22.138934	35.940368	37.489293	35.635144	33.919899	34.299812	34.761649	33.709820	36.258691	35.976731	27.628226	36.868295	19.604699	27.863309	25.079873	23.120497	34.450239	29.223826	15.697921	16.334897	37.897603	39.378052	24.886527	28.710918	22.093098	37.974637	24.027920	37.059243	15.947202	38.876241	30.419522
33.018061	39.321074	36.045116	27.179992	38.511711	38.397748	0.000000	32.277799	39.822642	38.868598	38.541157	37.213522	38.311052	39.732425	17.915521	37.005642	37.785841	26.971697	25.796829	34.098360	30.145995	33.994781	38.472906	29.237932	39.250381	29.736622	33.373484	37.578530	31.123204	24.488651	32.850779	27.311892	25.995456	37.279143	34.812836	38.238116	36.229416	15.932380	37.049739	33.303771	30.426507	35.252235	35.817577	31.650893	38.259577	33.550247	39.298115	39.120003	26.592545	22.960688	39.174858	29.065621	30.411581	39.109266	33.694922	37.867442	39.748027	37.245672	30.022495	25.662673	18.265825	31.154134	32.627494	38.004274	37.959185	38.730858	24.415420	37.143629	34.572412	33.050031	30.639713	39.868624	37.524608	31.435290	21.190010	35.041555	28.154648	35.702537	25.445001	39.876624	38.462482	32.801247
38.869937	35.837317	38.116195	30.104770	32.093362	35.308247	39.936164	0.000000	39.731850	39.880914	33.132464	38.526097	30.722232	35.415170	36.154954	30.382217	23.121723	37.468977	33.419510	34.385677	38.008273	35.291178	26.001390	30.722410	36.805082	38.732695	30.260812	32.488002	38.002744	14.276531	37.987079	32.485289	17.903077	27.223587	29.968298	34.216414	39.564944	27.019234	30.737838	38.868210	19.164702	26.766680	34.713668	38.744357	37.283269	39.667343	37.836197	39.901659	20.467780	38.015741	37.029911	34.850288	39.294399	37.893723	35.786398	20.098989	26.433711	37.014650	37.439501	33.938721	37.737527	37.966343	37.822872	39.253952	37.864654	32.130057	32.339557	18.242511	23.511835	34.415720	39.368446	34.459706	39.132632	30.943117	32.466882	33.318953	39.642548	37.035702	39.810907	23.370516	12.300132	32.160303
17.606177	27.410882	32.829403	39.134817	39.944378	22.755519	39.545795	38.283724	0.000000	38.327836	37.455312	30.441495	33.232860	33.460032	29.654119	32.186444	39.875616	38.478837	39.472138	26.938749	30.528508	25.924800	26.350916	39.519273	38.558328	30.721708	9.869978	25.406510	32.734557	37.574677	37.562771	37.430514	36.556278	20.573398	34.859991	36.628246	27.662364	32.978594	30.931985	36.860974	38.542536	36.762854	19.962152	13.940042	17.422160	38.913242	27.304483	39.494937	37.083307	17.288198	19.514005	16.350736	32.985950	35.495585	39.533904	38.045896	32.731852	36.800212	35.740164	31.039330	35.456574	32.803500	28.136185	20.488865	19.567988	36.231620	18.219611	32.750575	39.633039	32.458879	37.184167	33.838693	35.331874	34.196555	36.172397	20.946940	28.015111	34.202478	25.371955	33.686012	13.951426	29.709204
37.279566	33.307177	39.909517	32.061822	35.850417	37.916113	29.913335	20.617269	28.051452	0.000000	36.263850	34.804947	20.401245	38.232927	33.007894	27.845438	28.244762	33.974539	20.223324	15.656773	39.895015	39.398302	33.917686	28.346023	39.084298	35.328504	36.442436	35.002882	27.243366	38.649631	18.284155	39.876029	23.328925	38.959384	24.490297	25.503864	36.438322	30.776674	34.051617	37.974299	36.930310	36.109770	36.170572	39.869145	38.963702	39.290134	34.799880	35.677851	21.184586	39.345517	34.730566	39.880799	27.065226	23.826025	37.541943	36.588213	36.635957	33.486943	38.640377	36.448418	31.715213	15.336772	25.329555	36.878815	24.670085	34.510837	39.263888	39.346214	38.829776	19.440937	39.545353	32.317701	32.704455	34.242780	33.529458	35.009484	26.077665	24.349598	28.826255	23.942500	33.542491	32.479116
28.768290	17.333019	39.506204	17.772023	30.100718	37.280003	34.539392	13.226492	38.984150	39.032804	0.000000	23.300105	30.402783	35.189993	29.034063	39.497418	18.078953	25.624464	39.509683	31.509503	21.615781	38.185283	32.263425	32.416482	39.947103	39.904016	32.267898	29.067293	29.040359	32.168607	31.730110	11.698953	39.531324	21.003229	37.421326	31.304832	33.291535	35.257411	36.950017	33.404713	22.071980	38.655944	18.555987	30.724662	34.080987	39.583054	30.686623	24.315366	32.287231	27.891770	26.943143	29.945234	33.627171	38.347685	30.207939	33.607496	34.846341	38.815930	26.374839	30.996989	39.693917	38.591377	36.919970	32.392674	14.595667	34.447137	37.622759	33.779412	31.737654	38.740401	32.216006	30.719504	18.955438	38.893980	28.210043	36.788199	34.417001	31.373627	34.896887	37.409222	27.747461	15.985259
38.876064	26.543404	21.732548	24.357160	38.213612	38.219410	24.554584	38.893613	35.285101	35.269605	31.799316	0.000000	39.052560	36.799676	32.612300	39.513180	37.076607	34.548536	26.210822	38.577960	29.236346	23.309434	36.817100	33.619662	22.373056	36.809863	33.223367	12.219384	39.418660	39.631016	32.313850	38.970283	26.016686	31.556823	26.600366	38.369776	19.364507	23.277215	32.472654	39.026963	37.774583	38.795500	33.740741	16.118581	26.397926	29.348883	39.792799	38.837047	36.690805	23.465520	39.136481	19.854850	34.287320	28.216545	34.216060	20.359730	38.117969	26.606039	39.376299	17.578067	37.855934	39.004383	39.341016	38.317380	37.847869	26.460341	12.680521	31.099453	26.519921	38.730227	39.948721	32.636057	39.134428	18.498948	36.081228	29.472913	35.958779	15.049303	36.102983	34.493006	14.680969	38.160194
28.613922	31.702329	35.312446	31.435804	34.208789	23.948413	12.884824	39.933195	21.356533	28.121862	24.376163	20.420295	0.000000	39.634130	38.248422	38.640531	30.386698	36.265923	32.931976	38.518291	19.937540	38.340241	32.453105	20.698375	37.996033	36.839701	32.110182	33.305491	39.149879	37.916540	33.730825	39.793976	38.070642	39.896233	25.640038	39.580234	27.636550	22.290941	39.688502	32.572511	30.118667	37.328859	33.207115	35.657061	35.691587	28.243689	36.477644	37.565243	39.384174	24.110721	39.352887	20.655143	38.353692	39.757079	16.331738	39.694788	39.895704	26.174970	38.323298	35.043181	28.509952	26.534611	34.108978	38.783125	27.182386	39.697302	15.430842	32.201675	39.940452	32.695944	23.972115	23.829259	34.998142	23.914786	39.189998	37.694615	38.224474	21.559014	39.072344	32.953594	34.132912	33.814222
18.923418	33.822689	32.781922	34.483536	28.770142	39.501611	37.309562	39.778615	37.189540	32.536765	28.354044	29.971075	35.095599	0.000000	30.375916	26.928925	39.443498	37.197999	18.336944	29.214855	37.533224	39.598128	38.486134	38.741023	28.257184	36.319738	31.948542	34.588876	38.506688	34.707226	34.879683	30.856824	22.973170	39.671468	39.585487	31.494584	25.271749	38.239105	39.058457	34.026269	31.731904	34.832907	23.217819	34.026029	38.421820	26.629872	37.092018	35.800496	31.329225	37.541655	38.232989	30.485314	39.906891	20.139795	24.854763	26.134106	32.306745	38.575266	34.949041	28.529900	37.834412	30.474532	33.765351	27.593568	36.646258	38.535878	23.562380	27.428096	20.601882	36.994840	28.317655	34.929402	35.648232	25.738249	36.535506	25.105992	38.045699	36.516051	35.504990	17.151509	31.740742	37.711415
36.491607	23.880140	21.500526	38.456838	33.526533	35.925981	25.683159	36.419642	36.420878	37.584889	35.051883	21.100456	15.260358	33.084546	0.000000	32.186014	34.310834	35.706277	22.067117	16.207494	34.402930	20.359017	19.971003	23.924348	39.365584	24.060211	22.320307	39.092214	34.388523	35.610319	28.802198	28.843038	34.419021	31.376667	26.716502	27.286046	30.086100	17.959513	18.857082	34.218024	39.653392	23.795982	14.847974	36.577324	27.519142	39.931544	25.052842	17.550438	35.482647	14.808000	29.890197	30.093551	31.750760	34.298712	25.551475	32.008196	28.317738	13.995176	31.693381	38.699791	20.735227	38.179705	35.649967	29.531815	22.195153	36.494069	38.830124	26.269934	23.016009	18.355242	24.612754	34.425565	23.162220	33.515482	39.664513	27.964353	36.624955	19.113788	30.493054	16.765680	22.723256	25.547491
38.515706	39.271107	18.294684	39.625489	33.260342	38.877161	27.093494	36.731270	23.320640	33.484146	31.654885	36.497611	27.141696	22.470132	35.001041	0.000000	35.770091	39.689225	26.393223	39.540665	38.050112	37.923575	24.928942	19.857218	35.586850	33.866847	30.559227	25.826012	36.027778	32.453174	38.849948	39.379215	25.849497	39.928557	20.578082	35.120529	31.414145	38.986367	27.157281	39.350222	33.889265	22.901719	25.174473	25.592014	36.289022	39.539380	34.690398	35.109110	36.350429	34.176736	21.284662	36.383846	39.344586	39.775715	14.317877	39.691146	22.163158	15.812891	16.820516	38.875088	33.431156	27.921729	32.050447	33.799790	39.686436	23.332560	29.336713	38.404580	33.596722	39.507682	31.152856	30.894330	37.122810	16.146762	29.568895	38.830010	39.415175	30.776595	39.113075	24.956429	39.040820	32.362943
22.060970	11.407557	27.553745	34.610645	37.979191	36.447047	27.396323	37.558586	38.746679	32.496022	26.011609	38.311725	37.987837	34.642799	31.342345	29.388627	0.000000	36.190884	39.057257	26.165349	36.616779	36.325117	31.278130	22.016140	36.720463	39.214512	34.799168	39.747044	38.423486	16.916592	9.794354	37.116107	28.255308	38.703959	25.335078	33.668466	39.780894	33.028305	30.743741	25.135443	30.452651	26.934315	36.677570	29.909981	37.507021	34.202866	28.329544	24.589603	17.599832	19.665017	36.892551	36.562456	21.601120	19.867290	29.066945	39.823129	17.458725	36.090098	25.677031	30.705850	26.959801	36.136503	19.780295	39.689629	35.215478	36.739205	39.060246	39.884996	37.594150	38.854724	32.280895	36.801522	30.878685	27.478177	16.953355	38.088185	36.213226	39.662310	37.585902	32.475080	37.284348	30.947501
23.967905	11.935606	38.757060	36.794290	35.764526	26.360899	19.172086	23.373434	27.050493	25.227181	34.608176	23.578399	25.122375	28.053605	38.360601	39.594306	19.206585	0.000000	14.637835	30.893233	38.085093	34.234436	39.289281	20.790650	33.164292	39.163188	37.579587	38.892806	39.462944	23.602957	39.384199	25.820463	16.741987	28.695090	35.488979	24.288008	29.566788	34.521392	31.747243	36.186094	38.866245	12.177330	36.654747	39.918964	38.275613	38.267589	38.338531	33.752908	37.261564	39.566118	28.968341	14.982527	36.212644	37.219999	29.672499	29.393581	28.789419	30.516816	28.375788	36.328111	32.252185	21.256707	23.513709	38.512733	39.359276	35.408092	24.823399	34.775275	30.884756	39.304801	31.190990	36.661912	36.680337	39.665391	37.344129	31.741085	38.793180	11.224022	36.519798	38.258822	39.111521	27.651672
18.088473	30.805590	26.438435	37.000964	38.689042	32.036318	35.111052	32.989970	35.049860	39.384613	35.158897	39.949115	36.737029	33.860156	38.311039	35.414494	37.430970	39.111130	0.000000	38.195319	39.038594	35.883037	29.359423	39.334970	30.205383	36.025795	37.000336	25.381309	32.864236	36.682203	25.790189	30.702466	38.934618	27.469903	33.444972	25.200416	39.716641	29.368801	31.464225	39.323747	37.642594	39.443232	39.462407	39.499136	37.473827	27.701017	22.373301	29.810781	28.239692	39.705230	23.149521	37.684091	32.300607	33.674067	31.584133	38.977968	24.100602	31.749861	39.685587	29.506585	35.339926	29.637248	14.833710	29.303331	35.602690	35.447770	36.809927	38.677162	38.423455	39.656359	39.930872	21.073688	35.237799	37.390376	22.653979	36.256007	33.449245	28.022101	23.001585	34.333479	36.060336	25.831802
35.564043	32.044481	38.341073	31.790687	33.097884	22.307969	26.844231	37.895384	38.114660	20.889179	29.861038	15.048363	39.755530	36.422235	30.993277	30.599627	38.174081	35.713241	38.938663	0.000000	24.707703	39.729989	39.904487	27.707888	39.576345	21.609502	38.007960	25.345800	28.057475	31.788312	37.068577	28.840173	20.589833	17.921294	35.680053	35.746626	38.296015	34.394925	28.065614	35.256177	29.396909	34.352956	39.754886	17.570497	37.623602	34.475889	39.184449	14.278140	34.668099	39.756263	30.967499	22.976828	38.537966	33.576015	34.165522	32.130706	21.623102	36.043603	29.377274	31.702976	38.949120	29.335118	27.758837	11.953399	15.096301	28.744105	34.167906	22.204160	22.479318	27.727871	31.704144	34.307836	38.126396	31.838553	19.877408	35.412785	11.574745	31.032103	28.397786	38.223803	8.173914	30.354605
32.417771	34.908859	32.889654	39.416206	23.698822	39.208621	24.868770	39.664027	27.148909	12.085390	39.915116	15.502389	28.324673	37.162211	35.317315	36.523169	29.018041	39.857890	25.607603	18.765984	0.000000	36.229461	38.654864	36.838267	36.679739	34.006102	17.598142	37.218552	20.828437	38.616436	27.632826	33.312413	38.847790	19.944149	39.005023	31.701594	39.588671	28.884479	21.501535	26.146480	22.580117	38.640173	30.912097	39.625174	39.124305	18.083183	19.050877	32.222072	26.984538	36.103197	39.059912	16.128209	32.675048	32.343189	39.158535	39.949565	37.125278	23.811849	34.936840	34.768761	36.693747	30.927410	37.923836	36.380288	17.385454	20.943947	31.991154	24.554640	15.492895	36.325871	31.860768	34.377871	36.344309	39.920303	32.800122	14.933882	29.458587	36.675093	15.317411	37.981083	35.083487	29.734368
38.868091	37.953100	32.869229	29.758636	37.535735	37.687894	39.096704	39.495221	35.767068	37.721965	38.267329	37.256475	29.565196	14.795282	34.276555	34.202812	38.021229	19.269967	30.093457	39.925288	29.037693	0.000000	31.218378	39.358260	29.680945	30.497527	37.515958	37.852315	32.011319	39.086800	35.094666	36.153896	39.654096	22.609795	37.671645	39.693015	21.431340	25.853481	29.897688	31.441868	25.659333	38.540601	39.395065	33.135995	35.227665	30.058049	11.307100	14.625260	18.733069	34.972281	28.195550	39.403396	17.626789	13.007565	20.666943	32.841546	39.521429	38.001600	25.270205	38.872846	38.949106	39.683095	36.555565	36.706008	16.379280	39.113879	31.549113	33.082536	39.844639	28.793252	36.447679	31.800787	27.126102	38.520454	39.406268	39.847424	19.211274	24.514571	10.676462	29.280506	32.923848	17.762693
21.788789	32.327374	38.728147	34.079620	38.323338	30.838616	34.695035	37.152770	35.805520	33.028172	29.195314	34.344277	22.008626	15.230205	34.249724	20.360228	39.507286	20.850963	36.462818	33.009141	37.905635	22.207199	0.000000	34.940661	39.730573	18.768766	19.286623	39.937445	39.829382	36.804080	39.752465	37.816471	22.447349	33.479689	28.033290	27.856237	31.219364	29.135191	29.097598	36.989442	26.741912	26.805079	38.151067	32.961975	39.094635	34.784426	35.443879	36.236788	31.997300	34.679025	19.491453	38.081738	32.017384	39.503456	38.291986	39.391400	31.802325	27.357845	22.499557	26.400556	19.544898	39.648919	16.215531	34.403482	28.744648	38.440685	39.445204	28.487149	37.798946	31.891061	21.596838	17.021312	39.505799	33.048809	11.140567	32.349192	33.834267	38.714086	36.998618	37.308574	38.433552	35.347914
39.893115	28.133636	36.043770	23.151259	30.832666	33.580392	39.594019	30.224510	29.246716	18.196362	38.056521	29.902584	24.597511	30.880016	12.419386	21.102090	24.329876	25.372195	39.215269	28.493217	24.708535	36.560023	39.587971	0.000000	32.643936	30.779450	37.063916	38.904437	29.818926	39.588738	22.172542	25.326489	37.282594	18.208680	35.738060	13.579140	23.286749	38.007554	36.465020	29.931894	37.935440	21.215079	29.390694	39.608078	25.245645	33.997574	30.179995	36.254269	35.443536	38.309396	36.490744	14.892844	35.311367	39.606976	28.570752	38.395077	17.803388	38.560387	26.395993	31.345836	37.244762	34.435320	37.861115	10.696985	29.524712	21.794766	39.899350	34.168717	39.197455	39.384768	36.434142	29.344373	28.753882	35.048409	26.643933	38.477137	23.369126	33.058541	39.102158	35.690218	35.555922	25.169041
32.637346	38.298852	38.277449	39.795437	20.742017	32.523113	38.401479	25.589728	39.345646	35.903203	39.227292	25.852827	36.248234	39.890485	26.265199	32.995502	36.232281	31.579029	35.751627	32.602879	39.824788	39.490090	35.820330	37.431025	0.000000	25.781193	37.798030	28.913279	30.465786	37.474365	39.939722	28.521297	39.944815	36.145709	24.861964	37.783681	30.983355	38.878999	21.934787	38.339739	27.472367	36.020428	34.386046	39.519731	34.701020	19.423042	39.256393	37.950866	17.469721	31.952315	21.165588	38.555710	37.799034	39.456317	39.936400	37.337353	20.189653	35.647061	35.113960	37.350732	30.313105	38.619300	33.501810	33.276424	37.413448	12.256758	16.612119	35.789436	37.931207	22.573261	29.017229	34.969473	23.865574	38.270816	34.618681	39.927461	38.189582	30.371735	39.259392	36.828982	35.773692	26.377387
34.572043	39.570148	35.658829	15.630238	35.445227	34.967570	39.747641	30.540883	38.373337	37.129502	26.500732	39.493390	31.703344	33.018192	31.534298	37.995257	28.665659	38.619953	39.928775	24.377183	31.636961	35.833949	27.412152	27.755176	35.581920	0.000000	39.853432	20.625372	20.203065	35.088601	37.911237	38.268249	38.068831	35.903297	35.992942	34.837750	28.614458	22.210951	37.264262	33.441913	30.235833	35.101900	38.519763	36.971144	31.537162	17.966468	24.541744	34.040216	31.735667	29.693839	24.675887	37.186951	38.958090	34.299801	26.552392	35.139513	25.069273	37.548974	37.910308	25.275018	37.876985	24.095199	38.435903	25.369526	35.118670	33.441713	24.600657	32.860250	39.887557	32.804104	35.267358	39.934594	17.440015	14.067401	38.324100	30.766024	34.931565	37.578286	36.288043	30.214469	21.028440	27.009136
31.885005	36.111743	20.406340	39.151944	38.525667	39.726987	39.879967	35.540769	26.435039	34.696108	37.013066	38.005506	15.141248	21.230161	20.430137	39.081339	38.813859	29.204694	22.352344	16.115399	30.374627	36.078888	35.269851	39.465941	28.828055	16.498184	0.000000	37.679022	32.129567	28.387409	13.705687	32.976788	39.553596	36.919711	37.264550	38.823689	37.689007	35.331770	27.396491	35.545084	28.239815	28.961777	36.976928	39.638913	38.112381	26.590137	34.393597	33.825643	38.905631	34.953590	29.220519	22.316561	31.486868	36.939872	15.991209	39.335867	26.303199	36.931858	32.030556	32.089739	38.667394	39.508583	20.569717	37.287427	15.213103	25.048819	38.389837	32.997676	28.766742	31.091243	37.017966	30.757129	38.204067	39.826705	29.786970	23.862811	38.025706	26.699112	39.545061	37.178353	38.839123	17.358859
38.128492	36.950252	39.627841	34.398178	34.978153	33.690800	32.081717	36.995074	35.116095	31.503122	36.138783	20.343221	34.092917	25.676576	25.053609	34.441292	34.358629	37.242984	33.160466	24.656702	22.801913	34.929343	25.001578	36.509394	28.079766	22.615499	23.063595	0.000000	37.135526	38.440721	39.943338	36.113497	39.772016	37.681137	38.905182	37.270660	38.656131	23.565011	38.406248	32.306812	33.089438	39.368437	38.683986	24.186040	26.150509	35.695631	39.312257	38.084436	38.281840	36.861946	39.924395	30.732431	37.761007	32.370910	26.031823	26.571698	37.625569	19.207049	37.496015	35.315098	37.123548	25.317540	31.354661	39.042888	22.782546	38.573640	39.827210	33.692548	31.295019	24.729718	22.162584	30.677211	39.820104	27.518758	28.340312	30.796931	23.915183	22.676619	13.471430	37.955128	38.527227	38.214182
33.452366	39.183244	35.936455	37.213627	31.176817	35.849102	27.350322	23.682494	21.064793	36.882667	35.013703	31.339456	32.293971	36.068398	39.304610	32.038882	37.450900	31.104907	22.712790	34.963923	28.687568	35.228140	34.917708	39.400790	35.178676	21.414798	26.159068	29.184667	0.000000	30.036233	29.717748	39.359219	39.629765	39.196871	39.185385	38.621751	36.250030	38.957362	35.811917	18.549336	31.267859	20.268828	27.666198	38.995776	35.641894	38.499561	34.223379	28.132743	37.593783	34.932220	26.338563	36.524446	38.618676	29.544681	33.961643	24.163381	22.817664	17.566748	24.785961	35.045374	22.947394	31.199278	36.507346	18.523557	32.170494	23.051138	32.921602	31.506774	36.860634	31.984515	37.024155	39.035112	23.315257	26.448429	33.217677	17.701142	24.601018	21.042491	36.731112	34.348329	39.140847	36.497286
38.396733	23.845942	35.920109	39.042152	26.910462	35.168775	39.873420	27.091955	32.097698	26.853666	26.728893	37.411048	39.703486	39.438565	31.111453	39.131164	37.523594	33.189012	38.607209	38.512640	19.762140	38.360919	21.787866	39.012287	38.815284	25.926248	15.205316	31.360782	38.161250	0.000000	33.715798	38.823690	39.800307	39.381688	37.777857	32.542705	31.044227	34.941553	36.389113	28.684715	31.496318	34.989594	39.410527	30.648723	22.525600	32.168328	34.264208	38.485875	29.467053	11.726294	16.366988	37.245093	38.578346	36.836390	39.784223	32.048371	35.478003	11.484883	29.833635	38.195966	28.738750	36.458238	26.697545	39.373370	26.352069	39.209642	37.099306	39.217164	30.020623	32.890729	37.299150	29.161011	37.647846	38.503629	23.280718	24.727396	19.518558	34.986516	39.386130	22.671682	39.651185	39.319066
37.090900	10.063787	27.937416	36.570629	21.960023	39.465358	35.461187	25.457354	36.043923	31.474594	32.530664	17.515109	37.459519	28.381353	35.573228	38.519308	34.262324	15.600324	28.056316	22.857010	32.962082	35.627624	36.633606	37.502285	37.343309	31.781197	38.867131	35.069980	38.923470	38.815201	0.000000	37.509556	37.582078	28.619268	37.904131	36.518116	37.393633	39.581630	35.168235	38.607402	25.248538	29.284097	25.951213	37.571609	39.090368	26.965547	36.964291	39.242115	34.433638	39.876808	38.962640	38.666232	39.897321	34.390128	38.969923	36.777208	38.856029	35.087585	39.868044	39.940900	28.091521	34.330941	30.413575	34.188700	39.298312	35.827952	29.406244	28.571614	21.600713	36.141734	38.915437	19.736983	21.429315	30.767977	34.218588	35.948048	33.857874	31.229791	19.363301	32.550564	35.380852	27.776916
39.856957	29.939188	31.697345	32.151353	35.923514	35.547790	39.713739	11.455360	34.986563	30.565181	29.651800	10.140085	39.614501	39.902601	36.976825	27.257899	24.956301	34.332389	39.515166	39.132342	33.825520	29.514204	38.406317	39.108037	13.977241	31.932076	36.494304	39.420459	38.990397	39.906534	34.585623	0.000000	27.022219	38.098883	35.811096	38.447648	22.933022	33.481790	30.502917	34.257137	21.483034	37.402040	38.658543	38.977781	28.128523	31.714521	39.568948	37.687727	34.903518	30.530325	31.407204	29.294690	34.962320	23.098045	36.981401	37.978788	28.005593	23.754596	36.994020	35.721504	38.330594	37.612165	38.434425	35.739039	26.692070	34.768651	25.520483	32.788031	29.448293	37.626646	39.906995	21.768646	39.500915	15.985292	33.416971	37.154023	37.191050	35.329722	27.570120	39.698327	27.663348	39.268398
39.652019	18.651400	39.252236	38.081015	32.743969	33.010270	27.651019	37.723104	28.010086	33.809872	30.741651	35.428524	39.431304	38.073368	33.061302	30.640022	35.152293	32.713707	38.419680	21.196165	37.896862	28.452718	39.785702	38.819517	37.254618	39.395301	37.455531	38.581628	24.084493	39.713095	20.879867	35.936138	0.000000	38.565489	34.246578	16.347273	32.481239	33.858449	25.921623	31.772634	37.746955	31.035113	29.971188	25.111518	28.388934	23.260420	36.983190	37.193981	38.080019	36.173455	36.766319	39.558948	24.255268	35.677524	21.286072	31.237853	24.477748	39.127513	38.841457	30.932150	34.903229	32.044942	39.924609	28.956708	31.965020	39.549902	31.418321	35.202438	34.935029	33.476406	12.096696	23.783640	32.549838	38.107616	34.352282	39.912142	18.429286	35.943529	36.939883	39.438182	38.841931	27.244394
24.722310	39.043892	38.845007	29.696045	38.754114	21.871760	35.537217	34.262776	18.243816	23.579216	34.733432	39.150152	26.411439	35.803560	38.621314	37.983445	29.815762	39.947524	36.613166	25.888708	19.731148	38.692525	39.856855	39.746283	30.755303	33.899204	39.889853	39.349082	30.253301	37.047910	38.725788	36.904037	33.856654	0.000000	31.965936	18.309521	34.955867	24.885511	39.680329	20.564353	36.132799	39.842553	38.869855	9.363249	21.579489	25.372276	31.312847	27.419416	33.164656	29.279813	39.774798	38.436628	33.627949	35.005710	37.850084	38.037744	11.030042	25.393211	37.172556	35.448521	24.875459	37.587921	39.771464	28.902512	34.704888	33.964171	39.366424	33.468367	26.309827	38.752215	32.491734	32.348090	16.732187	25.327543	36.808089	30.555616	26.575757	39.313386	25.087698	37.639425	24.913746	32.570223
39.450290	32.627521	30.444644	22.662343	37.949764	36.311378	38.990778	39.844720	34.376299	38.583918	36.820203	38.425231	26.458230	25.104662	33.457042	35.553055	30.775002	22.303344	35.532299	35.326674	32.440248	12.837623	20.405393	33.382114	37.720899	34.218076	38.445517	38.334266	37.679165	36.041056	36.363358	35.908960	39.426993	27.455047	0.000000	26.511825	38.702780	38.896686	39.515586	30.673861	37.477458	34.526258	32.067848	37.013099	36.047085	38.303752	36.256492	39.751867	27.475154	20.291240	39.323257	35.404637	19.410999	39.519182	28.541003	39.772483	23.959252	29.375729	39.651925	32.947346	38.920256	39.917989	33.752318	34.604423	31.258993	22.779349	35.900590	35.571951	34.201635	25.285338	24.488658	33.283688	39.193781	21.773696	20.693861	36.968172	35.801812	39.439972	31.165968	17.695345	28.225801	23.700516
31.531057	39.081490	32.052643	31.500213	38.557608	30.759734	34.650265	25.666644	27.837420	35.224163	18.955012	30.802682	28.989562	38.121404	38.618903	33.575232	32.320494	37.947581	33.610765	28.268584	38.374026	35.954543	25.981982	32.527386	35.060444	39.003760	34.893715	34.193138	26.447923	27.041438	39.733113	38.682049	28.224381	28.581039	38.973308	0.000000	39.275084	38.992562	16.554209	33.463590	28.341806	34.093837	39.844532	33.155627	29.202341	39.840525	30.318364	26.225205	36.290589	32.245384	34.092632	28.507986	39.940681	33.640895	31.819852	27.880060	29.433588	38.671103	35.781117	38.346058	31.092435	36.341815	37.021550	28.393744	39.094965	37.531454	38.654360	37.120468	15.623802	37.800702	29.033082	37.415645	35.665790	36.321578	38.521109	33.405025	23.665595	39.242412	25.034862	36.815561	33.541146	30.793050
35.732124	34.597681	23.450381	39.103153	39.458943	38.957465	29.139345	27.532122	28.467202	39.681048	39.895516	18.364259	32.973494	22.135964	34.918521	24.777337	19.244022	39.009088	38.472853	38.456047	32.089464	8.131932	36.736892	37.543711	36.093234	22.454887	37.448031	13.750977	38.418918	31.225996	19.798504	36.096606	19.208807	21.091822	38.510331	29.771622	0.000000	9.152066	31.328065	34.532305	29.520064	22.538497	33.992907	17.520448	24.409716	25.190797	35.798488	38.352373	39.595588	31.445106	20.774908	27.476671	34.682417	31.925918	38.990386	33.415365	39.455124	28.301905	37.503458	39.338135	28.637234	36.309884	39.614243	32.925025	27.790292	39.867469	38.785796	37.450105	21.407113	39.504398	18.777136	36.107410	26.728845	32.645832	28.549866	39.529177	28.857839	29.851001	38.297779	39.887781	39.724665	27.251546
25.030991	38.418329	29.310993	14.063095	36.828431	24.776255	37.977176	36.260663	28.076999	31.900454	27.431272	18.139552	32.923838	18.722418	39.263535	34.265125	38.524371	39.780351	37.541853	38.464731	16.118458	33.093103	31.383726	22.396411	29.843721	34.686381	33.200881	36.931427	37.687406	34.470990	34.972417	37.627405	29.015410	31.007303	39.820686	32.980868	34.708509	0.000000	30.496728	36.757923	39.941492	36.744350	33.271189	17.889159	36.379874	23.367267	37.096204	22.949980	39.909595	26.543830	33.059358	37.911612	34.429174	35.417109	18.212866	10.365089	33.967555	34.990434	29.191152	33.994241	30.800307	35.819144	35.285354	36.939308	38.807343	30.552947	39.586960	35.473622	9.272371	34.282395	39.603527	16.845410	34.687399	39.583932	33.759241	33.993921	35.721860	36.986410	31.090692	32.606379	36.609078	27.228989
39.260588	28.863672	38.335780	29.343938	39.219942	33.273352	38.218054	39.201658	29.383083	26.230121	24.752794	37.135626	25.872468	39.704908	38.073419	39.185460	39.344385	28.869529	35.458987	25.932887	31.748178	38.760015	37.550459	36.756708	32.008182	11.667969	23.337196	27.780689	37.421706	34.212838	34.829019	21.711926	26.453287	38.635585	38.755619	37.964059	35.977588	33.257041	0.000000	34.423662	39.517405	39.860394	38.975772	28.602445	33.418597	34.047608	30.523142	39.069826	26.623580	39.894037	20.814956	35.294504	30.765003	38.370907	33.569657	30.682454	23.495537	25.763822	34.952914	31.891226	22.681204	23.979194	33.566101	20.830704	28.973631	26.854666	30.806253	28.853867	39.364954	39.596941	34.450429	39.547418	31.912698	23.819196	28.799975	34.813752	37.734369	31.633189	23.700249	35.122168	39.561399	34.426257
30.394479	29.748101	37.647354	37.725815	33.053265	39.309582	11.419982	34.477186	29.154350	36.250128	38.554493	38.526455	35.148441	39.366872	24.756849	36.831584	33.957451	25.064234	10.407842	22.759911	38.597315	29.747844	39.007064	35.916625	38.413198	32.903940	31.858535	27.818173	36.068399	36.773466	36.733577	26.302123	32.306817	37.129634	31.068806	27.975191	29.749870	38.990296	34.374665	0.000000	19.839693	34.954769	39.024023	20.194217	32.848707	39.298670	38.031268	27.080873	39.346841	34.966307	38.299076	20.652773	33.354592	33.148088	25.959026	20.753232	22.998536	36.373326	34.704120	29.025643	22.841639	24.314667	35.191021	28.092187	27.700919	38.279781	26.536743	39.377672	32.790407	27.784025	18.737551	37.390551	37.067936	32.744231	18.111605	38.199217	35.645249	36.536575	29.950772	37.281363	38.830060	28.592427
31.768911	35.422293	19.769709	37.914939	26.670051	16.788601	37.792398	21.297473	30.186870	26.475575	34.749978	32.506546	34.432232	32.753302	15.516009	18.869419	30.015216	13.149259	35.178313	39.286350	26.436756	28.520590	39.947821	29.606696	15.230580	33.399160	18.349758	34.443542	38.195000	27.815394	34.673928	34.644077	33.414354	25.612284	15.409701	28.886763	35.500742	17.784343	27.747453	38.169243	0.000000	33.395901	37.175443	32.552161	25.541218	39.423141	32.624329	38.035233	33.834144	39.677916	39.155744	39.040999	24.276076	37.909406	35.608208	34.693477	27.834797	39.916934	33.114460	38.790503	25.162548	26.310807	39.515132	38.210305	29.291922	34.435840	37.736799	39.707670	30.564351	31.979047	34.167334	13.766234	31.805913	37.579549	18.604672	38.996823	14.073003	30.180172	37.602864	22.318763	37.391813	29.808020
25.023804	39.520759	38.092807	36.462765	33.931054	32.655485	39.032198	21.565431	29.383417	37.938335	39.891200	30.905278	24.425628	36.875627	36.720731	38.442666	39.157864	39.454572	38.739155	36.215978	37.473435	34.172431	24.872948	25.535511	38.987225	31.536755	23.905076	30.987008	32.749472	33.705133	25.340728	39.639171	39.900270	38.617897	30.202030	39.582905	30.561510	20.372973	34.729909	37.078599	28.208845	0.000000	36.414141	38.535015	18.729414	26.385508	35.809840	35.559961	38.853729	30.821353	15.856435	19.549983	32.331935	36.876044	35.502665	21.355069	36.085460	23.753927	37.754548	39.222965	38.821930	38.555537	39.003262	15.720583	39.349803	38.768979	37.472206	39.895737	38.648945	35.902430	35.384427	32.331376	39.037773	31.983008	35.813606	35.393592	33.437413	35.666351	13.869344	36.374317	35.218385	14.060394
24.299589	34.425331	21.052861	36.011404	35.189978	35.742873	27.880242	31.033860	28.997026	36.433947	39.943668	35.871696	37.781561	38.499139	16.047870	36.312895	26.914655	21.536802	31.170895	38.887306	27.655651	34.103114	30.982648	15.024909	37.978897	29.534961	36.350364	29.686039	39.672678	23.770937	37.143379	39.850326	34.455599	31.846354	39.814212	39.608390	14.361709	35.248732	35.340905	29.423961	26.583375	37.603627	0.000000	34.532250	28.831725	37.314294	31.122186	30.902138	34.776803	11.578545	22.325910	12.903412	38.690281	39.563731	33.597652	36.328710	39.377075	37.961468	35.136918	34.134564	30.441550	29.041887	33.554050	35.603248	36.170988	30.362779	39.707882	34.575854	39.773705	39.043894	32.774908	30.427474	32.553263	32.523309	30.149258	38.913838	34.995428	31.737821	14.894169	33.087855	39.210366	33.139675
18.792847	38.377848	33.814166	29.447695	37.034381	34.634080	36.040055	36.894062	32.143041	36.208161	38.918656	16.305930	38.512097	31.645995	37.033597	24.407491	36.525450	34.109109	35.218187	20.464398	25.819241	31.495160	32.074285	32.774081	8.943090	30.763696	32.058625	36.331166	19.800918	20.450194	37.804336	37.653331	34.104574	37.217205	26.320651	20.026961	39.902680	38.966731	37.048523	18.698771	34.454383	28.722126	39.420578	0.000000	37.931388	22.053603	32.549015	36.879147	39.766229	23.953529	21.061633	31.101336	13.679722	26.052303	32.506994	33.276610	38.639799	39.383865	17.811437	36.236868	32.594136	38.889557	36.545321	21.597167	13.537333	31.389418	13.747333	30.705136	38.383107	34.518414	37.851627	30.730004	15.910515	39.151384	30.322452	39.672866	38.789128	37.093931	20.345883	26.734457	37.940213	34.078676
23.802740	32.288634	17.106207	12.291188	29.641279	33.205604	37.278452	37.371585	37.483858	25.739279	22.927073	16.592961	32.037661	35.284568	33.160164	38.800027	37.021268	27.251792	17.011835	27.919889	27.130085	26.946048	38.249173	39.795779	33.900614	35.059533	39.850724	37.145001	34.286212	23.969193	20.907552	28.981558	20.985398	38.688045	34.922465	30.076484	34.790758	34.172805	38.116842	38.377369	29.966293	33.658376	23.732792	39.767019	0.000000	21.124442	35.566938	35.860249	34.369665	34.917796	25.348947	38.161833	39.047343	39.026820	34.363869	28.488128	26.313811	15.008286	30.750274	39.934002	35.749686	38.606147	36.283480	29.787626	36.913899	27.970531	36.407957	36.998463	37.157401	16.758727	25.335613	26.001492	32.323627	20.876265	34.918526	39.879738	25.120338	39.421640	34.420936	37.517506	35.080515	29.552335
38.038419	25.049507	31.857814	25.354151	33.650965	31.718272	39.604121	28.809976	39.932303	17.440155	31.827626	39.356643	25.213578	35.022441	32.562628	14.260022	29.454808	21.280797	37.957854	22.448172	30.448324	17.644350	39.506024	26.188608	32.638155	35.594751	22.714061	28.308378	37.473113	30.854665	36.874257	11.942221	17.870455	24.668892	29.750037	38.505688	25.046283	36.771652	33.243248	36.273558	33.029155	38.041074	30.732379	39.645936	35.632554	0.000000	36.736465	27.638194	37.862113	39.014924	35.291745	24.816195	32.344978	39.838468	39.499553	37.880127	39.792387	32.043152	22.843497	39.110633	35.582378	37.514140	31.474837	38.338688	30.578517	38.461283	36.080643	25.991494	35.890358	38.375607	28.725786	28.691667	37.453790	32.228549	34.507833	39.744874	20.613622	27.130649	33.353347	39.880317	28.602278	30.892747
39.647947	39.894550	18.367972	39.584691	39.163970	36.025955	37.519333	39.111288	38.656571	21.236734	26.139478	35.416014	32.464901	32.745746	25.609976	34.464449	39.069505	33.298384	23.771707	32.561348	18.558630	39.820507	37.218601	34.899995	38.982885	28.380178	34.069662	39.465218	32.143576	26.005080	9.942936	33.796416	30.586538	33.794669	35.509067	28.322851	22.623308	30.473143	39.580019	37.597396	38.534867	18.448574	33.388819	20.468112	15.208531	38.263565	0.000000	27.054751	36.907067	38.268357	27.660761	39.049620	37.156555	26.992974	18.915561	39.783553	36.151189	23.485032	24.291355	37.542105	32.362311	30.423622	12.107450	34.064538	32.485679	39.671235	35.864846	28.229154	39.128626	25.091975	17.253926	29.356999	33.620451	32.622903	35.434882	30.925750	29.481339	16.585978	39.879628	38.987899	25.136532	22.933269
27.701042	38.597303	34.718488	36.531172	24.200573	30.404641	25.310723	38.102091	21.651262	28.603594	38.173433	34.230996	21.594466	36.693362	35.297807	23.364015	32.482828	37.943724	37.751542	30.266807	39.062783	24.893414	36.288465	23.359292	31.902598	31.098507	39.809548	39.433769	30.734599	31.120735	16.513579	26.217100	17.362713	39.941929	34.748173	39.563579	37.883285	22.223823	39.192266	39.270432	27.303730	34.036894	38.177743	28.403730	27.690710	10.263026	36.388289	0.000000	36.567361	22.093096	33.574875	37.518949	27.504127	37.109031	35.944527	24.887851	39.276766	27.618959	32.679118	29.806285	39.825085	14.993114	31.916692	36.480440	32.194449	38.125444	15.897780	36.852682	23.695696	24.399916	32.612018	37.367889	28.517396	34.183576	30.969766	37.885018	39.317681	19.509822	8.770989	33.708882	37.115466	36.794616
31.092757	39.556213	37.107916	31.573083	30.285614	18.178890	35.518644	39.312354	33.405086	34.012029	24.842264	31.302210	27.058626	37.245250	34.964036	14.284676	14.219292	38.003251	37.701376	38.261017	26.783846	39.459733	29.452050	38.979964	30.928965	36.035732	37.517810	39.858042	24.758003	39.871237	38.405736	32.813048	24.836958	39.375358	39.746414	31.951148	32.423721	36.629450	38.115091	39.360362	39.492688	23.890073	39.337867	39.432955	34.846079	30.142323	23.714828	30.226022	0.000000	19.177626	28.811042	32.721768	33.360787	29.695317	34.593322	37.959251	20.243954	34.265830	28.624509	38.089502	31.682193	29.352596	39.454805	32.699133	27.838133	24.974486	35.979923	39.906684	31.518488	20.766933	35.192551	37.715854	33.788108	37.862249	34.424063	23.036383	37.338858	39.900243	29.445723	29.350450	28.866846	21.665329
26.002974	39.671125	35.568376	32.759056	38.793760	38.113225	30.299178	29.783486	38.191449	23.133088	36.301212	39.273413	33.369480	35.818130	39.108780	36.030460	20.828418	34.875849	28.059406	15.224140	38.576616	26.270793	37.197006	26.235102	33.416199	37.738751	28.174551	32.973705	33.602139	29.204895	37.988208	28.746289	32.735007	13.318696	37.107379	33.425279	39.090102	26.548361	34.131946	37.581400	34.311918	35.968136	30.717138	36.256791	31.688499	31.163637	33.345917	29.662313	38.145634	0.000000	38.006250	39.641361	18.816980	39.502963	30.455483	39.513410	38.831308	28.591981	39.781455	36.873728	34.239466	30.831621	13.416451	29.637641	38.000980	26.534525	31.707877	30.456050	17.791863	38.598012	33.585491	37.430723	39.612507	25.312726	25.629331	29.132612	27.692968	32.680124	21.299299	34.867602	39.286135	36.316583
34.799962	33.062737	35.912472	23.070384	34.005093	39.775872	34.299956	37.504878	33.814112	30.586100	39.217876	37.764583	20.388447	20.010779	22.149833	34.318445	35.228427	39.406166	38.758618	38.065695	26.342390	39.160162	18.935836	38.443708	11.785044	18.025124	30.743685	36.354265	39.912550	39.631411	39.906853	39.039992	37.200582	38.347930	30.074623	38.866087	39.913422	36.123750	30.121452	24.791665	22.614144	31.728832	39.046156	32.977153	39.837402	35.727258	36.634317	38.467387	36.601500	38.776762	0.000000	33.027901	38.208003	39.296302	31.475966	35.845733	37.236764	29.659926	21.515655	34.637672	20.712197	27.299218	29.645946	31.205191	33.725624	38.138979	35.988227	34.706548	38.061412	39.680944	39.492153	14.486991	28.634530	25.742389	37.960696	19.081125	34.256082	33.844611	37.004539	38.184510	17.632999	14.417554
35.693414	10.834385	39.904316	33.372449	23.871354	34.758820	32.262526	30.853291	10.239821	26.659484	37.631400	39.550581	37.137774	37.279996	27.879357	39.650057	27.565115	35.086040	25.445246	34.400703	32.625055	29.995123	38.143005	32.756888	15.651786	33.395866	38.845442	37.322474	19.141394	13.741952	37.872299	33.481783	29.808673	29.477280	30.863720	26.285966	38.421953	31.257256	36.003292	18.365403	31.893325	39.047685	37.859250	37.523024	29.869807	38.700109	22.117290	31.315503	29.813378	36.667041	30.360350	0.000000	24.487268	33.462566	39.472547	20.427645	26.100989	26.044353	34.962045	29.191718	36.468966	36.248145	14.421787	29.641797	36.768086	26.638714	36.022077	35.643868	32.239425	37.491063	33.046441	20.768256	24.068274	38.786868	31.865037	36.858224	21.910796	10.225397	13.364278	39.320665	38.505851	28.951711
20.367768	38.336824	18.759279	38.643934	35.441640	37.863919	39.892630	36.575000	39.799438	21.475297	24.699548	33.766807	35.729702	38.386097	33.432043	30.976829	32.621308	39.669684	23.788714	39.661009	27.113625	30.238976	35.863136	37.990565	25.479768	32.297121	38.503812	35.800241	30.792632	39.202202	28.482745	28.045454	32.212110	26.940955	38.950836	37.056207	12.842066	34.969847	36.803143	12.441179	39.492274	33.377992	29.885749	29.326083	38.677302	27.429210	11.307572	39.325911	24.238456	35.121243	21.559193	29.552985	0.000000	31.940233	18.568343	38.788761	31.105717	37.325426	39.476977	23.066222	36.099392	36.561776	34.423837	39.515641	37.454414	38.390454	34.032519	27.926591	22.359382	28.238409	38.914485	34.610576	35.831475	39.935618	23.159824	27.847221	31.731220	30.942767	35.679805	24.503191	37.830331	36.686031
30.862550	36.184617	32.000430	38.822034	33.220666	32.837535	30.945870	31.565232	28.459247	33.626237	38.169826	37.839236	37.077335	23.675227	32.828110	33.266224	36.866619	36.215010	15.785911	33.446273	29.572907	29.779805	32.579410	36.938995	37.663790	25.616187	29.246117	30.497316	38.887709	39.384879	31.715170	34.977710	38.067331	36.078461	25.009754	32.925415	22.953678	27.420876	30.706478	26.023383	39.095173	11.357530	34.022281	38.508402	26.119431	37.635020	31.092993	39.276216	28.361686	33.932944	38.612466	37.070059	34.776685	0.000000	35.794285	30.919997	37.213499	38.961127	38.075509	30.738841	37.348875	38.325978	27.649134	22.563406	33.364143	34.980967	38.188435	18.307086	31.233609	22.942534	29.524080	27.919854	39.386017	37.625335	30.190391	30.312110	39.258647	38.536111	20.819933	30.589201	21.852802	38.509797
37.966937	29.819276	31.596729	31.030529	37.128866	21.964035	31.196555	37.823995	25.211040	33.079159	35.639679	29.996608	32.766961	38.146441	38.861843	36.593041	36.995841	34.197345	38.494684	18.218663	34.538390	26.457919	38.607605	34.261432	38.511046	36.666729	38.599780	38.931143	33.649855	22.168351	15.669892	39.905542	37.942376	33.092445	34.600217	37.477746	37.585323	38.838937	37.710804	36.354463	31.600939	39.263079	29.582568	39.682215	24.144441	29.647814	35.917286	24.026350	37.352609	20.815059	28.387392	33.053833	38.770027	27.944381	0.000000	39.895448	39.533178	39.402428	36.600058	34.731742	17.998932	34.914489	35.508157	34.752623	19.535417	27.226019	39.719035	38.196632	38.594289	35.577836	24.436083	38.704969	28.157485	36.548714	38.720423	20.288243	36.655135	39.509096	29.596033	15.842868	10.412078	37.679327
35.108587	39.327485	39.703342	29.376291	25.003940	35.397381	39.695931	31.142873	18.814285	31.254533	37.104178	39.073803	21.027993	33.031335	23.989414	36.268976	23.852898	26.694498	35.845032	36.908571	28.369758	36.376036	24.792036	28.012460	37.561868	32.150979	19.139065	14.546941	31.475801	26.477796	29.284572	31.991174	39.869265	18.163706	31.061355	21.186466	37.190281	24.408089	17.399187	27.243766	33.769013	25.929875	37.440897	31.773575	39.913358	39.374451	38.167384	22.413740	26.977074	38.188152	35.482035	38.415135	32.614978	26.580708	30.058916	0.000000	27.036765	36.313228	30.494922	39.326152	29.560203	37.293140	12.802676	38.946385	38.710454	34.982995	38.850883	39.641883	39.730835	37.605477	19.437910	31.198063	12.410633	29.597877	20.037925	26.330063	33.002354	29.161541	34.418309	37.217669	36.202629	39.353952
39.567099	33.570852	20.111787	37.848803	36.187636	38.461168	34.857292	30.097539	39.896457	32.264737	37.757697	32.692399	33.176568	37.305369	36.790054	39.027147	27.647574	35.089233	21.913994	36.862486	24.962605	19.801059	23.421811	25.658821	37.536201	24.538741	28.614718	24.634595	28.740549	32.711479	37.400245	37.338862	30.031069	14.889601	31.443289	37.419936	28.845705	39.534325	33.193793	32.642165	34.758506	39.588490	12.674652	22.278283	35.993228	37.960668	29.467587	30.838613	30.217433	29.102715	39.330243	23.925716	28.794304	37.263367	30.622850	19.486270	0.000000	37.152093	33.272580	32.176706	34.906392	30.030255	30.236937	33.175487	35.999170	39.942651	32.813982	26.300016	36.529336	36.229169	37.680333	35.671812	27.869889	36.836342	39.409334	34.652426	30.129092	35.701452	35.686838	25.576497	34.144424	37.624647
37.888921	39.843200	26.864232	21.436924	17.694578	33.782885	30.121623	32.248500	35.461307	26.282694	24.337025	38.859904	36.558189	37.907858	37.814474	9.579718	20.341462	18.973679	26.781495	29.808092	15.450844	39.633094	25.452783	33.672089	35.664707	27.595566	34.412261	37.714452	25.615584	32.492289	37.168843	31.974177	39.368160	36.881785	37.541247	19.733196	30.628300	32.211709	21.642046	34.721003	38.749752	37.905201	27.498036	35.499570	36.472243	38.873095	35.492826	21.825001	37.876970	34.947029	36.773614	35.919943	22.964127	39.822105	37.314014	20.336579	31.649848	0.000000	24.988435	26.431498	38.995820	31.876976	31.138650	32.562409	37.123355	22.774928	36.629559	23.949206	31.445761	33.703222	25.798732	35.772369	11.415876	33.415614	35.848935	37.848317	33.600060	19.648776	39.592910	37.197233	33.799778	24.894475
38.610140	32.804288	23.426690	39.047512	31.476251	27.291551	36.235053	33.128760	19.230970	36.952164	35.367661	30.328386	21.521246	39.444878	34.334829	34.994863	29.651797	36.781619	38.896154	39.920885	36.781464	35.418041	32.531817	28.024758	34.232733	39.026437	34.766420	39.144518	36.355129	35.391153	21.281855	36.100366	33.389510	24.609751	36.829967	27.533880	36.240367	39.776586	27.255627	39.496972	19.311982	11.844381	27.681665	13.934131	39.828040	20.178940	28.994031	34.267659	34.777001	34.923711	38.231615	34.135359	38.792468	39.690094	30.390833	39.449489	22.950628	39.661997	0.000000	34.480408	28.124994	31.203009	18.479639	39.856249	27.023474	33.624994	38.149572	33.848661	31.564834	39.219661	29.790944	26.347554	38.521415	24.003916	35.416954	11.839278	31.781216	39.205720	32.831450	39.783792	30.303672	20.290849
25.975997	38.487270	17.559397	18.487766	30.715292	15.480669	30.931520	23.853317	23.374354	37.902477	30.788718	37.468861	16.883791	39.107544	37.677788	39.484139	29.716401	35.854831	19.731398	36.696964	27.335547	36.507665	36.186327	35.900923	28.999677	39.254536	34.521482	21.589630	18.176946	32.122986	33.012814	33.964349	39.535547	38.004919	29.726324	38.054171	28.813377	36.685640	31.708082	37.854500	15.779209	36.571097	36.185438	17.100766	37.749043	34.893953	33.261837	34.111800	35.829585	29.056945	37.920891	37.325101	37.413783	37.659075	37.305376	38.848122	13.735482	33.230660	22.824894	0.000000	37.835566	36.017556	31.336159	33.138830	24.662547	35.733276	37.303899	28.009991	33.105890	39.527209	39.227381	27.420864	38.346166	34.054233	39.539862	34.720538	18.803939	39.920922	36.980939	34.848359	26.580685	23.205526
25.023902	37.414498	32.398809	23.222079	30.482934	39.767845	30.538120	31.026071	35.177355	39.851365	25.290789	20.937028	20.075677	36.172567	39.806808	25.957483	36.627205	39.507278	31.181999	39.919123	39.471503	30.516757	12.494258	35.068008	39.727440	38.185117	39.138520	35.509227	22.019622	31.302341	34.267082	35.099249	29.461179	33.869810	34.076917	37.821764	36.879638	20.206984	13.308156	38.014530	24.991453	35.965805	28.781880	38.111866	39.033345	27.535528	39.379521	37.262057	23.056992	37.944538	31.988254	25.829104	39.654885	15.352542	26.118102	39.717535	34.077670	28.199937	21.830108	33.151364	0.000000	30.859670	16.718662	11.624105	27.650581	15.657677	38.866692	38.613276	38.209068	26.771085	36.513648	32.449873	39.716273	38.764441	30.349727	39.035294	35.298637	25.177719	32.742495	34.783444	29.603632	34.862722
38.534888	25.056164	32.306420	17.506959	35.548884	37.420923	36.257348	26.783416	36.787068	36.345467	35.314642	37.215274	38.837834	39.436794	32.339993	31.034027	37.634662	19.768815	23.163939	24.577437	33.894226	37.683848	27.202647	30.018432	28.664138	39.036559	37.773018	12.408414	12.050483	38.746675	24.763257	28.426062	27.503819	35.012368	17.126603	30.115432	36.932589	31.819721	13.561102	29.940327	36.293166	39.432429	30.907807	31.238150	37.640416	37.150702	39.213000	19.819425	25.105191	33.816892	37.082140	35.541312	39.557022	30.269715	19.163095	39.617700	39.521893	23.953244	37.278900	36.099451	31.593880	0.000000	39.900942	36.648222	39.400380	35.139165	15.623400	19.282873	37.133715	38.681345	35.228674	26.561101	17.304317	29.066256	34.143044	38.676304	39.806315	39.801461	39.791330	27.180542	32.790699	30.977449
39.869064	38.392582	39.532019	36.776330	31.932885	22.382753	38.001218	38.984859	39.610966	15.760268	33.995438	14.714289	39.895659	34.257554	35.301868	38.825922	36.329392	31.600974	31.071159	33.137119	37.751422	32.498502	33.378966	38.816105	32.070712	32.333354	36.795338	35.107890	37.631002	35.888447	39.183956	28.899696	35.238451	38.115835	38.730074	39.372807	14.309942	34.535842	35.797814	39.051434	39.744565	39.419950	35.089532	34.517199	33.254872	27.332244	37.745239	22.211900	34.130305	29.757284	16.895451	37.554241	26.346895	38.619793	20.275743	29.552887	18.456630	16.427697	34.719324	29.487746	27.292924	21.194564	0.000000	26.693553	28.090154	30.488231	34.481263	17.201403	27.166104	33.552870	30.933560	28.438093	31.570051	38.834553	35.651671	38.372126	26.453439	34.943929	36.299948	36.549023	24.750824	20.115798
39.307264	39.796945	13.833345	39.854643	34.726469	38.220035	22.380361	26.151874	38.600556	26.415887	36.826054	35.951695	38.468620	24.078810	38.844335	39.101143	37.703677	23.576642	39.037836	39.594856	26.164420	39.216647	31.572350	19.442358	34.966355	34.098057	27.318064	31.758289	39.495245	26.290827	24.140306	29.425842	36.066023	39.935672	39.452861	35.072769	30.594879	34.752112	26.759899	22.507857	38.334102	29.070774	39.730699	38.385033	30.350753	24.915752	39.914951	32.071250	36.687996	25.466238	34.153912	27.817883	36.364169	27.671754	35.232575	38.972955	18.702148	35.664225	30.320023	30.552366	26.517701	33.916195	36.103807	0.000000	31.049702	25.289392	33.506481	33.333073	34.776837	32.614704	25.981463	13.723965	29.485333	38.913679	29.710723	24.297774	34.620541	32.390609	30.636077	35.366961	32.532694	26.527253
30.247081	38.189709	39.032676	37.078773	32.395242	19.500767	35.082967	28.203470	36.907132	39.613408	39.833100	37.945154	32.540306	39.052005	36.489591	28.113498	36.652930	26.658662	16.580155	34.066358	30.828118	36.322850	36.878508	32.928463	35.707176	33.837258	30.082696	37.747559	35.954903	39.791234	39.603500	33.771385	38.478398	39.143267	30.067812	14.383992	25.568654	31.322583	39.510524	24.700534	14.298097	33.980532	33.885139	29.357460	38.857850	28.362249	16.973594	39.174646	38.493524	34.278259	17.232268	34.838127	25.078297	19.172918	28.280230	36.562301	36.976778	38.432315	37.530265	29.459573	36.654041	28.608372	39.518811	29.766145	0.000000	34.834147	15.770007	38.699462	33.108908	31.201277	39.431266	22.200554	19.570724	35.952823	35.317282	21.077829	38.517347	33.137022	27.994215	38.426508	37.619178	32.482074
30.223858	38.854034	39.567222	32.670963	37.324711	19.120105	35.601946	24.965154	37.519882	25.491592	37.117218	33.609866	27.941609	39.320871	37.841242	31.915059	14.943764	30.298593	39.784681	39.862629	35.691575	38.694749	16.419327	37.735345	39.751002	37.619376	36.250999	26.670883	27.455233	35.795384	15.677274	29.697135	39.536704	39.682686	17.237136	27.306280	22.300202	39.438816	26.249424	38.886099	33.881243	34.132826	39.508640	27.713767	30.246117	39.637972	25.753097	13.946486	29.406406	13.455339	16.218517	38.097408	36.933100	25.739795	37.170926	23.519621	36.796227	34.791798	39.587925	39.557322	39.064686	37.799960	34.646481	33.447212	14.004057	0.000000	31.226775	30.674879	38.973868	24.893630	38.841054	27.745861	39.102167	33.634839	18.335402	38.188392	38.477725	31.108036	39.092443	27.011124	21.894080	34.490352
39.395706	27.259753	39.501310	30.996928	17.712772	37.406966	30.919592	36.213811	38.474566	29.787413	32.863464	37.227778	37.406453	30.550552	34.188304	37.602782	38.615992	28.169779	39.813746	32.930538	39.180202	22.287028	39.297852	25.360226	23.461929	39.483095	39.949376	39.166369	28.077661	37.943957	21.395845	38.241250	36.679502	32.606499	32.868261	26.190631	32.819466	38.480936	36.326640	38.311157	37.668706	39.737896	39.528049	32.647404	36.814576	35.769808	38.855549	37.881196	27.548380	28.022081	18.239283	27.316227	35.858252	38.390529	38.462316	38.336107	23.472328	39.184049	38.561071	33.497100	34.123690	14.518352	38.247769	27.246752	28.857162	38.671440	0.000000	19.342455	36.533496	33.894844	31.244940	39.609987	32.480765	14.040114	17.219817	17.727762	25.076486	37.853171	32.755527	39.136494	39.545413	36.040286
34.674348	37.451117	26.830864	37.424352	36.419536	36.689913	35.504460	36.421921	39.791025	30.218819	35.176189	39.301240	38.498912	28.671704	26.058608	37.142997	36.563214	39.739511	39.915117	32.328413	15.345896	39.012651	35.829264	25.563510	30.761667	37.540109	17.773832	29.531152	28.131684	32.961055	39.627518	37.243289	39.542507	18.979879	21.803435	38.434458	35.118573	38.556248	25.157836	36.444314	30.411709	34.984914	27.015563	25.031795	35.573845	32.829237	38.897205	32.535626	29.038221	36.443205	27.065288	37.402736	35.797205	39.330450	37.422093	39.649436	39.645148	15.065554	26.350100	39.570924	38.590950	39.546091	38.851861	31.770378	20.332734	39.574309	38.326254	0.000000	39.523873	39.229012	18.054181	38.401777	38.453137	38.222799	38.752231	36.828521	33.282619	20.144218	33.314940	37.409995	33.049816	17.679842
31.295342	29.806796	26.574136	36.206019	20.994929	15.670466	39.689157	38.812296	17.623687	37.293368	35.995858	33.421059	35.957158	27.968782	16.363903	23.953813	33.835159	36.839805	36.831997	34.834307	32.917251	36.823065	35.127257	26.314507	27.210971	37.671805	28.812624	38.319554	35.171147	36.361104	39.860175	37.812059	36.004649	37.679268	36.824223	17.987708	34.094948	36.939921	31.696449	35.947254	31.482915	20.955338	29.999537	24.245507	24.171761	31.531676	26.486618	37.115439	27.999764	26.654713	35.801212	38.211154	15.359261	26.194687	30.317880	13.302883	35.795791	22.119224	29.094020	39.004717	28.145113	20.325863	39.454027	38.663715	11.936505	38.647321	36.214610	16.577687	0.000000	28.604404	36.455370	33.757005	32.737916	39.331528	22.504704	36.360938	39.948480	37.696879	20.430766	39.541891	37.700436	34.609166
18.765224	35.909546	37.311459	38.701652	15.893993	39.723999	31.608015	26.287789	28.657939	25.979062	35.784674	33.243903	21.799340	21.996850	38.394911	26.249772	35.517304	29.843081	37.975574	35.094039	24.931144	32.937030	36.314457	33.215511	30.772107	36.851883	37.876283	35.343579	37.213574	32.523522	37.232253	29.576338	39.028239	31.159119	39.353234	30.654938	32.171775	29.161119	39.041743	24.486284	32.750800	34.957155	19.633052	33.248298	18.589998	26.345776	34.801101	36.080247	38.211949	33.386725	25.297954	35.316296	20.007861	38.595531	39.709572	11.914066	25.542082	31.729063	31.602545	21.594603	32.580954	25.909077	28.188093	28.296812	36.043290	36.025475	39.458815	37.978621	24.655868	0.000000	36.859525	38.166075	30.554394	36.346698	25.322363	29.250412	36.048496	31.978892	39.663461	34.896413	38.374083	23.271721
29.306858	37.000974	35.128483	26.095001	39.903371	28.502201	27.681670	31.315592	28.241925	31.799931	38.556180	34.733746	39.794992	38.265302	30.995083	38.305898	39.264236	39.581924	37.295549	39.466004	29.235141	31.546304	8.368625	38.360864	39.754726	24.812254	33.058245	37.883426	22.422560	38.097976	26.065348	36.976750	38.903077	35.182468	20.781146	35.670935	27.464570	36.574749	21.812001	33.231138	39.946844	23.029127	21.896542	14.973918	37.882466	28.025041	39.239644	39.943181	39.787154	36.593324	36.457616	25.547775	32.563166	32.288583	18.893769	33.421496	36.476248	26.674837	23.051725	25.922731	37.517637	39.785832	31.641562	39.165424	33.053826	38.323941	36.989177	31.372807	24.770056	30.079369	0.000000	32.083816	34.748296	36.824176	39.863747	37.919707	35.733339	39.732401	39.399532	37.170230	18.490324	31.147331
28.356482	37.496351	35.713037	29.417962	35.338439	39.886123	25.278461	34.355561	34.291478	38.412624	36.147311	39.541871	36.346388	24.345012	31.539505	39.438563	32.511009	35.956138	32.150502	28.717705	38.941977	36.215090	39.676177	37.420627	30.578493	12.125845	25.803262	32.534112	33.700746	31.941639	32.872563	38.361530	17.357239	30.681971	21.578823	20.946823	36.250752	35.762998	14.565968	37.766720	31.050815	29.480638	26.875893	38.641054	17.601017	35.670587	35.034703	32.580845	39.900046	31.560807	33.021606	36.653721	37.656168	35.916098	12.321223	38.835712	37.930481	38.229301	38.226699	22.424422	31.023492	34.670084	38.506214	35.027698	37.137802	31.712391	37.799956	32.694765	37.704076	38.165620	14.814779	0.000000	22.606865	36.148147	16.262215	17.619042	33.662691	30.197049	26.635935	35.206747	37.128248	33.415539
27.899488	38.010540	35.723689	39.470139	27.741498	39.167855	39.580959	36.963186	33.464318	20.721251	39.934122	25.743176	36.248690	39.753501	36.673453	36.497162	13.607714	26.323561	38.234901	21.499247	11.899524	26.372645	18.368275	34.801862	38.209953	15.725552	34.521635	24.509608	25.003974	39.385115	19.690313	38.321119	37.380323	32.521465	37.255570	39.944009	34.897348	39.360619	39.930308	35.990373	37.127097	39.821658	36.341036	36.761693	39.739533	19.476805	33.879322	38.794386	18.791820	21.781612	34.320246	24.261904	39.339460	36.316901	39.353399	39.414604	36.152322	39.800188	31.377999	39.020004	26.425437	39.912283	29.650902	39.595452	39.393900	30.559763	22.241464	18.176644	32.122885	39.917223	39.354618	19.311089	0.000000	39.855172	19.075971	22.708434	39.579993	33.699578	15.966831	33.608574	29.493901	11.044972
39.778066	27.520896	33.855620	37.685181	35.308864	38.599544	39.832158	35.330795	37.477585	37.327615	33.090659	24.146936	29.201808	39.166547	39.186835	39.167315	37.340243	32.371509	14.666272	30.566532	26.753914	29.550011	36.043366	17.699161	19.794593	30.588049	27.678240	25.046977	39.364782	30.347847	35.866289	28.058547	38.473926	19.122496	21.530450	33.043860	29.568652	34.606817	38.864004	25.543274	34.813758	15.884797	12.641228	33.899621	29.266310	39.062045	32.674000	38.870077	39.939752	37.695723	32.210053	31.519446	22.572285	30.602070	34.156161	39.291715	33.364482	30.556368	37.967389	33.146500	35.991543	33.752095	34.661098	39.526030	37.261572	20.298486	27.346117	26.349087	34.831926	39.892762	39.863338	39.333652	24.526536	0.000000	32.625054	15.978295	23.737443	29.431100	38.518511	23.400391	39.232914	33.324999
33.603900	36.909991	18.582379	25.287118	30.367801	38.131607	38.844944	36.835535	31.744825	35.570396	24.815976	34.970551	33.690966	31.803195	39.946840	38.824061	30.797952	18.201596	27.380937	17.627062	17.516772	33.987986	24.770428	32.812646	38.977854	27.481203	36.853505	27.915655	31.857749	14.973010	20.480708	27.576497	18.624123	30.696546	29.954720	35.061179	39.946477	38.565966	30.142530	30.965486	23.145946	22.510743	14.832901	23.859353	35.232109	37.975652	22.483054	31.468150	28.391119	36.729778	35.807124	39.615842	33.596028	20.289637	23.952355	39.537902	30.774716	29.267760	24.972700	26.729305	27.600468	39.190305	28.960091	20.032595	35.943821	30.399395	38.190661	39.902151	34.620471	39.360250	14.952147	35.417924	39.831251	21.565938	0.000000	37.623092	34.977067	35.805139	39.561174	20.068627	33.459914	27.230627
25.315807	31.747415	36.812364	26.434612	33.986412	36.715101	39.934835	37.544424	39.511763	20.904352	16.470695	30.021976	35.089793	34.786959	32.565066	27.470769	35.042124	24.688528	33.402316	34.383286	28.745986	33.095541	35.472171	27.817864	28.518957	23.088549	35.913811	20.902511	36.028485	39.622356	28.483799	23.632314	29.980594	34.895868	35.856206	20.080596	30.431376	31.996579	28.498991	29.696477	26.172620	30.826696	37.790028	28.835682	27.018312	33.777150	29.265864	38.640259	18.328521	33.287153	29.419630	31.084960	28.257348	22.693985	30.811604	11.950451	37.954412	15.523312	39.185298	37.040992	39.628493	39.523747	34.216965	31.045243	36.120575	37.559194	36.299864	34.375231	37.831485	24.381106	36.197142	38.425521	26.648510	39.538447	39.627596	0.000000	33.446136	37.928818	35.043062	38.020655	33.538657	32.034189
39.782221	39.784488	30.367800	37.110851	23.278266	23.743333	28.276685	27.771967	33.915958	22.394319	22.502915	36.571776	27.829174	34.372540	36.243455	34.742764	37.446417	39.840969	31.626228	38.189767	27.167247	39.330814	34.841373	30.275741	29.426272	22.306757	33.305445	35.072077	34.311674	38.782782	35.986179	27.726009	24.376656	26.280674	35.775318	36.634915	32.496552	39.073277	34.784331	33.582945	18.618209	12.689424	33.876116	28.182611	38.337529	17.307091	37.523753	35.933378	38.999208	39.734193	34.854801	34.661472	38.431332	33.531221	34.141226	39.647864	37.454847	35.505030	38.639362	34.453894	28.695559	33.347287	39.625883	26.985512	26.419994	30.687546	36.998410	21.316388	30.544467	34.344979	12.410568	39.517591	25.474482	26.695862	39.007400	31.604655	0.000000	32.263279	30.206515	18.956785	28.728899	22.210643
21.697325	18.434262	39.799354	29.219505	39.112597	38.233296	9.866001	35.466843	38.312949	27.287572	21.314851	37.658658	32.883364	37.250821	23.033360	27.840841	29.710386	36.672416	19.497276	32.936230	39.360555	35.275907	38.269863	37.601903	13.069402	38.329412	20.012196	31.344409	33.332631	38.704898	35.127421	39.455943	29.989570	35.542084	38.423705	9.956196	37.729007	39.520224	39.246302	17.902369	38.585933	37.356815	38.085279	35.979769	27.398762	36.524557	32.370692	36.058101	30.251252	29.908762	29.963617	34.738623	26.273870	37.222963	25.585640	36.659152	34.862593	28.386984	39.506142	35.705167	34.791917	26.321839	39.159540	33.580102	39.899624	15.505930	38.517030	28.351631	31.094741	30.509503	31.229512	16.635460	25.223389	16.233828	26.291737	30.355461	19.970059	0.000000	35.985837	31.606099	36.554641	39.858806
39.919991	30.127582	35.535907	37.798684	30.835414	34.672465	37.260556	28.215749	30.112183	39.883707	38.618188	18.453314	18.710524	28.459872	25.573575	38.852585	35.933775	28.756106	33.770861	37.258814	32.464419	35.734091	23.608100	16.068699	37.704244	34.062147	38.639839	36.885444	34.815398	37.487356	26.227254	23.186974	32.561191	27.611442	27.119706	30.941662	17.433890	31.138674	36.933841	36.573365	32.990487	24.150994	39.319768	37.037115	28.135035	39.869389	20.083826	20.012898	38.631062	36.081170	23.189955	26.312568	35.658703	33.403659	34.636227	13.572688	37.927574	39.296636	37.222780	38.980596	28.807025	34.199363	38.404957	37.114208	28.336175	39.255078	29.627333	23.163950	33.514967	29.074376	39.254084	39.784230	30.376800	39.945853	31.102501	31.950798	28.452799	39.825365	0.000000	24.240718	38.153685	32.446819
25.572800	33.221544	34.690338	39.908342	30.941911	39.801180	39.084533	23.429243	34.829681	25.788278	32.901727	26.508385	35.299918	26.891774	36.585486	35.275178	33.476694	33.385069	19.258571	39.445267	39.725576	38.978560	34.002050	37.399961	35.159979	31.085169	33.930445	12.039845	39.295576	36.281820	26.211468	35.479735	31.233523	34.380559	26.724012	38.373974	29.459794	39.088886	39.612350	34.941572	39.826876	10.200208	39.556312	26.209094	27.060789	31.997412	30.374335	30.375909	28.858579	30.148103	27.999030	39.584360	30.290583	39.240357	39.619412	17.676315	38.046894	31.162111	33.483307	21.850372	38.533241	37.583995	30.692084	38.654432	39.183338	34.581193	24.880928	30.350712	26.034339	36.962212	38.474886	39.927349	15.925982	18.981439	35.360041	16.419556	36.158323	38.725506	38.044265	0.000000	34.335062	39.931909
35.063315	34.917299	31.603785	29.207129	32.598770	33.398272	39.627301	36.395665	37.832367	21.031840	27.162649	26.438289	18.960292	18.671884	20.983955	13.090543	36.594100	34.643879	26.716430	35.834343	25.929728	35.637103	35.313521	37.712393	39.131917	33.673214	37.297055	36.600266	38.640686	24.118118	22.210854	27.478809	36.413628	37.650912	32.826454	37.059995	22.581416	32.116056	39.939830	38.348810	23.642882	38.723133	36.543633	36.603543	31.080704	26.719244	37.533119	16.502242	39.492754	39.542880	29.516816	26.633120	27.983012	25.098939	37.994388	39.690178	37.648679	37.621362	35.482745	35.777917	27.466184	38.125957	39.487661	38.978341	23.638250	38.442066	32.564415	37.033903	17.221573	35.502478	36.064086	22.504456	21.655857	21.008470	30.645524	33.408774	21.244776	29.298425	39.729668	29.179833	0.000000	34.245351
36.875228	29.448120	28.904620	37.509717	38.985900	36.740392	39.821831	22.008708	37.805127	36.416973	33.532683	31.150163	33.611623	39.094758	33.100187	32.237715	33.920752	17.011384	39.804206	38.849073	33.085411	39.430682	39.937380	27.497610	20.142607	34.514637	36.370089	38.969866	31.825124	36.453353	37.146551	39.661050	30.565001	35.492182	34.141529	31.005182	33.489465	37.139789	32.541791	38.686676	37.522502	37.536502	14.548504	28.031111	22.864420	37.423335	23.937846	37.839742	37.790325	30.414415	32.735251	39.443972	31.262503	27.015265	33.910663	20.351897	38.187005	32.188999	34.046108	37.275542	34.360135	20.034079	25.545137	29.333653	35.075387	32.788526	34.327800	38.278593	39.784322	39.739219	32.954501	36.262670	31.999681	36.917435	27.303957	36.394486	32.095127	26.047115	38.611034	21.718553	26.940180	0.000000
