0.000000	20.398854	8.628882	17.368223	15.780365	20.046811	11.288876	23.278140	11.751382	17.381402	17.103532	18.556975	22.878350	20.375810	21.164799	16.902627	16.303004	16.316511	10.331313	22.964997	19.846782	23.527123	20.677347	13.444477	8.667739	18.601877	22.730745	20.465633	22.472967	20.096804	22.009817	23.557097	16.617050	22.777542	22.596062	23.218048	20.876374	13.774669	14.651283	20.560106	18.112847	22.141591	10.482784	13.526011	22.794330	12.022074	18.848973	12.881323	20.181927	20.291936	5.579267	10.897636	23.423445	22.200027	18.376945	23.234645	20.314018	13.052955	21.515147	18.894979	21.670780	19.266493	17.722758	20.242328	21.774814	17.578297	22.736092	10.311217	17.212184	21.129975	17.928697	13.714905	20.000402	12.944484	19.927599	20.439177	16.067519	15.480138	23.178508	18.465411	23.221033	20.766589
16.902800	0.000000	23.480512	21.682024	13.914771	20.260625	18.954205	20.107075	18.571589	23.447390	22.074943	23.549904	9.677764	23.595040	19.937511	23.020709	22.496703	23.565360	17.055067	23.552726	23.562615	23.680702	23.512965	10.019917	11.119577	23.539565	21.252232	20.822426	18.741428	23.714031	20.924750	18.620251	20.123802	19.784492	23.045407	16.685707	17.400778	23.507428	20.026258	17.742639	21.333827	21.200559	23.434884	21.753973	17.642964	17.596243	19.007921	8.926386	20.525979	20.108457	15.045623	13.897158	23.679427	21.515350	16.838572	21.370273	17.440745	22.537758	18.099681	20.422849	15.748119	17.861193	12.378634	23.252738	23.253588	19.665759	23.472998	22.233001	22.522386	23.184280	15.622363	21.850804	22.649230	18.088355	23.102353	21.293874	13.065478	13.279495	19.950134	21.044744	18.500819	20.152979
19.663063	10.627269	0.000000	20.586391	18.806864	16.619570	23.085814	20.869710	16.442700	19.640770	22.945621	21.749462	20.996367	19.992523	12.101612	23.082065	18.862485	23.711862	18.708355	22.200161	20.780341	19.199183	19.756320	13.492590	23.455157	21.614671	14.927403	20.643028	15.083919	23.454806	23.361678	23.619471	23.408923	19.781333	20.178638	23.674024	16.807759	17.594084	15.318701	13.927106	11.294351	23.684097	5.377000	22.412665	21.072765	23.276973	17.364644	22.086545	19.329332	18.059520	17.485117	16.367423	21.954424	13.716955	7.279544	23.211545	21.267800	21.546557	16.408664	23.354740	22.644492	23.230089	23.002553	21.021333	19.630806	19.923227	12.064745	22.155560	17.025369	20.733487	22.984069	23.414184	19.887783	18.369311	21.807680	22.777666	19.332925	16.741371	22.999067	20.247805	18.876369	13.112310
20.936704	6.683437	6.901032	0.000000	20.993483	18.189155	21.963857	21.366544	12.978840	19.907850	16.501736	14.265975	19.332392	23.064023	23.492998	17.768357	11.680257	18.281768	20.341194	18.714776	18.438531	13.889226	18.151961	19.614110	20.632626	22.583997	20.813434	13.295515	20.569440	20.991269	19.754047	10.023894	20.436859	20.122124	14.684505	22.933586	18.392432	12.801607	20.410047	23.699560	9.825139	22.908071	17.668497	13.789839	16.235127	23.255916	12.740104	22.486369	22.703556	14.636948	19.254526	15.849460	23.038146	22.980844	23.217385	22.008776	11.220742	23.147022	22.805877	23.307248	8.623253	17.757406	14.434206	22.597903	22.785550	18.662520	20.379561	15.748695	22.112124	18.147717	19.047061	23.710010	17.218151	10.849450	9.142959	22.032497	21.708911	17.792964	19.944241	23.727453	22.416493	21.161804
20.966290	18.564478	20.548643	23.118409	0.000000	22.571735	14.587004	23.004487	20.643924	17.734168	21.690439	22.578850	20.756085	22.994207	23.072798	22.197576	11.874268	19.345321	23.244107	19.052591	23.113021	15.240780	22.148596	15.237295	23.445317	23.160544	18.796919	22.930092	17.164882	17.417134	23.654902	11.025725	18.650484	22.211801	20.984120	19.954481	13.299784	20.731026	13.464970	20.450025	19.184669	11.295909	22.825949	17.302247	8.485042	19.773956	17.977473	15.588113	9.912330	22.725846	20.042615	21.636547	19.518814	23.377096	22.079275	18.934860	9.287292	23.060467	22.655304	15.704138	13.897372	21.617802	14.177052	15.449987	12.174870	19.895884	23.026570	22.545543	16.957993	21.811428	19.142833	21.901568	21.247044	22.954869	22.241911	21.209432	12.028011	15.455015	16.579226	10.042238	23.337484	7.459773
7.189957	23.666492	22.210011	22.236008	23.235725	0.000000	12.827129	22.720537	11.081481	15.339679	20.860161	20.645336	23.687076	12.502925	20.126145	22.939126	19.971048	15.581166	18.683166	23.711659	21.618685	17.664100	20.688247	19.531997	20.610386	17.498615	19.976992	19.874426	17.228010	17.168317	20.583839	19.484708	20.575792	13.428844	21.455733	17.874590	21.125331	22.909074	15.922825	23.638104	21.792570	18.438347	23.125427	21.587896	22.500328	19.348172	13.371685	22.658358	22.799924	22.626993	22.270565	13.152589	21.348811	22.268667	21.167548	20.148920	20.374538	20.648808	20.024161	21.537852	21.370405	16.412501	21.899876	11.647591	16.552109	14.899117	13.735508	20.463872	17.360076	9.327483	9.705762	22.511148	23.390339	14.784295	17.055476	13.125369	22.556896	14.274397	22.013274	9.475522	23.092329	18.070160
19.613348	23.356501	21.411017	16.146309	22.875847	22.808168	0.000000	19.173731	23.654366	23.087791	22.893334	22.104895	22.756682	23.600789	10.644443	21.981442	22.444777	16.022610	15.324894	20.254902	17.907722	20.193390	22.852802	17.368453	23.314519	17.664608	19.824422	22.321662	18.488054	14.548010	19.514005	16.224640	15.442852	22.143865	20.679206	22.713368	21.520467	9.466720	22.007630	19.783021	18.074308	20.940151	21.275889	18.801432	22.726113	19.929396	23.342867	23.237092	15.797444	13.640603	23.269669	17.266123	18.065444	23.230716	20.015313	22.493237	23.610055	22.123988	17.834379	15.245223	10.852477	18.506422	19.381403	22.574497	22.547720	23.005992	14.504520	22.063388	20.536426	19.632334	18.200925	23.681674	22.289639	18.673392	12.589055	20.815035	16.725126	21.207570	15.115955	23.686424	22.846612	19.484589
23.088586	21.287612	22.640963	17.883239	19.064199	20.973415	23.721783	0.000000	23.600448	23.688972	19.681288	22.884390	18.249930	21.036912	21.476246	18.048006	13.736236	22.256601	19.851755	20.425530	22.576872	20.963278	15.446376	18.250036	21.862336	23.007082	17.975908	19.298563	22.573588	8.483365	22.564285	19.296952	10.637053	16.172199	17.802193	20.325010	23.501328	16.050840	18.259198	23.087560	11.386290	15.900857	20.620313	23.014008	22.146316	23.562139	22.474682	23.701292	12.160146	22.581307	21.995854	20.701448	23.340660	22.508844	21.257373	11.941133	15.703118	21.986792	22.239097	20.160098	22.416085	22.551971	22.466768	23.316640	22.491581	19.085991	19.210407	10.838631	13.967911	20.443372	23.384634	20.469494	23.244592	18.381107	19.286021	19.792038	23.547414	21.999294	23.647397	13.883986	7.309647	19.103953
10.460734	16.283428	19.501310	23.245889	23.726661	13.518759	23.489956	22.740453	0.000000	22.766650	22.248486	18.083210	19.740910	19.875820	17.615613	19.119478	23.685826	22.856324	23.446214	16.003043	18.134884	15.400892	15.653948	23.474205	22.903531	18.249619	5.866457	15.093096	19.444984	22.319373	22.312303	22.233759	21.714579	12.222869	20.707210	21.757319	16.432774	19.589910	18.374495	21.895528	22.894153	21.837258	11.859870	8.283535	10.351452	23.114303	16.220241	23.459753	22.027565	10.271896	11.593730	9.715168	19.594278	21.084668	23.482894	22.599215	19.443378	21.859444	21.229916	18.438244	21.061501	19.485927	16.714161	12.172667	11.625789	21.521775	10.825032	19.454497	23.541767	19.281268	22.087462	20.100695	20.987446	20.313217	21.486605	12.444704	16.642259	20.316734	15.072575	20.010022	8.290296	17.648326
22.144116	19.785044	23.705958	19.045469	21.295391	22.522141	17.769552	12.248922	16.663841	0.000000	21.540916	20.674521	12.120633	22.710286	19.607310	16.541496	16.778642	20.181369	12.014971	9.303046	23.697346	23.402364	20.147606	16.838777	23.215888	20.985445	21.646973	20.792068	16.183945	22.957753	10.863362	23.686071	13.859286	23.141706	14.548987	15.150912	21.644529	18.282261	20.227143	22.556696	21.936705	21.449413	21.485521	23.681983	23.144270	23.338127	20.671512	21.192910	12.585834	23.371017	20.630349	23.688904	16.078153	14.154498	22.299934	21.733544	21.761898	19.891801	22.952258	21.650525	18.839629	9.113008	15.047395	21.906123	14.655758	20.499859	23.322540	23.371431	23.064736	11.550337	23.489694	19.197427	19.427107	20.340669	19.917050	20.795989	15.491673	14.465431	17.123971	14.223669	19.924790	19.293286
17.089548	10.298514	23.466444	10.559224	17.880833	22.144376	20.516817	7.859781	23.156413	23.185307	0.000000	13.842172	18.060219	20.903187	17.247382	23.461226	10.741500	15.222532	23.468510	18.717464	12.841906	22.681992	19.165194	19.256090	23.728280	23.702692	19.167851	17.267116	17.251121	19.108885	18.848476	6.952626	23.481362	12.478132	22.228303	18.595917	19.775755	20.943225	21.948408	19.842968	13.112828	22.961502	11.024794	18.251373	20.244585	23.512083	18.228783	14.445102	19.179332	16.569011	16.005652	17.788496	19.975079	22.778437	17.944508	19.963394	20.699104	23.056513	15.668155	18.413099	23.577921	22.923158	21.930564	19.241951	8.672890	20.462030	22.347928	20.065489	18.852956	23.011659	19.137034	18.248310	11.262015	23.102864	16.758023	21.852310	20.444133	18.636772	20.729121	22.221115	16.483311	9.498123
23.092224	15.768261	12.911250	14.469922	22.698816	22.702259	14.587165	23.102646	20.959669	20.950466	18.889575	0.000000	23.197040	21.859125	19.372380	23.470587	22.023586	20.522247	15.570751	22.915190	17.367511	13.847711	21.869473	19.970619	13.291627	21.865175	19.735272	7.261693	23.414454	23.540566	19.195140	23.148178	15.455460	18.745567	15.802088	22.791557	11.504948	13.828578	19.289448	23.181838	22.438091	23.044380	20.042524	9.577299	15.681866	17.434343	23.636644	23.069054	21.794471	13.940406	23.246878	11.796147	20.367119	16.761884	20.324801	12.095979	22.642016	15.805457	23.389297	10.444040	22.486403	23.168429	23.368345	22.760440	22.481613	15.718932	7.535547	18.473949	15.754315	23.005617	23.729240	19.386488	23.245658	10.990921	21.432462	17.508001	21.359744	8.942290	21.445383	20.489270	8.723548	22.667093
16.997873	18.831978	20.975908	18.673697	20.320482	14.227180	7.656876	23.720020	12.687947	16.705656	14.481207	12.131946	0.000000	23.542415	22.719488	22.952349	18.050668	21.542147	19.562225	22.879755	11.845254	22.774017	19.277839	12.297089	22.569603	21.882895	19.074188	19.784043	23.254834	22.522394	20.036635	23.637342	22.613911	23.698069	15.231781	23.510408	16.417444	13.242862	23.574705	19.348750	17.891492	22.173390	19.725621	21.180564	21.201068	16.778005	21.667881	22.313770	23.393974	14.323570	23.375394	12.271415	22.782005	23.615430	9.703886	23.578438	23.697756	15.549460	22.763955	20.816001	16.936129	15.763038	20.261208	23.037031	16.147731	23.579931	9.168873	19.128523	23.724330	19.422053	14.241256	14.156418	20.789253	14.207211	23.278660	22.390600	22.705266	12.808194	23.208789	19.575063	20.275422	20.086162
11.243000	20.091190	19.473112	20.483646	17.090648	23.463716	22.161930	23.628220	22.090653	19.327522	16.843541	17.803843	20.847130	0.000000	18.044264	15.997209	23.429205	22.095677	10.894712	17.354748	22.294756	23.521035	22.860658	23.012028	16.786018	21.574106	18.978196	20.546204	22.872864	20.616487	20.718904	18.329860	13.648015	23.564589	23.513528	18.708605	15.013066	22.713955	23.200542	20.212090	18.849541	20.691126	13.793304	20.211947	22.822464	15.819611	22.032738	21.265745	18.610403	22.299762	22.710323	18.109232	23.704399	11.965367	14.765432	15.525192	19.190920	22.913590	20.760094	16.947976	22.473622	18.102829	20.057139	16.391918	21.768015	22.890199	13.997928	16.293650	12.239785	21.975027	16.821930	20.748431	21.175321	15.290105	21.702244	14.914629	22.599098	21.690690	21.090254	10.190721	18.854790	22.400577
21.676173	14.186635	12.773460	22.843260	19.915313	21.340267	15.257389	21.633436	21.634170	22.325438	20.821168	12.535872	9.067628	19.652831	0.000000	19.119222	20.381083	21.209791	13.109940	9.630101	20.435776	12.095555	11.865126	14.212889	23.382934	14.293574	13.260301	23.220589	20.427220	21.152805	17.109685	17.133938	20.445332	18.638578	15.871058	16.209291	17.872152	10.670568	11.203605	20.325967	23.553854	14.136656	8.822727	21.727078	16.347720	23.719040	14.883064	10.427632	21.076985	8.798987	17.755812	17.876577	18.860739	20.373885	15.179187	19.013622	16.821980	8.316278	18.826663	22.987541	12.318974	22.678679	21.176351	17.542980	13.185976	21.677636	23.064943	15.605855	13.673456	10.905579	14.621711	20.449219	13.760286	19.908750	23.560459	16.612116	21.755365	11.356054	18.113829	9.961590	13.499599	15.176820
22.878220	23.326827	10.869615	23.537284	19.757231	23.092876	16.094941	21.818502	13.854366	19.890141	18.803802	21.679739	16.123567	13.349277	20.790975	0.000000	21.247688	23.575134	15.679073	23.486909	22.601718	22.526573	14.809484	11.797553	21.138868	20.117414	18.153127	15.342225	21.400721	19.277880	23.076715	23.391029	15.356172	23.717266	12.225651	20.861935	18.660834	23.157730	16.132822	23.373812	20.130728	13.605583	14.955297	15.203261	21.555865	23.486146	20.606494	20.855153	21.592332	20.301447	12.645265	21.612178	23.370465	23.626498	8.507919	23.576275	13.166976	9.395759	9.994155	23.091645	19.858672	16.586803	19.038714	20.077591	23.573478	13.861445	17.427115	22.812225	19.956996	23.467322	18.505663	18.352134	22.051024	9.594035	17.565001	23.064874	23.412385	18.282214	23.232978	14.825808	23.190068	19.224295
13.106290	6.779576	16.368269	20.559131	22.559601	21.649711	16.274781	22.309817	23.015387	19.303326	15.452445	22.757082	22.564736	20.578226	18.618195	17.457946	0.000000	21.497584	23.199829	15.543746	21.750509	21.577300	18.580060	13.079666	21.812083	23.293218	20.671089	23.609471	22.823453	10.051212	5.821547	22.047043	16.784904	22.990017	15.050675	19.999602	23.629573	19.619431	18.262703	14.932119	18.089835	16.000410	21.786611	17.767561	22.279194	20.316965	16.828991	14.607962	10.456965	11.683411	21.914281	21.718248	12.833200	11.803534	17.266909	23.654656	10.373166	21.437730	15.253750	18.240202	16.015545	21.465289	11.751871	23.575374	20.918322	21.823214	23.201604	23.691396	22.330938	23.079551	19.175569	21.860222	18.342842	16.323392	10.073044	22.624329	21.510852	23.559150	22.326039	19.290889	22.146957	18.383710
14.238756	7.093166	23.021552	21.855927	21.244384	15.659877	11.390675	13.885719	16.069404	14.986598	20.557665	14.007441	14.924358	16.665119	22.786108	23.518765	11.411163	0.000000	8.697932	18.351482	22.622492	20.335713	23.337621	12.351888	19.700189	23.262738	22.322289	23.102167	23.440753	14.022025	23.393989	15.338930	9.947519	17.046076	21.080745	14.428855	17.563750	20.506127	18.858651	21.494739	23.086393	7.236718	21.773057	23.711569	22.735636	22.730871	22.773001	20.049749	22.133425	23.502025	17.208351	8.902633	21.510506	22.108742	17.626528	17.460888	17.102096	18.127940	16.856453	21.579079	19.158519	12.628664	13.969024	22.876454	23.379188	21.032709	14.746806	20.656900	18.346448	23.346837	18.528310	21.777312	21.788254	23.560980	22.182458	18.854993	23.043002	6.670580	21.692915	22.725665	23.232055	16.426425
10.747153	18.299434	15.705923	21.978664	22.981158	19.030322	20.856307	19.596665	20.819967	23.394235	20.884721	23.729475	21.821922	20.113441	22.756674	21.036511	22.234031	23.231823	0.000000	22.687952	23.188746	21.314764	17.440602	23.364754	17.942990	21.399543	21.978291	15.078130	19.521996	21.789362	15.320951	18.238191	23.126998	16.318478	19.866876	14.970704	23.591416	17.446171	18.690575	23.358089	22.359707	23.429047	23.440434	23.462247	22.259482	16.455729	13.291773	17.708649	16.775631	23.584639	13.752745	22.384351	19.187275	20.002928	18.761785	23.152742	14.317560	18.860205	23.572974	17.527997	20.992228	17.605594	8.814256	17.407291	21.148275	21.056272	21.865213	22.974103	22.823435	23.555616	23.718641	12.519975	20.931578	22.209923	13.458458	21.536258	19.869414	16.646410	13.664890	20.394532	21.420055	15.345664
21.125323	19.035170	22.774511	18.884451	19.660752	13.252974	15.946912	22.509831	22.640052	12.410401	17.738495	8.941731	23.614511	21.634976	18.410895	18.177119	22.675340	21.213927	23.129400	0.000000	14.678098	23.599343	23.702971	16.459809	23.508098	12.838177	22.576686	15.057043	16.667418	18.883040	22.018817	17.132237	12.232629	10.647871	21.194218	21.233753	22.747752	20.431022	16.672251	20.942492	17.462864	20.406098	23.614128	10.439544	22.348429	20.479104	23.275365	8.484321	20.593252	23.614946	18.395586	13.650187	22.891439	19.944698	20.294788	19.086376	12.846254	21.410118	17.451203	18.832362	23.135610	17.426168	16.490067	7.103733	8.970200	17.075185	20.296203	13.191326	13.354733	16.471677	18.833055	20.379303	22.647021	18.912877	11.809543	21.035496	6.878863	18.433953	16.869518	22.704868	4.859220	18.031608
19.256855	20.736231	19.537091	23.412997	14.078956	23.289719	14.773750	23.560170	16.127850	7.182119	23.709284	9.211363	16.826098	22.074423	20.978800	21.694917	17.237867	23.675299	15.212519	11.149505	0.000000	21.520494	22.960861	21.882043	21.787899	20.200113	10.455962	22.107882	12.374328	22.938040	16.415233	19.788154	23.075434	11.849179	23.168809	18.831541	23.515419	17.158549	12.774059	15.532541	13.414594	22.952136	18.362685	23.537096	23.239646	10.744012	11.318693	19.140636	16.030235	21.445509	23.201406	9.583017	19.409644	19.212563	23.259975	23.729742	22.052490	14.146079	20.752848	20.653031	21.796218	18.371778	22.526728	21.610065	10.329653	12.442926	19.003501	14.587198	9.205724	21.577748	18.926069	20.420895	21.588698	23.712364	19.483921	8.873745	17.499493	21.785140	9.101510	22.560724	20.839937	17.663270
23.087490	22.544106	19.524961	17.677682	22.296247	22.386609	23.223256	23.459922	21.245893	22.406843	22.730717	22.130403	17.562804	8.791435	20.360726	20.316933	22.584566	11.448804	17.876521	23.715325	17.249538	0.000000	18.544575	23.378585	17.631544	18.116485	22.284502	22.484253	19.015476	23.217374	20.846576	21.475618	23.554272	13.432219	22.376959	23.577385	12.732373	15.358538	17.760260	18.677298	15.243240	22.893004	23.400442	19.683385	20.925559	17.855493	6.719917	8.690464	11.129958	20.773895	16.749416	23.405390	10.472974	7.729768	12.278422	19.508521	23.475486	22.572909	15.012149	23.090313	23.135602	23.571494	21.714156	21.803499	9.732120	23.233455	18.740988	19.651637	23.667430	17.104372	21.650086	18.890449	16.114306	22.881039	23.407095	23.669084	11.413948	14.563403	6.345402	17.393736	19.557398	10.553683
12.944650	19.203171	23.004381	20.243773	22.763978	18.319047	20.609248	22.068817	21.268728	19.619352	17.343143	20.400944	13.075204	9.049721	20.344792	12.096274	23.467087	12.387706	21.659077	19.608051	22.515918	13.193130	0.000000	20.755117	23.599689	11.151157	11.458695	23.722544	23.658369	21.861741	23.612690	22.462967	13.335747	19.887493	16.653055	16.547909	18.545160	17.307438	17.285113	21.971821	15.886148	15.923661	22.661672	19.580040	23.222026	20.662334	21.053962	21.524845	19.007151	20.599740	11.580337	22.620500	19.019079	23.464812	22.745360	23.398266	18.891362	16.251930	13.366752	15.683428	11.612076	23.551198	9.634874	20.436104	17.075508	22.833667	23.430218	16.922587	22.452559	18.944059	12.830657	10.113401	23.466203	19.631608	6.621019	19.216128	20.098066	22.996031	21.977271	22.161343	22.829431	20.996971
23.696218	16.712647	21.410218	13.753777	18.315513	19.947298	23.518595	17.954349	17.373669	10.811225	22.605525	17.763168	14.612658	18.343633	7.380468	12.536842	14.453719	15.072718	23.293667	16.926191	14.678592	21.716803	23.515003	0.000000	19.391167	18.283910	22.016049	23.109075	17.713486	23.515458	13.172549	15.045575	22.145915	10.818540	21.228666	8.069208	13.834240	22.576445	21.660384	17.780574	22.533618	12.603942	17.459173	23.526944	14.997564	20.195049	17.927913	21.535226	21.053758	22.755699	21.675661	8.849373	20.975267	23.526289	16.972236	22.806582	10.577851	22.904754	15.680718	18.620268	22.123448	20.455011	22.489479	6.357590	17.538762	12.948200	23.699921	20.296685	23.283088	23.394327	21.642047	17.431664	17.080991	20.819105	15.827961	22.855315	13.883160	19.637387	23.226494	21.200255	21.120501	14.952071
19.387254	22.749437	22.736726	23.638210	12.323006	19.319414	22.810384	15.201904	23.371094	21.326739	23.300807	15.358149	21.531642	23.694656	15.603044	19.599951	21.522168	18.758754	21.236723	19.366785	23.655641	23.456875	21.277524	22.234063	0.000000	15.315609	22.452015	17.175652	18.097635	22.259801	23.723896	16.942867	23.726921	21.470756	14.769708	22.443494	18.405003	23.093967	13.031353	22.773718	16.319941	21.396355	20.425750	23.474477	20.612802	11.539710	23.318090	22.542780	10.379696	18.980436	12.574551	22.901976	22.452612	23.436818	23.721923	22.178434	11.994975	21.174625	20.858034	22.186380	18.006963	22.939741	19.900630	19.766781	22.223625	7.283888	9.870395	21.259177	22.531105	13.410522	17.237385	20.772228	14.177985	22.732788	20.563904	23.716615	22.684545	18.041781	23.319871	21.876529	21.249827	15.669669
20.536207	23.504419	21.181614	9.287288	21.054762	20.771098	23.609826	18.142233	22.793671	22.054999	15.742919	23.458834	18.832581	19.613426	18.732190	22.569142	17.028599	22.940129	23.717395	14.481813	18.793158	21.285612	16.284182	16.487892	21.135940	0.000000	23.672651	12.253735	12.002940	20.842974	22.519245	22.731263	22.612835	21.326796	21.380033	20.694001	16.998192	13.195358	22.135028	19.865060	17.961074	20.850872	22.880629	21.960955	18.733891	10.674699	14.579540	20.220372	18.851776	17.639201	14.659203	22.089115	23.140937	20.374532	15.773598	20.873209	14.892822	22.304109	22.518693	15.015007	22.498904	14.314351	22.830827	15.071133	20.860831	19.864941	14.614527	19.519629	23.692917	19.486286	20.949132	23.720851	10.362055	8.359170	22.764431	18.275937	20.749716	22.321517	21.555283	17.948386	12.493104	16.044844
18.940463	21.450585	12.123659	23.256061	22.884135	23.597560	23.688409	21.111502	15.703906	20.609885	21.985851	22.575229	8.996893	12.612899	12.137791	23.214131	23.055283	17.348714	13.279327	9.575409	18.043499	21.431073	20.950612	23.442533	17.125040	9.802733	0.000000	22.381341	19.085700	16.863355	8.144360	19.588837	23.494589	21.930410	22.135199	23.061120	22.387270	20.987384	16.274881	21.114064	16.775704	17.204453	21.964390	23.545255	22.638698	15.796014	20.430234	20.092944	23.109784	20.762795	17.358112	13.258077	18.704023	21.942383	9.501656	23.365286	15.625611	21.937624	19.026901	19.062048	22.968302	23.467857	12.220683	22.148785	9.039565	14.880675	22.803470	19.601242	17.088628	18.469074	21.988761	18.270654	22.693147	23.656779	17.694508	14.176344	22.587225	15.860730	23.489520	22.084009	23.070286	10.313860
22.648266	21.948548	23.538680	20.432954	20.777383	20.012866	19.057284	21.975166	20.859302	18.713675	21.466643	12.086174	20.251670	15.253480	14.883520	20.458558	20.409467	22.122392	19.697918	14.647810	13.546311	20.748396	14.852621	21.686736	16.680655	13.435606	13.701716	0.000000	22.058576	22.833688	23.726044	21.451626	23.624301	22.382596	23.109517	22.138827	22.961613	13.999491	22.813216	19.190960	19.655736	23.384629	22.978155	14.368299	15.534933	21.203469	23.351265	22.622103	22.739334	21.896105	23.714794	18.255987	22.430028	19.229026	15.464449	15.785063	22.349597	11.411439	22.272658	20.977483	22.051462	15.040260	18.625509	23.191296	13.534810	22.912625	23.657079	20.013904	18.590089	14.691172	13.166635	18.223194	23.652859	16.347492	16.835385	18.294291	14.207446	13.471903	8.005242	22.545310	22.885062	22.699155
19.871267	23.274649	21.346487	22.104958	18.519893	21.294610	16.247463	14.069260	12.514692	21.908411	20.798494	18.616479	19.183334	21.424843	23.346724	19.031845	22.245866	18.477188	13.493384	20.768932	17.041610	20.925841	20.741486	23.403842	20.896466	12.722549	15.540016	17.336821	0.000000	17.842538	17.653400	23.379155	23.539823	23.282741	23.275920	22.941197	21.532709	23.140505	21.272528	11.020845	18.573960	12.041995	16.435051	23.163318	21.171556	22.868632	20.329147	16.712117	22.330720	20.750104	15.646612	21.695676	22.939370	17.550621	20.173710	14.354843	13.555665	10.437318	14.724573	20.817303	13.632708	18.533232	21.685520	11.005536	19.110006	13.694318	19.556064	18.715844	21.895327	18.999559	21.992436	23.186678	13.851170	15.711858	19.731893	10.517130	14.614741	12.501448	21.818408	20.403351	23.249470	21.679546
22.807565	14.166326	21.336779	23.190859	15.986245	20.890587	23.684522	16.094027	19.066774	15.952515	15.878417	22.222199	23.583604	23.426276	18.481076	23.243720	22.289037	19.714870	22.932561	22.876399	11.741089	22.786297	12.944102	23.173123	23.056129	15.401752	9.034940	18.629144	22.667720	0.000000	20.027711	23.061121	23.641102	23.392498	22.440035	19.331049	18.441152	20.755647	21.615306	17.039915	18.709635	20.784177	23.409624	18.206276	13.382218	19.108719	20.353394	22.860504	17.504520	6.968863	9.724820	22.123644	22.915420	21.880929	23.631550	19.037481	21.074227	6.825497	17.722222	22.688337	17.072005	21.656357	15.859800	23.387558	15.654633	23.290325	22.037066	23.294793	17.833268	19.537730	22.155747	17.322772	22.362826	22.871048	13.830658	14.689793	11.596434	20.782349	23.395136	13.468971	23.552543	23.355309
22.032074	5.981554	16.596119	21.723102	13.046340	23.442187	21.064241	15.123291	21.410309	18.696733	19.323899	10.406651	22.250985	16.859759	21.130778	22.880359	20.352275	9.269523	16.666730	13.579031	19.580104	21.163082	21.760502	22.276382	22.181971	18.878814	23.086919	20.831916	23.120377	23.056080	0.000000	22.280700	22.323769	17.001048	22.515025	21.691916	22.211857	23.511237	20.890266	22.932675	14.999282	17.395869	15.416578	22.317551	23.219493	16.018958	21.956885	23.309610	20.454013	23.686533	23.143639	22.967612	23.698716	20.428173	23.147964	21.845782	23.080326	20.842371	23.681329	23.724596	16.687637	20.393025	18.066629	20.308552	23.342984	21.282050	17.468408	16.972748	12.832958	21.468395	23.115607	11.726150	12.731170	18.277097	20.326302	21.353371	20.112086	18.551353	11.504232	19.335716	21.016533	16.500803
23.674745	17.784906	18.829018	19.098638	21.338801	21.115671	23.589692	6.807964	20.782377	18.156662	17.614235	6.026865	23.530758	23.701851	21.964329	16.192576	14.825732	20.393884	23.471767	23.244419	20.092871	17.532521	22.813257	23.229986	8.305627	18.968417	21.677775	23.415523	23.160123	23.704187	20.544272	0.000000	16.052613	22.630682	21.272040	22.837802	13.624172	19.888741	18.119686	20.349195	12.763072	22.216850	22.963046	23.152631	16.709611	18.839218	23.503706	22.386510	20.733059	18.135963	18.656713	17.402159	20.767980	13.722175	21.967046	22.559362	16.636607	14.112079	21.974540	21.218834	22.768288	22.341636	22.829950	21.229248	15.856549	20.652966	15.160781	19.476741	17.493379	22.350236	23.704461	12.932688	23.463303	9.498143	19.850248	22.069561	22.091550	20.986168	16.377994	23.580540	16.433359	23.325219
23.553039	11.081457	23.315621	22.620071	19.450574	19.608721	16.426037	22.407519	16.639275	20.083579	18.261462	21.044843	23.421963	22.615529	19.639027	18.201108	20.880799	19.432602	22.821193	12.592710	22.510709	16.902140	23.632429	23.058643	22.129301	23.400582	22.248616	22.917369	14.307993	23.589310	12.404871	21.346298	0.000000	22.907784	20.342924	9.713111	19.294547	20.112427	15.399005	18.873729	22.421684	18.435740	17.803910	14.917910	16.864261	13.818603	21.968108	22.093290	22.619479	21.487233	21.839316	23.497767	14.409411	21.192716	12.646103	18.556140	14.541535	23.241552	23.071672	18.374594	20.732888	19.035444	23.714921	17.201443	18.987981	23.492395	18.663315	20.910578	20.751773	19.885544	7.188833	14.129327	19.335285	22.635868	20.405698	23.707517	10.949551	21.350688	21.942390	23.426048	23.071954	16.184556
14.686773	23.191892	23.073781	17.640511	23.019803	12.993924	21.109392	20.352543	10.839406	14.007926	20.632051	23.254996	15.689891	21.267565	22.940937	22.562127	17.711607	23.728530	21.748363	15.379458	11.722684	22.983227	23.674684	23.609019	18.269570	20.136630	23.694280	23.373134	17.971447	22.006544	23.002981	21.921102	20.111361	0.000000	18.988525	10.878426	20.764148	14.783692	23.569851	12.217497	21.463089	23.666190	23.088537	5.565528	12.820354	15.072766	18.600677	16.288496	19.700406	17.393325	23.625953	22.831258	19.975540	20.793748	22.482928	22.594374	6.555381	15.085198	22.080567	21.056719	14.777723	22.327239	23.623973	17.169258	20.615099	20.175212	23.383434	19.880770	15.629547	23.018674	19.300780	19.215474	9.941699	15.046201	21.864121	18.150983	15.787474	23.351936	14.903764	22.357825	14.800460	19.347391
23.433239	19.381419	18.085080	13.463425	22.542125	21.569141	23.160349	23.667477	20.419961	22.918728	21.871316	22.824489	15.717679	14.913839	19.874045	21.118798	18.281268	13.250227	21.106472	20.984358	19.270204	7.628845	12.123096	19.829547	22.406209	20.325997	22.836536	22.770468	22.381426	21.408606	21.600010	21.330158	23.419403	16.309656	0.000000	15.749507	22.989317	23.104471	23.472016	18.221204	22.261638	20.509017	19.049047	21.985870	21.412186	22.752347	21.536546	23.612335	16.321597	12.055304	23.357798	21.030657	11.532558	23.474151	16.954570	23.624579	14.233617	17.450286	23.552983	19.571353	23.118469	23.710990	20.049399	20.555436	18.568695	13.532911	21.325187	21.130020	20.316234	15.021136	14.548014	19.771095	23.280906	12.935687	12.294408	21.959190	21.266526	23.427111	18.513450	10.513688	16.767381	14.079962
18.730265	23.214220	19.040018	18.711948	22.903104	18.272201	20.582660	15.247581	16.536734	20.923480	11.261762	18.297707	17.220954	22.644056	22.939505	19.944233	19.199086	22.540829	19.965335	16.792789	22.794080	21.357229	15.434850	19.321952	20.826253	23.168059	20.727237	20.311188	15.711557	16.064027	23.601198	22.977005	16.766538	16.978345	23.149975	0.000000	23.329189	23.161409	9.836004	19.877933	16.836273	20.252216	23.667366	19.695044	17.347316	23.664986	18.010086	15.579293	21.556795	19.154480	20.251500	16.934962	23.724466	19.983228	18.901771	16.562057	17.484647	22.970505	21.254237	22.777471	18.469782	21.587217	21.990889	16.867117	23.222223	22.293704	22.960562	22.049633	9.283466	22.453602	17.246799	22.224929	21.185748	21.575198	22.881429	19.843153	14.059224	23.309786	14.872387	21.868559	19.923991	18.291986
21.225141	20.551432	13.931415	23.227086	23.438377	23.140566	17.309905	16.355428	16.910741	23.570278	23.697644	10.910934	19.586881	13.150826	20.741969	14.719451	11.433396	23.171223	22.852771	22.842790	19.061885	4.834289	21.821840	22.300984	21.439592	13.340224	22.244162	8.171256	22.820741	18.549099	11.762685	21.441595	11.412483	12.530744	22.875028	17.685394	0.000000	5.440113	18.609714	20.512608	17.536002	13.389877	20.192277	10.409822	14.501133	14.964991	21.264552	22.781221	23.519526	18.679221	12.342539	16.322498	20.601755	18.964760	23.160117	19.849294	23.436109	16.812577	22.277078	23.366633	17.011718	21.568254	23.530605	19.558097	16.508747	23.680987	23.038617	22.245394	12.717985	23.465372	11.156128	21.448011	15.878388	19.392293	16.959833	23.480087	17.142728	17.732535	22.748800	23.693050	23.596181	16.188803
14.870088	22.820390	17.411841	8.356613	21.876202	14.718809	22.558404	21.539023	16.679012	18.949638	16.295536	10.777487	19.557392	11.123632	23.322331	20.353938	22.883366	23.629251	22.299880	22.847947	9.577226	19.657913	18.642770	13.305497	17.728211	20.604109	19.721919	21.937368	22.386320	20.476195	20.773976	22.350687	17.236304	18.419224	23.653205	19.591260	20.617249	0.000000	18.116010	21.834330	23.724947	21.826269	19.763673	10.628787	21.609819	13.882057	22.035224	13.634244	23.706005	15.768514	19.637873	22.519468	20.451362	21.038064	10.821026	6.160488	20.177221	20.784676	17.340671	20.193069	18.296296	21.276820	20.959819	21.942048	23.051413	18.149397	23.514402	21.071625	5.511559	20.364194	23.524241	10.008939	20.604713	23.512604	20.053510	20.192879	21.219046	21.970021	18.468746	19.368863	21.745936	16.175407
23.320581	17.146192	22.771367	17.431407	23.296442	19.764957	22.701454	23.285584	17.454653	15.582212	14.704876	22.058635	15.369813	23.584448	22.615560	23.275965	23.370345	17.149670	21.062934	15.405695	18.859206	23.023307	22.304991	21.833608	19.013614	6.934225	13.864198	16.503044	22.228529	20.322887	20.688817	12.899004	15.714743	22.949412	23.020696	22.550615	21.370914	19.755270	0.000000	20.448089	23.473096	23.676786	23.151438	16.991058	19.851213	20.224762	18.131697	23.207293	15.815874	23.696765	12.366322	20.965253	18.275330	22.792228	19.940923	18.226307	13.958232	15.305293	20.762394	18.944157	13.474626	14.245460	19.938811	12.375675	17.211493	15.953109	18.299827	17.140369	23.382560	23.520330	20.463985	23.490920	18.956909	14.150443	17.108364	20.679750	22.414209	18.790917	14.079804	20.862909	23.499222	20.449630
18.055288	17.671425	22.362534	22.409129	19.634254	23.349677	6.786954	20.479875	17.318816	21.532767	22.901254	22.884603	20.878511	23.383700	14.707284	21.878075	20.171221	14.889830	6.185877	13.521368	22.926684	17.671273	23.170021	21.334710	22.817343	19.545575	18.924743	16.525304	21.424844	21.843560	21.819872	15.624972	19.190963	22.055077	18.455749	16.618552	17.672476	23.160063	20.418991	0.000000	11.787145	20.763495	23.180093	11.997686	19.512774	23.343196	22.590528	16.087446	23.371804	20.770348	22.749570	12.270007	19.813202	19.690567	15.421218	12.329666	13.663079	21.605930	20.614643	17.242381	13.569903	14.444687	20.903798	16.688032	16.455671	22.738112	15.764305	23.390113	19.478152	16.505025	11.132620	22.210027	22.018436	19.450729	10.760890	22.690267	21.173549	21.702879	17.791785	22.145184	23.064904	16.985109
18.871519	21.041143	11.745584	22.521444	15.843472	9.975202	22.448671	12.652873	17.931996	15.727979	20.641877	19.309576	20.453178	19.456116	9.219451	11.210931	17.830056	7.813916	20.896251	23.335880	15.704926	16.942447	23.728706	17.587450	9.049944	19.839670	10.902322	20.459894	22.687763	16.523654	20.596713	20.578985	19.848693	15.215299	9.156318	17.159905	21.087731	10.566540	16.483306	22.672466	0.000000	19.837735	22.082281	19.336665	15.173095	23.417116	19.379524	22.592883	20.097993	23.568418	23.258318	23.190174	14.421769	22.518158	21.151552	20.608323	16.535177	23.710363	19.670596	23.041412	14.948215	15.630129	23.471746	22.696852	17.400516	20.455321	22.415652	23.586088	18.156169	18.996311	20.295863	8.180317	18.893492	22.322266	11.053707	23.163939	8.362497	17.928018	22.336113	13.259384	22.210776	17.707010
14.865820	23.475088	22.627074	21.659045	20.155544	19.398026	23.184947	12.812005	17.454851	22.535338	23.695081	18.358635	14.510583	21.904230	21.812242	22.834844	23.259577	23.435781	23.010919	21.512486	22.259249	20.298890	14.776231	15.169706	23.158239	18.733648	14.201444	18.407172	19.453842	20.021377	15.054031	23.545409	23.700467	22.938907	17.940999	23.511994	18.154482	12.103843	20.629959	22.024769	16.757311	0.000000	21.630169	22.889687	11.127787	15.674491	21.271294	21.122899	23.078961	18.308795	9.421619	11.615096	19.205880	21.904478	21.088873	12.687078	21.434976	14.111681	22.426193	23.298238	23.060076	22.901874	23.167763	9.340941	23.373563	23.028630	22.258519	23.697775	22.957346	21.326280	21.018655	19.205548	23.188258	18.998664	21.273531	21.024098	19.862387	21.186081	8.241551	21.606519	20.920048	8.355009
14.435732	20.449079	12.507607	21.390996	20.903178	21.231525	16.562165	18.434996	17.225387	21.641931	23.726240	21.308028	22.442235	22.868381	9.535306	21.570042	15.988735	12.795003	18.516376	23.098901	16.428788	20.257726	18.404583	8.927803	22.559427	17.544849	21.592294	17.634569	23.565308	14.121783	22.063239	23.670807	20.467054	18.917510	23.649360	23.527129	8.533950	20.938070	20.992809	17.478929	15.791998	22.336565	0.000000	20.512575	17.127220	22.164741	18.487449	18.356770	20.657808	6.881120	13.263628	7.667915	22.981894	23.500607	19.957548	21.579434	23.389759	22.549076	20.871668	20.276402	18.083242	17.252028	19.931654	21.148606	21.485768	18.036463	23.586214	20.538470	23.625304	23.191893	19.468947	18.074883	19.337319	19.319531	17.909659	23.114657	20.787642	18.853055	8.850160	19.654796	23.290756	19.685571
11.165458	22.796350	20.086129	17.493024	21.998509	20.573049	21.408012	21.915178	19.093702	21.507844	23.117518	9.688559	22.876077	18.798523	21.998043	14.499811	21.696272	20.261286	20.919931	12.158137	15.338204	18.708947	19.052870	19.468456	5.316009	18.274554	19.043570	21.580893	11.764118	12.149702	22.455760	22.366083	20.258593	22.107083	15.635975	11.898358	23.701898	23.146068	22.006908	11.109589	20.466333	17.062133	23.415593	0.000000	22.531212	13.101914	19.334797	21.906321	23.620864	14.230219	12.512816	18.475068	8.128940	15.476612	19.309842	19.766891	22.951914	23.393791	10.582631	21.524892	19.361592	23.100238	21.708072	12.830852	8.044380	18.646150	8.169092	18.239777	22.799474	20.504358	22.483845	18.254546	9.453735	23.255728	18.012514	23.565419	23.040596	22.033874	12.087755	15.881721	22.536453	20.243212
14.140670	19.180165	10.163818	7.304335	17.607987	19.724724	22.143455	22.198763	22.265439	15.290717	13.620640	9.859017	19.031120	20.959352	19.697738	23.047068	21.990721	16.188949	10.107773	16.585710	16.116671	16.007378	22.719935	23.638413	20.137467	20.825712	23.671043	22.064202	20.366462	14.239521	12.421312	17.216200	12.467542	22.980566	20.744311	17.866442	20.666094	20.299113	22.641347	22.796066	17.801003	19.993610	14.099130	23.621333	0.000000	12.550116	21.127043	21.301231	20.416021	20.741538	15.058911	22.668066	23.193942	23.181753	20.412579	16.923169	15.631913	8.917931	18.266583	23.720499	21.235571	22.931930	21.552574	17.694898	21.926959	16.615784	21.626496	21.977178	22.071567	9.957460	15.050993	15.446437	19.200946	12.402732	20.741972	23.688273	14.923148	23.416224	20.446470	22.285421	20.838172	17.555167
22.594774	14.881084	18.924315	15.062002	19.989209	18.841445	23.524594	17.114304	23.719490	10.362138	18.906388	23.377624	14.978520	20.803684	19.342881	8.473561	17.497248	12.642970	22.546930	13.336236	18.087265	10.483403	23.466337	15.557559	19.387734	21.143560	13.494139	16.816421	22.259058	18.328578	21.903417	7.097095	10.617679	14.655049	17.672575	22.872270	14.879170	21.842483	19.747079	21.546681	19.619936	22.596351	18.255956	23.549426	21.166010	0.000000	21.821587	16.418421	22.490072	23.174689	20.963615	14.742528	19.213626	23.663765	23.462494	22.500770	23.636399	19.034381	13.571007	23.231527	21.136212	22.283422	18.696878	22.773094	18.164582	22.845900	21.432115	15.440499	21.319111	22.795020	17.064306	17.044044	22.247582	19.144482	20.498075	23.608182	12.246757	16.117006	19.812463	23.688618	16.990959	18.351193
23.550621	23.697070	10.913139	23.513055	23.263203	21.399638	22.286506	23.231916	22.961875	12.616803	15.528382	21.037414	19.284844	19.451629	15.213928	20.472310	23.207103	19.779823	14.122241	19.342121	11.026364	23.653098	22.107911	20.730967	23.155662	16.859061	20.237859	23.442104	19.094020	15.448568	5.909785	20.075587	18.169346	20.074550	21.092675	16.825016	13.440244	18.102004	23.510281	22.332866	22.889599	10.961005	19.833529	12.160343	9.036850	22.728481	0.000000	16.071933	21.922902	22.731327	16.431822	23.195294	22.071064	16.035245	11.238334	23.631153	21.474010	13.951993	14.430842	22.300030	19.223919	18.072595	7.195219	20.234817	19.297183	23.564451	21.303960	16.769373	23.242213	14.906304	10.251543	17.439163	19.971088	19.378676	21.048619	18.370793	17.513004	9.854871	23.688208	23.158640	14.932766	13.624319
16.455744	22.926677	20.623176	21.699670	14.376930	18.061323	15.036212	22.632587	12.862977	16.991740	22.674955	20.333670	12.829248	21.795989	20.967214	13.880125	19.295490	22.538538	22.424407	17.979468	23.203111	14.788385	21.555534	13.877321	18.950911	18.473388	23.646590	23.423427	18.257274	18.486588	9.811875	15.574479	10.316148	23.725207	20.640805	23.500517	22.502646	13.203002	23.280007	23.326427	16.219793	20.218400	22.677514	16.873047	16.449608	6.099876	21.614816	0.000000	21.721161	13.125368	19.944022	22.286278	16.338803	22.042841	21.351280	14.785082	23.330188	16.406997	19.412060	17.705979	23.655817	8.908921	18.959281	21.669541	19.124232	22.646456	9.446172	21.890604	14.077100	14.495313	19.372212	22.196569	16.940550	20.305509	18.396932	22.503674	23.354486	11.591246	5.213804	20.023604	22.046663	21.856120
18.469973	23.496143	22.042179	18.755223	17.990637	10.800849	21.098362	23.351323	19.843189	20.203633	14.758009	18.594360	16.074234	22.123737	20.768999	8.488202	8.449373	22.573889	22.394616	22.726968	15.911051	23.438846	17.495610	23.153927	18.372702	21.405444	22.285602	23.675389	14.707969	23.683225	22.812912	19.491598	14.754858	23.388739	23.609097	18.979743	19.260389	21.758034	22.640307	23.379833	23.458417	14.192534	23.366474	23.422944	20.698948	17.905541	14.088461	17.955247	0.000000	11.393965	17.114936	19.437389	19.816882	17.640079	20.548844	22.547759	12.027223	20.354357	17.004161	22.625111	18.820019	17.436548	23.435920	19.423947	16.537158	14.836531	21.372301	23.704276	18.722801	12.337803	20.904707	22.403213	20.070653	22.490153	20.448326	13.685556	22.179328	23.700451	17.491853	17.435274	17.148077	12.871331
15.447317	23.564385	21.127897	19.459533	23.043347	22.639199	17.998692	17.692440	22.685654	13.742985	21.563104	23.328197	19.822044	21.276217	23.230427	21.402313	12.374317	20.716627	16.668565	9.046120	22.914392	15.606366	22.095087	15.585170	19.849789	22.416812	16.736946	19.587007	19.960213	17.348833	22.564956	17.076482	19.445251	7.914538	22.041860	19.855181	23.219335	15.771204	20.274848	22.323366	20.381727	21.365301	18.246905	21.536724	18.823765	18.512066	19.808051	17.620479	22.658446	0.000000	22.575670	23.546710	11.179790	23.464519	18.091516	23.470724	23.065645	16.984844	23.629906	21.903103	20.338701	18.314893	7.972592	17.605827	22.572541	15.762987	18.835273	18.091853	10.571006	22.927098	19.950326	22.233883	23.529574	15.037401	15.225423	17.305907	16.450949	19.412658	12.653958	20.711730	23.335752	21.572232
20.671560	19.639880	21.332244	13.705748	20.199514	23.626591	20.374624	22.277922	20.086096	18.169086	23.295215	22.432152	12.113032	11.888748	13.159062	20.385603	20.926012	23.407034	23.022477	22.610973	15.648885	23.260941	11.250374	22.835463	7.003752	10.709533	18.262670	21.594610	23.707759	23.540800	23.704376	23.189576	22.097211	22.778583	17.865336	23.086299	23.708277	21.457715	17.893146	14.727960	13.434801	18.847717	23.193237	19.589054	23.663132	21.222252	21.760924	22.849525	21.741435	23.033252	0.000000	19.619191	22.695485	23.341790	18.697548	21.292610	22.118698	17.619061	12.782444	20.575182	12.305297	16.217114	17.610759	18.536744	20.033546	22.654494	21.377233	20.616085	22.608429	23.570216	23.458100	8.608351	17.010112	15.292564	22.548617	11.336657	20.348568	20.104209	21.980787	22.681533	10.476662	8.567114
21.202152	6.439187	23.702870	19.823807	14.181417	20.647128	19.164660	18.327762	6.086095	15.837197	22.353059	23.492798	22.059911	22.144372	16.561639	23.551874	16.375021	20.841453	15.116100	20.434454	19.379955	17.818124	22.656885	19.458246	9.300084	19.837714	23.074039	22.169598	11.372448	8.165896	22.496121	19.888737	17.707397	17.510594	18.333955	15.615376	22.822543	18.567663	21.386179	10.911613	18.945404	23.194145	22.488372	22.288698	17.743703	22.987731	13.139736	18.602254	17.710192	21.780358	18.035020	0.000000	14.547189	19.877325	23.446456	12.136311	15.505525	15.471891	20.767816	17.341008	21.662728	21.531589	8.569628	17.608295	21.840365	15.824862	21.397335	21.172729	19.150941	22.269718	19.630202	12.338589	14.298362	23.039254	18.928605	21.893895	13.017106	6.077529	7.941608	23.356259	22.872367	17.198475
12.100752	22.771988	11.145523	22.954370	21.052632	22.491144	23.695930	21.725697	23.640586	12.758478	14.673255	20.058004	21.223703	22.801249	19.859198	18.401127	19.377729	23.563529	14.132340	23.558377	16.106896	17.962940	21.302945	22.566356	15.136602	19.185205	22.871156	21.265594	18.291738	23.285907	16.919972	16.660279	19.134720	16.004353	23.136629	22.011471	7.631483	20.772450	21.861184	7.393410	23.458171	19.827099	17.753170	17.420803	22.974186	16.294312	6.720198	23.359374	14.399427	20.862359	12.808300	17.555553	0.000000	18.973261	11.032133	23.040378	18.477669	22.171351	23.449087	13.703276	21.443250	21.717844	20.448192	23.472048	22.247953	22.803837	20.215801	16.589690	13.283507	16.774869	23.115041	20.559091	21.284142	23.721459	13.758863	16.542555	18.849135	18.380899	21.194071	14.556645	22.471198	21.791635
18.333260	21.493862	19.009010	23.060138	19.733668	19.506139	18.382741	18.750560	16.906017	19.974524	22.672813	22.476486	22.024018	14.064944	19.500542	19.760724	21.898881	21.511912	9.379737	19.867649	17.567383	17.690253	19.352847	21.941862	22.372295	15.217617	17.373313	18.116360	23.099140	23.394393	18.839603	20.777119	22.611944	21.430819	14.857476	19.558328	13.636440	16.289362	18.240574	15.459437	23.222346	6.749866	20.209722	22.873882	15.516477	22.355209	18.470113	23.329862	16.848079	20.156667	22.935682	22.019697	20.657737	0.000000	21.262056	18.367376	22.104881	23.142741	22.616801	18.259793	22.185277	22.765546	16.424917	13.404670	19.818875	20.779054	22.683864	10.876980	18.553620	13.629822	17.538386	16.585689	23.395069	22.349457	17.934087	18.006372	23.319428	22.890338	12.369278	18.170927	12.982665	22.874710
22.552324	17.713694	18.769265	18.433018	22.054620	13.048723	18.531615	22.467435	14.977013	19.649632	21.170241	17.819006	19.464228	22.658925	23.083779	21.736412	21.975621	20.313686	22.865735	10.824469	20.516221	15.717494	22.932796	20.351745	22.875452	21.780173	22.928148	23.124934	19.988550	13.170059	9.310837	23.703598	22.537738	19.657522	20.552939	22.261809	22.325695	23.070176	22.400214	21.594728	18.771766	23.322060	17.573121	23.570971	14.343595	17.611868	21.335103	14.273464	22.187494	12.366384	16.863345	19.634592	23.029253	16.600255	0.000000	23.697603	23.482463	23.404815	21.740579	20.631047	10.693978	20.739575	21.092135	20.643448	11.606446	16.173644	23.592837	22.688732	22.924888	21.133515	14.516791	22.990617	16.726810	21.710088	22.999795	12.053525	21.773287	23.468161	17.581117	9.413562	6.188393	22.381521
20.854843	23.360309	23.583518	17.450620	14.854023	21.026348	23.579117	18.499735	11.178189	18.566046	22.039959	23.209655	12.492838	19.621231	14.251530	21.543960	14.170457	15.857991	21.292194	21.923794	16.852873	21.607539	14.728180	16.640685	22.311766	19.098416	11.371065	8.643953	18.697450	15.729298	17.396151	19.003513	23.682054	10.791832	18.451324	12.586950	22.091093	14.500167	10.337809	16.184183	20.059314	15.403906	22.239926	18.874288	23.708239	23.388201	22.671363	13.315788	16.025803	22.683696	21.076622	22.818494	19.373970	15.790414	17.856008	0.000000	16.061252	21.570240	18.114938	23.359517	17.559839	22.152178	7.608091	23.133986	22.993874	20.780258	23.077270	23.547019	23.599845	22.337665	11.548540	18.532510	7.375270	17.582212	11.904869	15.641564	19.604020	17.323087	20.444909	22.107358	21.504559	23.376027
23.502607	19.941633	11.948733	22.482168	21.495655	22.845831	20.705607	17.878945	23.698203	19.165973	22.428063	19.419948	19.707480	22.159440	21.853411	23.181948	16.423991	20.843349	13.019005	21.896426	14.829476	11.764202	13.914449	15.242935	22.296524	14.577757	16.998346	14.634681	17.073073	19.431279	22.215784	22.179330	17.839471	8.847448	18.678142	22.227478	17.135522	23.483144	19.717710	19.390116	20.646941	23.515311	7.532062	13.235345	21.380202	22.548601	17.504837	18.319045	17.950146	17.288152	23.361946	14.213701	17.104996	22.134497	18.190910	11.577259	0.000000	22.068414	19.764498	19.113694	20.734766	17.838988	17.961729	19.706838	21.383731	23.725636	19.492152	15.623721	21.698579	21.520320	22.382119	21.189324	16.556017	21.880900	23.408916	20.583944	17.897684	21.206926	21.198247	15.194046	20.282258	22.349049
22.505993	23.666575	15.958790	12.735689	10.513232	20.067552	17.893248	19.156330	21.064312	15.613433	14.457964	23.082628	21.715715	22.517238	22.461781	5.694081	12.085130	11.272848	15.909655	17.707052	9.180752	23.541800	15.120576	20.001754	21.185104	16.393105	20.441318	22.402381	15.217259	19.301109	22.078361	18.993419	23.384464	21.907887	22.299520	11.723901	18.194147	19.134482	12.857504	20.624669	23.017212	22.515660	16.335185	21.087035	21.664673	23.090461	21.083030	12.966155	22.498895	20.758899	21.843648	21.336681	13.642645	23.654047	22.164574	12.082230	18.800811	0.000000	14.844815	15.701803	23.163344	18.935694	18.497227	19.342751	22.051348	13.530286	21.758099	14.227651	18.679610	20.020243	15.326024	21.249041	6.784516	19.849442	21.294511	22.481879	19.958978	11.673766	23.517936	22.095222	20.077584	14.789016
22.934301	19.486395	13.917346	23.194042	18.697717	16.212560	21.523814	19.679088	11.425645	21.949683	21.008698	18.016038	12.785765	23.430024	20.395334	20.787306	17.614234	21.848402	23.104155	23.712710	21.848310	21.038618	19.324584	16.647988	20.334702	23.181526	20.651641	23.251651	21.595124	21.022650	12.643599	21.443828	19.833939	14.619927	21.877114	16.356472	21.526970	23.627015	16.191226	23.460961	11.473755	7.038991	16.444237	8.280025	23.657572	11.988614	17.223608	20.355443	20.657925	20.745051	22.709507	20.276875	23.042580	23.575650	18.053123	23.432763	13.634628	23.558965	0.000000	20.481788	16.707515	18.535448	10.979454	23.674325	16.053358	19.973786	22.660784	20.106614	18.750324	23.296275	17.696869	15.651952	22.881610	14.260142	21.037972	7.035960	18.878826	23.287996	19.502526	23.631294	18.001361	12.055072
15.431296	22.861332	10.432952	10.984280	18.245808	9.198464	18.374219	14.170706	13.886266	22.514043	18.289414	22.256533	10.031732	23.229693	22.380608	23.453340	17.652600	21.298013	11.722833	21.798128	16.238688	21.685710	21.494877	21.325386	17.226961	23.316987	20.506180	12.826376	10.799695	19.081792	19.610232	20.175318	23.483870	22.574880	17.658493	22.604129	17.116323	21.791403	18.835394	22.485551	9.375757	21.723380	21.494349	10.160586	22.422923	20.727379	19.758119	20.262884	21.283020	17.260971	22.524978	22.171158	22.223824	22.369494	22.159444	23.075631	8.162054	19.739604	13.559959	0.000000	22.474307	21.394650	18.614521	19.685069	14.651281	21.225825	22.158567	16.639219	19.665507	23.478918	23.300860	16.289355	22.777535	20.228696	23.486433	20.624393	11.172045	23.712732	21.966772	20.700302	15.790400	13.786004
14.865878	22.224248	19.245594	13.795834	18.107819	23.621824	18.140592	18.430370	20.895682	23.671424	15.024373	12.438817	11.927289	21.486706	23.644963	15.420301	21.756700	23.467082	18.522971	23.711663	23.445836	18.127905	7.424931	20.830744	23.597829	22.681894	23.248089	21.092770	13.081734	18.594438	20.355100	20.849298	17.501032	20.119174	20.242168	22.466110	21.906612	12.005268	7.908279	22.580588	14.846607	21.363916	17.097618	22.638392	23.185629	16.357451	23.391211	22.133719	13.697794	22.539021	19.001779	15.344061	23.554741	9.122373	15.515688	23.591947	20.242615	16.752022	12.969188	19.692512	0.000000	18.331550	9.933667	6.908176	16.425777	9.303583	23.086659	22.936164	22.696117	15.903473	21.689263	19.275920	23.591197	23.025935	18.028712	23.186786	20.967707	14.957225	19.449698	20.661751	17.585630	20.708832
22.889611	14.885037	19.190728	10.401811	21.116321	22.228064	21.537055	15.910796	21.851638	21.589386	20.977212	22.105935	23.069521	23.425224	19.210665	18.435095	22.354996	11.745053	13.761307	14.600737	20.133674	22.384206	16.159764	17.831966	17.027695	23.187538	22.437162	7.373952	7.161388	23.015385	14.711090	16.886310	16.338619	20.797701	10.175930	17.889571	21.938058	18.901693	8.058495	17.785582	21.558326	23.422632	18.360137	18.556317	22.358413	22.067588	23.292320	11.775109	14.914153	20.087748	22.026872	21.111824	23.496623	17.981195	11.385336	23.532658	23.475761	14.230049	22.143721	21.443285	18.767573	0.000000	23.700866	21.769182	23.403599	20.873002	9.283227	11.456468	22.057501	22.976587	20.926159	15.778770	10.281468	17.266500	20.281438	22.973593	23.644670	23.641787	23.635771	16.146636	19.478325	18.401495
23.681935	22.805100	23.481775	21.845261	18.968897	13.297386	22.572682	23.156834	23.528659	9.364508	20.193780	8.743336	23.697729	20.349442	20.969626	23.062447	21.579839	18.771786	18.457146	19.684053	22.424336	19.304799	19.827678	23.056617	19.050748	19.206722	21.856549	20.854429	22.352823	21.317976	23.275072	17.167585	20.931965	22.640749	23.005526	23.387224	8.503207	20.514709	21.264152	23.196371	23.607999	23.415221	20.843527	20.503637	19.753982	16.236727	22.420665	13.195922	20.273873	17.676879	10.038656	22.307237	15.651560	22.940034	12.046101	17.555494	10.965790	9.760873	20.623672	17.516809	16.213376	12.591759	0.000000	15.857429	16.686825	18.110964	20.482296	10.220351	16.138062	19.930953	18.375431	16.893454	18.753422	23.067573	21.177363	22.792952	15.714833	20.757058	21.562354	21.710271	14.703706	11.951116
23.348300	23.639106	8.220172	23.673370	20.627915	22.702630	13.295965	15.535744	22.928609	15.692532	21.874790	21.355537	22.850257	14.304619	23.073381	23.225892	22.395982	14.006398	23.188296	23.519091	15.543194	23.294486	18.754787	11.551181	20.770376	20.254722	16.228306	18.865211	23.459936	15.618263	14.341139	17.480046	21.423433	23.721491	23.434765	20.833572	18.174299	20.643144	15.896830	13.371681	22.770371	17.269183	23.599764	22.800617	18.029321	14.801651	23.709185	19.051068	21.792803	15.128567	20.287893	16.525132	21.600492	16.438351	20.928476	23.149765	11.111595	21.184818	18.011071	18.149052	15.752996	20.146721	21.445872	0.000000	18.444404	15.023544	19.903405	19.800423	20.657827	19.373807	15.434542	8.155214	17.515376	23.114563	17.649228	14.434654	20.565008	19.240724	18.198765	21.008283	19.325104	15.758669
17.967753	22.684620	23.185231	22.024872	19.243476	11.585868	20.839628	16.754120	21.922940	23.530109	23.660577	22.539387	19.329625	23.196710	21.674976	16.700688	21.771978	15.836709	9.851413	20.235897	18.312812	21.575954	21.905941	19.560139	21.210326	20.099842	17.870130	22.422042	21.357442	23.635714	23.524225	20.060722	22.856063	23.250908	17.861292	8.547183	15.189388	18.606459	23.469009	14.673840	8.496173	20.184928	20.128277	17.439436	23.081408	16.848413	10.085063	23.269543	22.865046	20.361738	10.238681	20.694225	14.898182	11.391170	16.799705	21.718156	21.964301	22.828697	22.292998	17.500078	21.772637	16.994577	23.473931	17.682141	0.000000	20.691862	9.370292	22.987346	19.667299	18.534419	23.421941	13.189184	11.627414	21.356207	20.978780	12.522434	22.879194	19.683995	16.629850	22.825248	22.345801	19.295043
17.953962	23.079142	23.502680	19.407218	22.170926	11.359806	21.147833	14.830990	22.286832	15.143624	22.047703	19.964802	16.598609	23.356381	22.477677	18.958311	8.879613	17.998345	23.631823	23.678113	21.201060	22.984547	9.755902	22.414789	23.611822	22.345919	21.533284	15.843966	16.309766	21.262709	9.315221	17.641159	23.484557	23.571251	10.241572	16.221307	13.248361	23.426425	15.593675	23.098184	20.125964	20.275370	23.467891	16.463301	17.967181	23.544697	15.298923	8.287363	17.468504	7.995686	9.636647	22.629806	21.938361	15.291024	22.079599	13.972535	21.857077	20.666712	23.514975	23.496802	23.204241	22.453161	20.580413	19.868207	8.321552	0.000000	18.549561	18.221809	23.150307	14.788514	23.071433	16.482360	23.226500	19.979632	10.893797	22.683839	22.855664	18.479046	23.220725	16.046024	13.007179	20.487694
23.400823	16.193677	23.463538	18.413063	10.524036	22.219775	18.367136	21.511199	22.853788	17.694772	19.521538	22.113361	22.219470	18.147975	20.308317	22.336064	22.937776	16.734111	23.649083	19.561371	23.272842	13.240538	23.342710	15.065610	13.938273	23.452721	23.729629	23.264627	16.679406	22.538676	12.711293	22.715229	21.787758	19.368934	19.524386	15.558760	19.495409	22.857571	21.578205	22.756745	22.375214	23.604038	23.479417	19.393227	21.867974	21.247520	23.080041	22.501405	16.365083	16.646398	10.836714	16.227215	21.300045	22.803881	22.846513	22.771562	13.944449	23.275127	22.905160	19.897834	20.269945	8.626975	22.719100	16.185956	17.142326	22.970705	0.000000	11.491852	21.701050	20.134040	18.560349	23.528078	19.294265	8.342965	10.231287	10.532939	14.897106	22.484762	19.457438	23.246885	23.489729	21.408149
20.596963	22.245995	15.938974	22.230100	21.633373	21.793941	21.089939	21.634789	23.635590	17.950970	20.894990	23.344723	22.868246	17.032188	15.480356	22.063013	21.718698	23.604998	23.709284	19.203789	9.118426	23.173339	21.282830	15.186334	18.273349	22.298844	10.560298	17.542587	16.711488	19.579494	23.538489	22.122572	23.488003	11.276530	12.953348	22.829969	20.860773	22.902296	14.945417	21.648088	18.065521	20.781398	16.048660	14.870565	21.131144	19.501212	23.104779	19.326846	17.249851	21.647429	16.078191	22.217263	21.263791	23.362069	22.228759	23.551505	23.548959	8.951941	15.653464	23.504879	22.922904	23.490132	23.077851	18.872390	12.079947	23.506889	22.765710	0.000000	23.476937	23.301829	10.726788	22.810561	22.841062	22.704272	23.018684	21.876256	19.770460	11.967993	19.789655	22.221574	19.632206	10.504480
18.590281	17.706282	15.786512	21.506572	12.473203	9.311178	23.575094	23.054355	10.471132	22.152313	21.381764	19.852675	21.358782	16.614746	9.722988	14.230387	20.098596	21.882957	21.878320	20.691957	19.553480	21.873016	20.865930	15.632326	16.164707	22.377054	17.115876	22.761731	20.891995	21.598672	23.676656	22.460346	21.386985	22.381487	21.873703	10.687312	20.252876	21.942412	18.828485	21.352900	18.701675	12.449691	17.820745	14.403614	14.359819	18.730633	15.734537	22.046647	16.633145	15.834364	21.266170	22.697356	9.126363	15.561169	18.009799	7.905148	21.262951	13.140885	17.282988	23.168627	16.719463	12.075866	23.435458	22.966117	7.093700	22.956382	21.511674	9.849947	0.000000	16.992221	21.654654	20.052183	19.446979	23.362710	13.369808	21.598573	23.729097	22.391945	12.138164	23.487638	22.394057	20.558253
11.149054	21.330506	22.163057	22.988647	9.443923	23.595786	18.775967	15.616459	17.024014	15.433116	21.256349	19.747468	12.950916	13.068211	22.806483	15.593882	21.097567	17.727831	22.557453	20.846204	14.810792	19.565226	21.570970	19.730607	18.279549	21.890130	22.498487	20.994397	22.104926	19.319658	22.116019	17.569421	23.182596	18.509383	23.375600	18.209966	19.110766	17.322836	23.190616	14.546604	19.454630	20.764912	11.664428	19.750078	11.044992	15.650896	20.672237	21.431880	22.697828	19.832285	15.028629	20.978194	11.887015	22.925625	23.587218	7.080375	15.173608	18.847854	18.772719	12.829329	19.353765	15.391554	16.744987	16.809552	21.409933	21.399353	23.438301	22.559262	14.647315	0.000000	21.894668	22.670585	18.150257	21.590117	15.043124	17.375864	21.413024	18.996219	23.559834	20.728840	22.794114	13.825315
17.409386	21.978670	20.866658	15.501969	23.702309	16.931526	16.444239	18.602307	16.776956	18.889940	22.902256	20.632237	23.637946	22.729513	18.411967	22.753622	23.322747	23.511412	22.153608	23.442570	17.366795	18.739319	4.974853	22.786264	23.614033	14.740187	19.637212	22.502729	13.321026	22.630143	15.484359	21.964284	23.108267	20.898719	12.346244	21.188803	16.315311	21.725548	12.958435	19.739887	23.728126	13.681246	13.008641	8.897521	22.502159	16.648157	23.308143	23.725950	23.633291	21.736580	21.655987	15.176989	19.343200	19.180135	11.225392	19.852935	21.667052	15.846314	13.694666	15.399663	22.285499	23.632506	18.795890	23.264066	19.634588	22.764337	21.971664	18.636285	14.715127	17.868155	0.000000	19.058530	20.640878	21.873675	23.678777	22.524275	21.225863	23.600775	23.403095	22.079186	10.985800	18.502382
16.844988	22.272858	21.213806	17.475367	20.991345	23.692065	15.017052	20.407645	20.369589	22.817002	21.471707	23.487626	21.589932	14.462707	18.735282	23.426274	19.312226	21.358176	19.098133	17.059507	23.131368	21.511959	23.567386	22.227888	18.164568	7.206143	15.328714	19.325946	20.018772	18.974096	19.526942	22.786660	10.312897	18.226021	12.819958	12.444634	21.533138	21.243477	8.655253	22.433422	18.445065	17.512588	15.965715	22.952660	10.457669	21.188596	20.810966	19.353700	23.700334	18.747932	19.615453	21.772447	22.367768	21.334397	7.322172	23.068260	22.530673	22.708133	22.706588	13.322132	18.428838	20.594430	22.872582	20.806806	22.059928	18.837953	22.453159	19.421353	22.396219	22.670315	8.803013	0.000000	13.430479	21.472204	9.662598	10.468373	19.996172	17.938041	15.823212	20.913137	22.054254	19.849397
16.573595	22.578218	21.220132	23.445026	16.479769	23.265510	23.510839	21.956228	19.878366	12.310674	23.720571	15.293031	21.531913	23.613306	21.784166	21.679472	8.086177	15.637703	22.711459	12.772701	7.071739	15.666852	10.913319	20.672689	22.696643	9.343892	20.506271	14.560456	14.854043	23.394533	11.698434	22.762661	22.203952	19.318436	22.129866	23.726442	20.729395	23.379986	23.718305	21.378507	22.053570	23.653782	21.586754	21.836569	23.605010	11.571638	20.124823	23.043718	11.164848	12.940388	20.386673	14.413352	23.367420	21.572421	23.375698	23.412046	21.474683	23.641032	18.639369	23.177706	15.698204	23.707601	17.613702	23.519446	23.399750	18.153445	13.213479	10.799515	19.081732	23.710535	23.376422	11.473225	0.000000	23.673685	11.333596	13.490797	23.510265	20.018078	9.487179	19.964034	17.520464	6.564248
23.627894	16.348761	20.110747	22.384998	20.973781	22.928009	23.660018	20.986805	22.261714	22.172651	19.656462	14.345077	17.347000	23.264733	23.276781	23.265189	22.180150	19.229382	8.714820	18.157465	15.893276	17.553786	21.409978	10.515953	11.760362	18.170243	16.442202	14.879581	23.382458	18.027595	21.304817	16.668054	22.853408	11.361226	12.791231	19.628669	17.564856	20.556858	23.085062	15.174316	20.679754	9.438462	7.512212	20.136878	17.385306	23.202673	19.409021	23.088669	23.723914	22.391258	19.133498	18.723369	13.409943	18.178570	20.289228	23.339066	19.819076	18.151429	22.552592	19.689624	21.379202	20.049267	20.589094	23.478218	22.133430	12.059608	16.244966	15.652862	20.690543	23.696008	23.678534	23.363971	14.570508	0.000000	19.379954	9.493988	14.101892	17.483169	22.879885	13.901728	23.304146	19.795628
19.961259	21.924638	11.040468	15.022194	18.039445	22.650116	23.073743	21.880421	18.857215	21.129096	14.742398	20.772868	20.012964	18.891879	23.728124	23.061341	18.294897	10.814334	16.265644	10.473137	10.407638	20.189354	14.715348	19.491358	23.152674	16.325189	21.891093	16.583196	18.924277	8.896981	12.167823	16.381781	11.065258	18.234676	17.794130	20.826689	23.727908	22.908067	17.905664	18.394390	13.750621	13.373395	8.813775	14.174291	20.928199	22.557499	13.356951	18.692907	16.865558	21.817615	21.269682	23.531554	19.956584	12.054353	14.229521	23.485268	18.281099	17.386167	14.835471	15.878661	16.396016	23.278842	17.203452	11.901704	21.350861	18.058208	22.685186	23.701584	20.564967	23.379767	8.884591	21.038548	23.659479	12.812306	0.000000	22.348125	20.776737	21.268502	23.499089	11.923102	19.875750	16.176380
15.039231	18.858753	21.866661	15.703652	20.188420	21.808899	23.720994	22.301407	23.469745	12.419412	9.786408	17.834071	20.843682	20.663839	19.344329	16.318992	20.815373	14.666710	19.841545	20.424111	17.076302	19.659361	21.070764	16.525121	16.941477	13.716535	21.333039	12.418319	21.401140	23.535423	16.920598	14.039460	17.809496	20.728516	21.298829	11.930210	18.077200	19.006723	16.929620	17.640768	15.548064	18.311968	22.447263	17.129569	16.050293	20.064146	17.385040	22.952187	10.889710	19.773153	17.476357	18.465342	16.786116	13.482216	18.303005	7.101983	22.544885	9.223788	23.275868	22.002435	23.539067	23.476862	20.325338	18.441756	21.455830	22.310178	21.562303	20.419327	22.471883	14.484142	21.501300	22.824662	15.830680	23.485592	23.538535	0.000000	19.867568	22.529686	20.815930	22.584225	19.922513	19.029059
23.630362	23.631708	18.039444	22.043922	13.829202	14.105390	16.797600	16.497864	20.146580	13.304254	13.368746	21.723783	16.531838	20.417729	21.528804	20.637593	22.243204	23.665250	18.786784	22.684655	16.138740	23.362286	20.696153	17.984774	17.480302	13.252254	19.784016	20.833161	20.381583	23.036828	21.376016	16.470571	14.481500	15.612234	21.250793	21.761279	19.303641	23.209343	20.662278	19.948814	11.061746	7.540834	20.122919	16.741732	22.772406	10.283116	22.289131	21.344660	23.165356	23.601839	20.704128	20.589316	22.828113	19.918097	20.280359	23.550572	22.248210	21.090277	22.951655	20.466042	17.046355	19.808864	23.537517	16.030814	15.694972	18.229331	21.977147	12.664106	18.144361	20.401361	7.375231	23.473206	15.133463	15.858800	23.170221	18.773972	0.000000	19.165108	17.943663	11.262815	17.066154	13.195175
12.890333	10.952506	23.640536	17.357510	23.232694	22.710506	5.864096	21.067599	22.757809	16.210198	12.663194	22.369247	19.533356	22.127046	13.683760	16.538766	17.649028	21.783550	11.583795	19.564751	23.379948	20.954209	22.732222	22.335542	7.766491	22.767586	11.889590	18.619421	19.800160	22.990575	20.866028	23.436595	17.814826	21.112283	22.823583	5.917659	22.411025	23.474770	23.312097	10.636632	22.919925	22.189992	22.622603	21.372210	16.276230	21.695741	19.228896	21.418729	17.970231	17.766837	17.799413	20.635134	15.608193	22.110502	15.199476	21.775673	20.708755	16.863103	23.466407	21.209132	20.666783	15.636680	23.260572	19.947125	23.700083	9.213465	22.879006	16.842107	18.471151	18.123597	18.551187	9.884256	14.984347	9.645740	15.618804	18.032116	11.864566	0.000000	21.375813	18.774830	21.713607	23.675843
23.712179	17.896787	21.108615	22.452404	18.317145	20.595844	22.132827	16.761412	17.887642	23.690631	22.939080	10.963821	11.116569	16.906388	15.192311	23.078281	21.344895	17.082312	20.060411	22.131793	19.284558	21.226309	14.025079	9.547675	22.396319	20.233397	22.951938	21.910060	20.680728	22.267516	15.580509	13.774987	19.342028	16.402534	16.110507	18.380242	10.358418	18.497241	21.938802	21.724727	19.596972	14.347487	23.355726	22.000133	16.713478	23.682128	11.932128	11.890007	22.946726	21.432428	13.776757	15.631175	21.181539	19.842342	20.574324	8.065376	22.528947	23.341988	22.110393	23.154303	17.112551	20.314884	22.812449	22.045915	16.832929	23.317308	17.599706	13.761313	19.908444	17.271322	23.316718	23.631555	18.044789	23.727537	18.475759	18.979535	16.902188	23.655983	0.000000	14.400771	22.663227	19.274106
15.191851	19.734190	20.606459	23.705261	18.380390	23.641621	23.216027	13.918862	20.689210	15.319816	19.544261	15.747464	20.968468	15.975146	21.731925	20.953776	19.885715	19.831302	11.442036	23.430256	23.596722	23.153093	20.197707	22.215615	20.885363	18.465466	20.155183	7.155071	23.341359	21.551588	15.571135	21.075256	18.553569	20.422491	15.875518	22.794049	17.500209	23.218613	23.529481	20.755658	23.656881	6.062570	23.496202	15.569725	16.075519	19.007218	18.043325	18.044260	17.143167	17.908974	16.632709	23.512858	17.993588	23.308566	23.533675	10.502386	22.599807	18.511160	19.889642	12.981222	22.888633	22.324907	18.232026	22.960604	23.274704	20.541641	14.780970	18.029297	15.465944	21.955651	22.853978	23.716548	9.462921	11.277457	21.004173	9.756038	21.478247	23.002813	22.598246	0.000000	20.395472	23.719256
20.827958	20.741243	18.773456	17.350160	19.364345	19.839143	23.538360	21.619197	22.472407	12.495123	16.136010	15.705836	11.264898	11.093622	12.466685	7.779046	21.737040	20.578868	15.871015	21.285846	15.403819	21.168712	20.976546	22.401158	23.244167	20.002422	22.154503	21.740702	22.952441	14.327963	13.195300	16.323767	21.629864	22.364647	19.499559	22.013720	13.415365	19.077676	23.723960	22.779106	14.045736	23.001403	21.707070	21.742649	18.462815	15.872686	22.294693	9.805142	23.458456	23.488225	17.534073	15.821540	16.623197	14.910440	22.568626	23.575700	22.363321	22.347098	21.077043	21.252336	16.316270	22.646760	23.455432	23.152964	14.042985	22.834487	19.343942	21.998225	10.232329	21.088762	21.422283	13.369662	12.865706	12.481244	18.204376	19.845380	12.621578	17.404377	23.599152	17.333950	0.000000	20.342195
21.903993	17.493276	17.170509	22.280796	23.157453	21.823919	23.653885	13.075253	22.456230	21.631851	19.918965	18.504064	19.965845	23.222100	19.662120	19.149926	20.149426	10.107506	23.643418	23.076195	19.653345	23.421594	23.722505	16.334932	11.967036	20.502115	21.604008	23.147931	18.904902	21.653456	22.065123	23.558402	18.156556	21.082648	20.280539	18.417965	19.893300	22.061107	19.330507	22.979753	22.288388	22.296702	8.644881	16.651761	13.583432	22.229496	14.220905	22.476787	22.447440	18.067127	19.445396	23.429486	18.570779	16.048484	20.143435	12.091327	22.683015	19.120995	20.223871	22.141727	20.410362	11.902585	15.175422	17.425298	20.835126	19.477035	20.391159	22.737406	23.631609	23.604824	19.575602	21.540215	19.008565	21.929058	16.219928	21.618497	19.065247	15.473531	22.934832	12.902939	16.003893	0.000000
