24.971173	29.209686	12.354689	24.869721	22.595855	28.705550	16.163891	33.332921	16.826216	24.888594	24.490675	26.572053	32.760409	29.176687	30.306546	24.202972	23.344292	23.363634	14.792629	32.884489	28.419101	33.689473	29.608498	19.250784	12.410334	26.636355	32.549033	29.305316	32.179886	28.777140	31.516640	33.732397	23.794015	32.616048	32.356163	33.246867	29.893511	19.723631	20.978970	29.440605	25.936047	31.705345	15.009540	19.367543	32.640089	17.213855	26.990205	18.444329	28.899040	29.056577	7.987539	15.603621	33.541003	31.789027	26.314244	33.270634	29.088199	18.690112	30.808256	27.056087	31.031128	27.588107	25.377427	28.985535	31.180108	25.170554	32.556690	14.763850	24.646267	30.256677	25.672339	19.638046	28.639090	18.534778	28.534834	29.267430	23.007068	22.165920	33.190245	26.440931	33.251143	29.736295
24.203220	27.464749	33.622725	31.047230	19.924261	29.011737	27.140901	28.791849	26.592981	33.575293	31.609902	33.722096	13.856725	33.786732	28.549028	32.964272	32.213877	33.744230	24.421270	33.726137	33.740300	33.909404	33.669199	14.346699	15.921450	33.707290	30.431753	29.816256	26.836196	33.957131	29.962788	26.662667	28.815803	28.329900	32.999640	23.892335	24.916341	33.661270	28.676117	25.405897	30.548599	30.357755	33.557384	31.150263	25.263159	25.196253	27.217823	12.780725	29.391733	28.793829	21.543679	19.899039	33.907578	30.808546	24.111243	30.600791	24.973575	32.272670	25.917193	29.244048	22.549677	25.575670	17.724461	33.296545	33.297762	28.159870	33.611965	31.836247	32.250657	33.198511	22.369591	31.288927	32.432302	25.900974	33.081189	30.491385	18.708045	19.014525	28.567104	30.134623	26.491636	28.857585
28.156009	15.216448	21.367711	29.478246	26.929903	23.797625	33.057503	29.883968	23.544341	28.124085	32.856744	31.143803	30.065346	28.627807	17.327756	33.052135	27.009555	33.954026	26.788835	31.789220	29.755988	27.491717	28.289557	19.319684	33.586415	30.950778	21.374385	29.559352	21.598520	33.585913	33.452551	33.821719	33.520207	28.325375	28.894330	33.899840	24.067117	25.193162	21.934736	19.941926	16.171731	33.914266	7.697885	32.093532	30.174750	33.331250	24.864595	31.626517	27.678095	25.859682	25.037118	23.436542	31.437315	19.640981	10.422392	33.237554	30.454047	30.853236	23.495599	33.442615	32.425516	33.264110	32.938272	30.101098	28.109816	28.528573	17.274961	31.725350	24.378742	29.688893	32.911802	33.527741	28.477816	26.303312	31.227172	32.616226	27.683241	23.972048	32.933280	28.993380	27.029437	18.775111
29.979907	9.568747	9.880350	33.198526	30.061215	26.045323	31.450823	30.595451	18.583977	28.506552	23.628883	20.427197	27.682476	33.026298	33.640606	25.442727	16.724361	26.177948	29.127115	26.798030	26.402438	19.887679	25.992060	28.085906	29.544455	32.338884	29.803380	19.037465	29.453971	30.058045	28.286301	14.352395	29.264111	28.813400	21.026546	32.839508	26.336422	18.330173	29.225716	33.936409	14.067771	32.802970	25.299723	19.745355	23.247089	33.301095	18.242099	32.199079	32.510097	20.958443	27.570971	22.694801	32.989241	32.907184	33.245918	31.515150	16.066320	33.145156	32.656625	33.374604	12.346628	25.427044	20.668110	32.358799	32.627516	26.723197	29.182058	22.550503	31.663148	25.985983	27.273873	33.951374	24.654813	15.534618	13.090866	31.549118	31.085732	25.477964	28.558665	33.976353	32.099014	30.302257
30.022275	26.582798	29.424189	33.104181	16.834057	32.321325	20.886922	32.941041	29.560635	25.393766	31.059280	32.331515	29.721253	32.926319	33.038864	31.785518	17.002193	27.700992	33.284185	27.281792	33.096466	21.823151	31.715376	21.818160	33.572324	33.164520	26.915662	32.834505	24.578530	24.939764	33.872457	15.787049	26.705961	31.805888	30.047807	28.573330	19.043580	29.685368	19.280131	29.282965	27.470932	16.173962	32.685369	24.775242	12.148706	28.314812	25.742188	22.320543	14.192630	32.542018	28.699541	30.982105	27.949440	33.474630	31.616106	27.113197	13.297555	33.021206	32.440999	22.486695	19.899344	30.955261	20.299856	22.122742	17.432664	28.489417	32.972665	32.283818	24.282258	31.232540	27.411023	31.361623	30.424324	32.869986	31.849006	30.370462	17.222357	22.129942	23.739850	14.378663	33.417903	10.680487
10.294101	33.889055	31.803325	31.840552	33.272181	30.231603	18.366721	32.534415	15.866894	21.964778	29.870293	29.562657	33.918531	17.902450	28.819157	32.847442	28.597054	22.310595	26.752764	33.953735	30.956526	25.293427	29.624107	27.968318	29.512608	25.056446	28.605566	28.458689	24.668932	24.583449	29.474591	27.900598	29.463068	19.228397	30.723173	25.594855	30.250026	32.804406	22.799862	33.848401	31.205535	26.402174	33.114231	30.912434	32.219068	27.705074	19.146544	32.445372	32.648100	32.400456	31.890040	18.832791	30.570057	31.887321	30.310483	28.851773	29.174865	29.567629	28.673114	30.840770	30.600981	23.501094	31.359201	16.677582	23.701018	21.333878	19.667550	29.302794	24.858054	13.355110	13.896818	32.234564	33.493594	21.169449	24.421857	18.793811	32.300076	20.439258	31.521590	13.567107	33.066834	25.874919
28.084816	33.445137	30.659138	23.119899	32.756825	32.659905	28.050963	27.455269	33.871690	33.060335	32.781866	31.652795	32.586176	33.794966	15.241040	31.476006	32.139517	22.942757	21.943605	29.003543	25.642301	28.915455	32.723823	24.870050	33.385017	25.294155	28.387080	31.963212	26.473357	20.831081	27.942552	23.232072	22.112525	31.708602	29.611161	32.524149	30.815874	13.554502	31.513508	28.327794	25.880859	29.984842	30.465631	26.922124	32.542400	28.537407	33.425612	33.274139	22.620312	19.531643	33.320790	24.723510	25.868165	33.265008	28.660443	32.208914	33.808234	31.680136	25.537272	21.829514	15.538953	26.499661	27.752662	32.325281	32.286935	32.943195	20.768802	31.593356	29.406695	28.112004	26.062178	33.910795	31.917354	26.738767	18.025791	29.805672	23.948784	30.367796	21.644397	33.917598	32.714958	27.900428
33.061473	30.482418	32.420463	25.607242	27.298416	30.032477	33.968233	30.746062	33.794477	33.921247	28.182108	32.769059	26.132355	30.123408	30.752549	25.843193	19.668593	31.870043	28.426223	29.247888	32.328681	30.017960	22.117572	26.132506	31.305442	32.944757	25.739946	27.634033	32.323979	12.146305	32.310657	27.631726	15.230458	23.156974	25.491180	29.103940	33.652534	22.983184	26.145627	33.060004	16.303392	22.768403	29.526824	32.954676	31.712111	33.739618	32.182342	33.938889	17.411579	32.335033	31.496645	29.643011	33.422452	32.231264	30.439115	17.097945	22.485234	31.483667	31.844976	28.867779	32.098429	32.293022	32.171009	33.388054	32.206542	27.329623	27.507790	15.519125	20.000359	29.273438	33.485425	29.310845	33.284879	26.320204	27.616072	28.340705	33.718531	31.501570	33.861710	19.880176	10.465500	27.355345
14.977963	23.316257	27.924374	33.286737	33.975219	19.357159	33.636249	32.562935	32.474952	32.600450	31.858422	25.893606	28.267489	28.460684	25.223991	27.377577	33.916741	32.728867	33.573608	22.914737	25.967605	22.052436	22.414822	33.613693	32.796469	26.131909	8.398805	21.611662	27.843712	31.959935	31.949810	31.837333	31.093850	17.501400	29.651263	31.155054	23.530126	28.051251	26.310737	31.352975	32.783039	31.269530	16.981574	11.860142	14.821468	33.098302	23.225772	33.592997	31.542055	14.707542	16.600453	13.910288	28.057507	30.191796	33.626136	32.360678	27.841412	31.301300	30.399795	26.402027	30.158620	27.902345	23.933082	17.429510	16.646362	30.817748	15.499651	27.857335	33.710444	27.609266	31.627831	28.782712	30.052570	29.087051	30.767382	17.819075	23.830116	29.092089	21.582276	28.652866	11.869823	25.270838
31.708961	28.330690	33.945571	27.271594	30.493558	32.250306	25.444438	17.538710	23.861022	33.622659	30.845158	29.604451	17.354995	32.519736	28.076169	23.685820	24.025420	28.898241	17.203684	13.320115	33.933238	33.510815	28.849890	24.111537	33.243774	30.049704	30.997035	29.772783	23.173795	32.874117	15.554541	33.917093	19.844805	33.137542	20.832480	21.694456	30.993535	26.178655	28.963790	32.299789	31.411941	30.714122	30.765830	33.911238	33.141215	33.418825	29.600142	30.346802	18.021178	33.465924	29.541195	33.921149	23.022298	20.267558	31.932097	31.121008	31.161612	28.483570	32.866247	31.002121	26.976824	13.047975	21.546217	31.368147	20.985379	29.354329	33.396504	33.466517	33.027319	16.538312	33.635873	27.489202	27.818112	29.126363	28.519727	29.778398	22.182439	20.712825	24.519944	20.366613	28.530811	27.626476
24.470648	14.745659	33.602579	15.119004	25.603796	31.709333	29.378613	11.253312	33.158605	33.199982	18.574884	19.820296	25.860683	29.931909	24.696672	33.595107	15.380029	21.797019	33.605538	26.801880	18.387882	32.479217	27.443044	27.573210	33.977536	33.940893	27.446848	24.724932	24.702027	27.362408	26.989493	9.954235	33.623942	17.866945	31.829519	26.627821	28.317388	29.989244	31.428700	28.413638	18.775852	32.879486	15.785717	26.134422	28.988768	33.667935	26.102072	20.683712	27.463290	23.725223	22.918474	25.471566	28.602826	32.617330	25.694981	28.586093	29.639654	33.015543	22.435166	26.366019	33.762218	32.824575	31.403147	27.552963	12.417710	29.300156	32.000826	28.732297	26.995908	32.951311	27.402717	26.130035	16.125426	33.081921	23.995894	31.291084	29.274527	26.686326	29.682641	31.819225	23.602497	13.599472
33.066684	22.578521	18.487186	20.719256	32.503309	32.508240	20.887152	33.081608	30.012792	29.999614	27.048348	28.972169	33.216783	31.300844	27.739741	33.608512	31.536358	29.386389	22.295681	32.813165	24.868701	19.828229	31.315662	28.596440	19.031898	31.309508	28.259415	10.396829	33.528128	33.708724	27.485927	33.146811	22.130579	26.842123	22.626963	32.636117	16.473313	19.800830	27.620980	33.195014	32.129943	32.998169	28.699410	13.712855	22.454800	24.964407	33.846310	33.033503	31.208257	19.960971	33.288153	16.890320	29.164241	24.001423	29.103640	17.319689	32.421971	22.631788	33.492102	14.954057	32.199127	33.175811	33.462097	32.591558	32.192268	22.507881	10.788997	26.453158	22.558550	32.942658	33.978912	27.759945	33.286406	15.737209	30.689849	25.069887	30.585714	12.803500	30.708351	29.339165	12.490255	32.457881
24.339368	26.965867	30.036048	26.739204	29.097456	20.371642	10.962745	33.965708	18.167408	23.920902	20.735417	17.371196	26.961342	33.711372	32.532913	32.866378	25.847004	30.846921	28.011605	32.762420	16.960642	32.611000	27.604355	17.607686	32.318272	31.334883	27.312721	28.329257	33.299546	32.250668	28.690977	33.847311	32.381722	33.934274	21.810264	33.665537	23.508173	18.962064	33.757612	27.705903	25.619060	31.750882	28.245594	30.329122	30.358483	24.024508	31.026976	31.951912	33.498800	20.509674	33.472192	17.570919	32.622439	33.815933	13.894132	33.762958	33.933825	22.265190	32.596590	29.807055	24.250948	22.571042	29.012572	32.987645	23.121935	33.765096	13.127975	27.390530	33.971880	27.810875	20.391799	20.270308	29.768752	20.343044	33.333666	32.061934	32.512547	18.339605	33.233608	28.029990	29.032927	28.761901
16.098194	28.769102	27.883993	29.331111	24.472223	33.598673	31.734471	33.834248	31.632399	27.675503	24.118358	25.493543	29.851632	19.930622	25.837834	22.906383	33.549252	31.639594	15.599435	24.850424	31.924682	33.680754	32.735072	32.951840	24.035984	30.892687	27.175256	29.420697	32.752553	29.521345	29.668009	26.246817	19.542258	33.743126	33.670004	26.789193	21.497057	32.524989	33.221798	28.942234	26.991019	29.628229	19.750316	28.942029	32.680378	22.652057	31.549464	30.451104	26.648565	31.931852	32.519789	25.930871	33.943339	17.132648	21.142436	22.230438	27.479885	32.810874	29.726994	24.267912	32.180824	25.921702	28.720339	23.471620	31.170372	32.777376	20.043344	23.330896	17.525624	31.466820	24.087411	29.710292	30.321613	21.893786	31.076184	21.356091	32.360510	31.059639	30.199794	14.591295	26.998534	32.076222
31.038851	20.313580	18.289865	32.710158	28.517240	30.557821	21.846935	30.977649	30.978701	31.968619	29.814455	17.949631	12.982989	28.141357	33.600105	27.377211	29.184238	30.370976	18.771716	13.788469	29.262561	17.319083	16.989101	20.351176	33.482990	20.466719	18.987038	33.250506	29.250308	30.289370	24.499485	24.534217	29.276245	26.688911	22.725730	23.210092	25.591364	15.278453	16.041780	29.105309	33.727753	20.242008	12.632282	31.111748	23.408326	33.964304	21.310890	14.930561	30.180793	12.598286	25.424761	25.597701	27.007054	29.173930	21.734947	27.225987	24.087482	11.907030	26.958257	32.916774	17.639026	32.474473	30.323088	25.119979	18.880602	31.040945	33.027615	22.345951	19.578690	15.614996	20.936622	29.281811	19.703033	28.507841	33.737211	23.786950	31.152255	16.260092	25.937453	14.263173	19.329721	21.731558
32.760222	33.402643	15.563495	33.704024	28.290861	33.067617	23.046338	31.242670	19.837759	28.481192	26.925519	31.043957	23.087331	19.114455	29.771217	19.245321	30.425246	33.758227	22.450801	33.631886	32.364263	32.256651	21.205520	16.892334	30.269411	28.806655	25.993729	21.968423	30.644393	27.604414	33.044474	33.494583	21.988395	33.961764	17.505384	29.872834	26.720784	33.160490	23.100585	33.469926	28.825720	19.481493	21.414330	21.769422	30.866565	33.630793	29.507034	29.863123	30.918788	29.070197	18.106286	30.947207	33.465133	33.831781	12.181467	33.759860	18.853393	13.452884	14.309807	33.065854	28.436127	23.750701	27.261920	28.749628	33.755855	19.847897	24.954057	32.665716	28.576930	33.603836	26.498574	26.278714	31.575650	13.736821	25.151513	33.027518	33.525164	26.178587	33.268247	21.228897	33.206799	27.527678
18.766488	9.706421	23.437753	29.439209	32.303949	31.000955	23.303875	31.946250	32.956650	27.640854	22.126262	32.586749	32.311302	29.466554	26.659723	24.998207	32.076769	30.783105	33.220777	22.257008	31.145302	30.897262	26.605112	18.728363	31.233478	33.354513	29.599536	33.807399	32.681794	14.391514	8.334491	31.569949	24.034389	32.920319	21.550914	28.637944	33.836186	28.093527	26.150647	21.381137	25.903093	22.910967	31.197001	25.441586	31.902397	29.092419	24.097522	20.916934	14.972567	16.728879	31.379829	31.099104	18.375414	16.900899	24.724636	33.872104	14.852564	30.697393	21.841724	26.118424	22.932640	30.736857	16.826916	33.758571	29.953582	31.249418	33.223319	33.924718	31.976496	33.048535	27.457901	31.302414	26.265408	23.373487	14.422778	32.396642	30.802105	33.735337	31.969481	27.623043	31.713029	26.323932
20.388218	10.155493	32.965478	31.296264	30.420514	22.423311	16.309671	19.882658	23.009768	21.459154	29.437110	20.056968	21.370024	23.862853	32.628315	33.677504	16.339010	32.991081	12.453572	26.277781	32.394012	29.119267	33.418100	17.686160	28.209175	33.310865	31.964111	33.080922	33.565789	20.077852	33.498821	21.963704	14.243023	24.408396	30.186178	20.660446	25.149721	29.363305	27.004063	30.779032	33.058333	10.361065	31.177592	33.953606	32.556038	32.549214	32.609546	28.709757	31.693651	33.653532	24.640779	12.746711	30.801610	31.658304	25.239622	25.002420	24.488618	25.957661	24.136849	30.899808	27.433485	18.082513	20.001953	32.757694	33.477626	30.117389	21.115763	29.579217	26.270572	33.431298	26.531005	31.183685	31.199354	33.737958	31.763868	26.998826	32.996196	9.550336	31.062826	32.541758	33.266925	23.521034
15.388125	26.203246	22.489251	31.472028	32.907633	27.249903	29.864775	28.060925	29.812734	33.499173	29.905464	33.979248	31.247567	28.800965	32.586165	30.122833	31.837721	33.266593	33.147246	32.487753	33.204906	30.521300	24.973370	33.456955	25.692807	30.642707	31.471494	21.590231	27.953997	31.200941	21.937958	26.115545	33.116480	23.366451	28.447877	21.436392	33.781542	24.981345	26.763374	33.447411	32.017694	33.549025	33.565332	33.596568	31.874168	23.562999	19.032107	25.357223	24.021109	33.771838	19.692234	32.052985	27.474665	28.642708	26.865348	33.153347	20.501069	27.006290	33.755133	25.098522	30.059418	25.209643	12.620152	24.925667	30.282882	30.151132	31.309562	32.897530	32.681768	33.730277	33.963733	17.926866	29.972565	31.803199	19.270805	30.838488	28.451510	23.836061	19.566423	29.203497	30.672081	21.973348
30.250015	27.256846	32.611707	27.041010	28.152700	18.976546	22.834356	32.232677	32.419157	17.769952	25.399963	12.802701	33.814615	30.979854	26.362862	26.028087	32.469691	30.376899	33.119921	17.199710	21.017371	33.792894	33.941294	23.568842	33.662229	18.382543	32.328415	21.560033	23.866145	27.038990	31.529528	24.531780	17.515377	15.245951	30.348675	30.405291	32.573388	29.255753	23.873066	29.988195	25.005250	29.220060	33.814068	14.947619	32.001543	29.324608	33.328947	12.147673	29.488071	33.815239	26.340939	19.545369	32.779152	28.559321	29.060660	27.330175	18.394108	30.657851	24.988552	26.966417	33.128813	24.952700	23.612171	10.170625	12.843469	24.450080	29.062687	18.888263	19.122267	23.585837	26.967410	29.181689	32.429138	27.081717	16.909504	30.121380	9.848604	26.395881	24.155558	32.511976	6.956407	25.819711
27.574306	29.692822	27.975613	33.526041	20.159380	33.349503	21.154348	33.736798	23.093465	10.282876	33.950334	13.188822	24.093380	31.609158	30.040188	31.065692	24.683047	33.901666	21.782680	15.964307	27.218341	30.815912	32.878567	31.333664	31.198846	28.925083	14.971130	31.657072	17.718295	32.845886	23.505007	28.335144	33.042639	16.966263	33.176356	26.965242	33.672712	24.569460	18.290723	22.240962	19.207990	32.866073	26.293823	33.703755	33.277797	15.383627	16.206590	27.407876	22.953677	30.708532	33.223035	13.721043	27.793104	27.510879	33.306908	33.979630	31.577749	20.255502	29.716618	29.573677	31.210759	26.306846	32.256873	30.944181	14.790251	17.816529	27.211494	20.887200	13.180747	30.897903	27.100609	29.241249	30.913583	33.954745	27.899471	12.705342	25.057703	31.194894	13.031509	32.305558	29.841332	25.292238
33.059903	32.281760	27.958243	25.312877	31.926817	32.056219	33.254325	33.593239	30.422675	32.085195	32.548992	31.689324	25.148368	12.587471	29.155086	29.092372	32.339700	16.392913	25.597621	33.958984	24.699759	13.361606	26.554297	33.476762	25.246805	25.941258	31.909998	32.196049	27.228643	33.245902	29.850839	30.751648	33.728352	19.233230	32.042400	33.761450	18.231027	21.991784	25.431132	26.744361	21.826673	32.781394	33.508062	28.185111	29.963946	25.567509	9.620988	12.442877	15.936315	29.746759	23.983569	33.515147	14.995492	11.067128	17.580954	27.934700	33.615527	32.323006	21.495744	33.063947	33.128802	33.753014	31.093243	31.221186	13.934563	33.268931	26.835566	28.139647	33.890397	24.491877	31.001493	27.049599	23.074069	32.764260	33.517589	33.892766	16.342998	20.853124	9.084669	24.906256	28.004693	15.111070
18.535015	27.497428	32.940890	28.987605	32.596625	26.231332	29.510978	31.601129	30.455376	28.093414	24.833806	29.212680	18.721973	12.957346	29.132269	17.320113	33.603500	17.737452	31.014368	28.077229	32.241394	18.890847	22.345020	29.719868	33.793391	15.966672	16.407078	33.969323	33.877422	31.304590	33.812008	32.165565	19.095080	28.477401	23.845576	23.695004	26.555135	24.782675	24.750704	31.462229	22.747340	22.801059	32.450119	28.037118	33.252565	29.586999	30.147823	30.822143	27.216721	29.497363	16.581274	32.391159	27.233802	33.600242	32.569962	33.504945	27.050907	23.271152	19.139479	22.457038	16.626725	33.723949	13.795305	29.263030	24.450543	32.696421	33.550703	24.231556	32.150662	27.126371	18.371773	14.480571	33.602234	28.110964	9.479362	27.515983	28.778948	32.928932	31.470032	31.733631	32.690355	30.066211
33.931623	23.930914	30.657994	19.693712	26.226272	28.563043	33.677260	25.709073	24.877520	15.479879	32.369713	25.435295	20.923659	26.266541	10.566919	17.951020	20.696052	21.582480	33.355157	24.236716	21.018078	31.097035	33.672117	10.395967	27.766645	26.181015	31.525564	33.090814	25.364149	33.672769	18.861374	21.543610	31.711536	15.490354	30.398006	11.553217	19.808938	32.328070	31.016241	25.460222	32.266741	18.047110	24.999965	33.689216	21.474857	28.917831	25.671216	30.837010	30.147532	32.584768	31.038117	12.670441	30.035130	33.688279	24.302654	32.657634	15.145679	32.798220	22.453157	26.662692	31.679363	29.290106	32.203533	9.102123	25.113938	18.540099	33.936925	29.063377	33.340007	33.499305	30.989981	24.960571	24.458395	29.811501	22.664014	32.727421	19.878994	28.119241	33.258963	30.357319	30.243109	21.409710
27.761041	32.575801	32.557599	33.848554	17.644801	27.663892	32.663079	21.767479	33.466034	30.538450	33.365382	21.991227	30.831878	33.929386	22.341924	28.065631	30.818311	26.861008	30.409544	27.731729	33.873515	33.588875	30.467971	31.837768	28.472666	21.930308	32.149883	24.593953	25.914263	31.874626	33.971259	24.260596	33.975591	30.744686	21.148560	32.137680	26.354424	33.069180	18.659177	32.610572	23.368546	30.638142	29.248202	33.614083	29.516068	16.523094	33.390130	32.279861	14.861915	27.178464	18.005021	32.794242	32.150737	33.560153	33.968434	31.758105	17.175049	30.320617	29.867247	31.769484	25.784418	32.848322	28.496214	28.304537	31.822820	10.428613	14.132578	30.441698	32.263142	19.202160	24.682356	29.744370	20.301192	32.551958	29.446043	33.960832	32.482873	25.834279	33.392681	31.325767	30.428309	22.437334
29.406380	33.656960	30.330625	13.297549	30.148970	29.742752	33.807907	25.978129	32.639146	31.581341	22.542230	33.591681	26.966730	28.084927	26.822967	32.317612	24.383367	32.848878	33.961949	20.736284	26.910276	30.479554	23.317337	23.609058	30.265218	33.825972	33.897875	17.545601	17.186455	29.845681	32.246158	32.549775	32.380182	30.538530	30.614768	29.632348	24.339823	18.894038	31.695946	28.445275	25.718703	29.856991	32.763672	31.446667	26.825403	15.284368	20.876233	28.954095	26.994218	25.257770	20.990313	31.630198	33.136442	29.174856	22.586165	29.888979	21.324864	31.938076	32.245368	21.499837	32.217029	20.496474	32.692354	21.580210	29.871253	28.445105	20.926335	27.950607	33.926896	27.902858	29.997703	33.966898	14.836652	11.968453	32.597273	26.169598	29.712132	31.963005	30.865732	25.700534	17.888385	22.974597
27.121221	30.715800	17.359328	33.301303	32.768693	33.790342	33.920441	30.230222	22.486363	29.511890	31.482320	32.326328	12.881694	18.059937	17.379566	33.241258	33.013783	24.841783	19.014284	13.710149	25.836738	30.687859	29.999823	33.568338	24.521475	14.035684	31.802760	32.048674	27.329206	24.146733	11.660838	28.049716	33.642883	31.402927	31.696191	33.022142	32.057165	30.052482	23.304018	30.233892	24.021213	24.635197	31.451586	33.715439	32.417219	22.618264	29.254624	28.771613	33.091829	29.730863	24.855241	18.983852	26.782631	31.420072	13.604532	33.457718	22.374241	31.413257	27.245004	27.295335	32.889223	33.604602	17.498270	31.715647	12.942802	21.307469	32.653178	28.067480	24.469332	26.446176	31.486487	26.162032	32.495192	33.875145	25.336972	20.298843	32.343508	22.710941	33.635624	31.622886	33.035268	14.767635
32.430920	31.428900	33.706024	29.258519	29.751752	28.656938	27.288513	31.467019	29.869063	26.796453	30.738796	17.305649	28.998913	21.841337	21.311542	29.295185	29.224885	31.677850	28.205922	20.973997	19.396615	29.710242	21.267293	31.053977	23.885101	19.238081	19.619158	33.600238	31.586464	32.696452	33.974334	30.717292	33.828636	32.050472	33.091447	31.701387	32.879644	20.045582	32.667135	27.479942	28.145517	33.485417	32.903333	20.573728	22.244387	30.361923	33.437639	32.393454	32.561334	31.353801	33.958224	26.141028	32.118397	27.534453	22.143452	22.602583	32.003216	16.339406	31.893038	30.038303	31.576278	21.535999	26.670196	33.208558	19.380144	32.809491	33.875574	28.658425	26.619474	21.036093	18.852905	26.094068	33.869531	23.407999	24.106679	26.195882	20.343381	19.290059	11.461616	32.283485	32.770020	32.503795
28.454165	33.327922	30.566729	31.652884	26.518952	30.492440	23.264755	20.145494	17.919301	31.371424	29.781985	26.657266	27.469021	30.678938	33.431136	27.252084	31.854670	26.457797	19.320821	29.739650	24.401999	29.964350	29.700348	33.512931	29.922284	18.216959	22.251667	24.824752	30.064320	25.548955	25.278104	33.477577	33.707660	33.339510	33.329743	32.850407	30.833405	33.135823	30.460817	15.780061	26.596377	17.242382	23.533387	33.168492	30.316223	32.746492	29.109863	23.930155	31.976184	29.712689	22.404316	31.066779	32.847792	25.130921	28.887273	20.554459	19.410010	14.944431	21.083925	29.808920	19.520337	26.538053	31.052236	15.758138	27.364012	19.608565	28.002783	26.799559	31.352686	27.205848	31.491750	33.201944	19.833182	22.497751	28.254576	15.058725	20.926642	17.900335	31.242536	29.216126	33.291865	31.043680
32.659042	20.284496	30.552827	33.207931	22.890681	29.913864	33.914874	23.045029	27.302103	22.842379	22.736268	31.820779	33.770355	33.545056	26.463363	33.283631	31.916492	28.230199	32.838040	32.757614	16.811476	32.628585	18.534231	33.182533	33.014995	22.053668	12.936179	26.675402	32.458779	24.074688	28.678198	33.022143	33.852696	33.496686	32.132727	27.680554	26.406192	29.720626	30.951687	24.399573	26.790668	29.761482	33.521211	26.069840	19.161627	27.362170	29.144586	32.734852	25.064903	9.977487	13.924110	31.679644	32.813493	31.332067	33.839017	27.260154	30.176843	9.772182	25.376659	32.488303	24.445526	31.010473	22.709608	33.489612	22.415802	33.350371	31.555662	33.356768	25.535680	27.976528	31.725616	24.804633	32.022161	32.749951	19.803808	21.034118	16.604325	29.758864	33.500463	19.285861	33.725876	33.443430
31.548513	8.563627	23.764042	31.106054	18.680639	33.567842	30.162543	21.654902	30.658124	26.772192	27.670314	14.900515	31.862000	24.141583	30.257826	32.763285	29.142984	13.272109	23.865159	19.443471	28.037209	30.304087	31.159612	31.898370	31.763170	27.032939	33.059087	29.829846	33.106999	33.014923	14.964189	31.904553	31.966229	24.343914	32.240115	31.061395	31.805968	33.666724	29.913405	32.838204	21.477317	24.909310	22.074899	31.957326	33.248937	22.937527	31.440839	33.377988	29.288676	33.917754	33.140311	32.888235	33.935200	29.251673	33.146505	31.281737	33.049646	29.844818	33.910302	33.972261	23.895098	29.201339	25.869861	29.080371	33.425780	30.474453	25.013189	24.303388	18.375068	30.741305	33.100168	16.790081	18.229305	26.171259	29.105790	30.576588	28.799025	26.564002	16.472288	27.687238	30.094223	23.627546
33.900873	25.466425	26.961629	27.347734	30.555723	30.236193	33.779075	9.747074	29.758904	25.998793	25.222019	8.628514	33.694679	33.939690	31.451499	23.186154	21.228788	29.202570	33.610201	33.284632	28.771509	25.105002	32.667194	33.263963	11.891778	27.161253	31.041144	33.529658	33.163917	33.943035	29.417929	30.718278	22.985723	32.405740	30.460118	32.702343	19.508114	28.479188	25.945842	29.138573	18.274990	31.813118	32.881696	33.153188	23.926566	26.976235	33.655939	32.056077	29.688279	25.969150	26.714881	24.918319	29.738287	19.648457	31.455390	32.303606	23.822022	20.206812	31.466122	30.383926	32.602796	31.991816	32.691098	30.398839	22.704952	29.573584	21.708589	27.889189	25.048949	32.004131	33.943427	18.517885	33.598081	13.599500	28.424064	31.602195	31.633684	30.050740	23.451679	33.765968	23.530964	33.400340
33.726585	15.866860	33.386595	32.390544	27.851717	28.078189	23.520479	32.086163	23.825843	28.758202	26.148870	30.134765	33.538881	32.384041	28.121589	26.062441	29.899848	27.825981	32.678558	18.031025	32.233934	24.202274	33.840275	33.018594	31.687744	33.508263	31.858609	32.816284	20.487369	33.778527	17.762034	30.566459	23.873357	32.802559	29.129593	13.907343	27.628281	28.799514	22.049734	27.025657	32.106447	26.398441	25.493639	21.360790	24.148030	19.786546	31.456912	31.636177	32.389697	30.768282	31.272476	33.647435	20.632602	30.346523	18.107485	26.570858	20.821808	33.280526	33.037253	26.310877	29.688034	27.257238	33.958406	24.630887	27.189269	33.639741	26.724336	29.942492	29.715078	28.474610	10.292491	20.231513	27.686621	32.413167	29.219488	33.947804	15.677966	30.572745	31.420082	33.544731	33.037656	23.174669
21.029793	33.209411	33.040272	25.259647	32.962973	18.605577	30.227201	29.143368	15.520235	20.057662	29.543632	33.299779	22.466293	30.453710	32.850035	32.307567	25.361459	33.977895	31.142230	22.021742	16.785119	32.910595	33.900786	33.806751	26.160480	28.834173	33.928848	33.468956	25.733559	31.511952	32.938884	31.389597	28.797986	25.510421	27.190048	15.576113	29.732800	21.168585	33.750661	17.493708	30.733707	33.888623	33.061403	7.967863	18.357019	21.582548	26.634637	23.323515	28.209485	24.905667	33.831001	32.692971	28.603487	29.775187	32.194151	32.353745	9.385367	21.600352	31.617956	30.151771	21.160037	31.971198	33.828166	24.584796	29.519357	28.889424	33.483705	28.467773	22.379878	32.961358	27.637207	27.515047	14.234688	21.544507	31.307999	25.990659	22.606035	33.438599	21.340533	32.014999	21.192597	27.703957
33.555028	27.752685	25.896284	19.277918	32.278923	30.885577	33.164241	33.890466	29.239912	32.818232	31.318302	32.683278	22.506086	21.354960	28.458142	30.240671	26.177232	18.972612	30.223019	30.048148	27.593421	10.922603	17.358522	28.394420	32.084287	29.105354	32.700530	32.605918	32.048796	30.655685	30.929783	30.543346	33.535215	23.353817	30.422065	22.551665	32.919317	33.084222	33.610558	26.091218	31.877256	29.367444	27.276718	31.482348	30.660813	32.579968	30.838900	33.811500	23.370917	17.261442	33.446993	30.114450	16.512852	33.613616	24.277355	33.829033	20.380860	24.987237	33.726506	28.024677	33.104267	33.952776	28.709255	29.433918	26.588837	19.377425	30.536227	30.256740	29.091372	21.508613	20.831086	28.310715	33.336883	18.522180	17.603847	31.444140	30.452223	33.546253	26.509725	15.053795	24.009295	20.160821
26.820211	33.241386	27.263787	26.793980	32.795857	26.164248	29.472903	21.832890	23.679001	29.960969	16.125063	26.200773	24.658826	32.424892	32.847984	28.558654	27.491578	32.277067	28.588873	24.045680	32.639731	30.582111	22.101066	27.667526	29.821736	33.175282	29.679943	29.084146	22.497320	23.002068	33.795551	32.901686	24.008087	24.311403	33.149384	26.090519	33.406026	33.165758	14.083330	28.463710	24.107950	28.999696	33.890306	28.201806	24.839782	33.886898	25.788891	22.307912	30.867897	27.427702	28.998671	24.249276	33.972075	28.614497	27.065813	23.715263	25.036443	32.892378	30.434624	32.615947	26.447190	30.911462	31.489535	24.152120	33.252846	31.923176	32.878139	31.573658	13.292076	32.152155	24.695837	31.824688	30.336545	30.894252	32.764817	28.413904	20.131123	33.378240	21.295599	31.314354	28.529667	26.192581
30.392958	29.428184	19.948096	33.259809	33.562386	33.135910	24.786208	23.419364	24.214591	33.751273	33.933665	15.622665	28.046914	18.830266	29.701039	21.076590	16.370848	33.179813	32.723778	32.709486	27.295101	6.920705	31.247451	31.933600	30.700059	19.101490	31.852230	11.699354	32.677910	26.560775	16.842401	30.702927	16.340900	17.942288	32.755651	25.323920	31.510552	7.788265	26.647578	29.372586	25.109986	19.172596	28.913862	14.905056	20.763951	21.428212	30.449396	32.621317	33.678594	26.747114	17.672773	23.372207	29.500247	27.156015	33.163908	28.422698	33.559139	24.074017	31.899367	33.459646	24.359193	30.884307	33.694459	28.005694	23.638922	33.909812	32.989916	31.853994	18.210423	33.601043	15.973791	30.712115	22.736227	27.768257	24.284892	33.622116	24.546804	25.391427	32.574889	33.927086	33.788367	23.180752
21.292307	32.677408	24.932184	11.964791	31.325299	21.075670	32.302235	30.842447	23.882748	27.134360	23.333597	15.431565	28.004685	15.927256	33.396204	29.145366	32.767591	33.835724	31.932020	32.716871	13.712750	28.148634	26.694914	19.051760	25.385236	29.503618	28.240292	31.412891	32.055804	29.320442	29.746874	32.004777	24.680809	26.374790	33.870027	28.053185	29.522436	29.031674	25.940578	31.265336	33.972764	31.253793	28.300085	15.218621	30.943829	19.877413	31.553023	19.522537	33.945638	22.578883	28.119936	32.246477	29.284880	30.125057	15.493915	8.819866	28.892301	29.762197	24.830266	28.914996	26.198753	30.466963	30.013007	31.419593	33.008241	25.988388	33.671257	30.173118	7.890577	29.160053	33.685346	14.330978	29.504484	33.668682	28.715143	28.914724	30.384229	31.459650	26.445707	27.734705	31.138753	23.161568
33.393698	24.551765	32.607206	24.960202	33.359131	28.301924	32.507088	33.343582	24.993491	22.312093	21.055718	31.586549	22.007931	33.771564	32.384084	33.329806	33.464962	24.556746	30.160672	22.059314	27.004859	32.967992	31.939339	31.264303	27.225976	9.927884	19.851840	23.630755	31.829842	29.100899	29.624923	18.469648	22.501882	32.862171	32.964253	32.291080	30.601710	28.288053	15.345136	29.280192	33.612105	33.903796	33.151479	24.329607	28.425447	28.960382	25.963042	33.231467	22.646705	33.932407	17.706830	30.020789	26.168729	32.637079	28.553914	26.098526	19.986498	21.915535	29.730288	27.126512	19.293959	20.397819	28.550890	17.720223	24.645279	22.843230	26.203809	24.543427	33.482454	33.679745	29.302956	33.637629	27.144772	20.261751	24.497594	29.611940	32.095743	26.907067	20.160594	29.874228	33.649519	29.282399
25.853621	25.303917	32.021742	32.088468	28.114754	33.435364	9.716987	29.325711	24.798968	30.833488	32.793208	32.769363	29.896571	33.484086	21.059167	31.327980	28.883709	21.320578	8.856224	19.360894	32.829625	25.303699	33.178091	30.549864	32.673045	27.987763	27.098711	23.662633	30.678939	31.278555	31.244632	22.373326	27.479947	31.581453	26.427095	23.796166	25.305421	33.163831	29.238523	9.053776	16.877429	29.731865	33.192514	17.178930	27.940790	33.426084	32.348237	23.035604	33.467051	29.741678	32.575991	17.568904	28.371014	28.195395	22.081544	17.654338	19.563830	30.938261	29.518704	24.689511	19.430399	20.683118	29.932783	23.895665	23.562915	32.559582	22.572856	33.493270	27.891210	23.633592	15.940127	31.803347	31.528983	27.851940	15.407798	32.491067	30.319076	31.077094	25.476276	31.710490	33.027561	24.321088
27.022491	30.129466	16.817913	32.249307	22.686226	14.282665	32.145093	18.117181	25.677062	22.520836	29.557703	27.649803	29.287480	27.859654	13.200404	16.052272	25.531081	11.187631	29.921976	33.415607	22.487823	24.259995	33.978147	25.183661	12.957664	28.408916	15.610332	29.297099	32.487481	23.660269	29.493028	29.467641	28.421838	21.786660	13.109996	24.571403	30.196181	15.129482	23.602489	32.465576	25.166097	28.406145	31.620411	27.688596	21.726224	33.531939	27.749971	32.351610	28.778843	33.748609	33.304535	33.206951	20.650299	32.244602	30.287575	29.509653	23.676770	33.951879	28.166797	32.993919	21.404188	22.380711	33.610172	32.500497	24.915965	29.290549	32.097810	33.773913	25.998087	27.201198	29.062200	11.712329	27.053958	31.964078	15.827121	33.169382	11.973217	25.671367	31.983906	18.985725	31.804421	25.354875
21.286195	33.614958	32.400573	31.014323	28.861259	27.776467	33.199466	18.345063	24.993776	32.269204	33.929994	26.288024	20.777484	31.365436	31.233706	32.698106	33.306338	33.558669	32.950252	30.804445	31.873835	29.066535	21.157901	21.721370	33.161219	26.825056	20.334786	26.357531	27.856397	28.669127	21.555720	33.715659	33.937708	32.847129	25.689955	33.667808	25.995671	17.330951	29.540636	31.538051	23.994875	23.518382	30.972971	32.776643	15.933207	22.444240	30.459050	30.246544	33.047690	26.216651	13.489916	16.631050	27.501307	31.365791	30.197817	18.166163	30.693448	20.206244	32.112904	33.361702	33.020646	32.794095	33.174858	13.374382	33.469570	32.975615	31.872790	33.933853	32.873533	30.537792	30.097263	27.500832	33.204208	27.204567	30.462253	30.105057	28.441448	30.337022	11.800018	30.939103	29.956054	11.962494
20.670295	29.281611	17.909154	30.630468	29.931896	30.402099	23.715419	26.397376	24.665174	30.989814	33.974615	30.511655	32.135877	32.746132	13.652719	30.886868	22.894247	18.320716	26.513915	33.076245	23.524418	29.007586	26.353823	12.782754	32.303699	25.122655	30.918732	25.251137	33.744155	20.220710	31.593142	33.895233	29.307352	27.088351	33.864521	33.689482	12.218744	29.981863	30.060250	25.028256	22.612514	31.984555	31.832708	29.372540	24.524596	31.738496	26.472491	26.285354	29.580517	9.851835	18.991803	10.978553	32.908687	33.651502	28.577722	30.900317	33.492763	32.288877	29.886772	29.034332	25.893653	24.703326	28.540641	30.283357	30.766184	25.826663	33.774094	29.409622	33.830072	33.209413	27.878029	25.881682	27.689533	27.664059	25.645076	33.098809	29.766444	26.996050	12.671568	28.144171	33.350987	28.188241
15.987152	32.642982	28.761853	25.048440	31.500447	29.459140	30.654834	31.381114	27.340665	30.797797	33.102906	13.872183	32.757153	26.917958	31.499780	20.762059	31.067633	29.012684	29.955886	17.408702	21.962665	26.789682	27.282192	27.877326	7.610544	26.167618	27.268875	30.902406	16.844454	17.396623	32.155246	32.026825	29.008827	31.655928	22.389083	17.036689	33.939757	33.143790	31.512474	15.907146	29.306318	24.431389	33.529759	31.496323	32.263295	18.760223	27.685921	31.368430	33.823714	20.375993	17.916614	26.454760	11.638756	22.160869	27.650184	28.304695	32.865755	33.498537	15.152524	30.822212	27.724293	33.078159	31.084531	18.372053	11.517663	26.699755	11.696255	26.117816	32.647455	29.360773	32.195463	26.138965	13.535907	33.300826	25.792367	33.744315	32.992750	31.551090	17.307913	22.740999	32.270800	28.986803
20.247756	27.464483	14.552770	10.457894	25.213071	28.244309	31.708014	31.787218	31.882699	21.894662	19.503056	14.116285	27.251046	30.012339	28.205665	33.002019	31.489294	23.180961	14.472512	23.749136	23.077456	22.920945	32.533552	33.848844	28.835372	29.820961	33.895572	31.594522	29.163299	20.389313	17.785577	24.652019	17.851781	32.906786	29.704393	25.583187	29.592384	29.066854	32.421013	32.642575	25.489476	28.629363	20.188270	33.824386	33.243848	17.970030	30.252478	30.501920	29.234271	29.700422	21.562709	32.459275	33.212346	33.194892	29.229341	24.232388	22.383266	12.768617	26.156203	33.966394	30.407893	32.837136	30.861852	25.337531	31.397984	23.792203	30.967712	31.469900	31.605067	14.257259	21.551369	22.117658	27.494242	17.758970	29.701043	33.920246	21.368291	33.530662	29.277874	31.911315	29.838805	25.137430
32.354319	21.308054	27.098097	21.567135	28.623061	26.979425	33.685852	24.506100	33.964949	14.836771	27.072425	33.475386	21.447586	29.789416	27.697498	12.132265	25.054489	18.102999	32.285803	19.095780	25.899414	15.010426	33.602426	22.276788	27.761729	30.276130	19.321901	24.079522	31.873561	26.244981	31.364271	10.161119	15.202714	20.984364	25.305563	32.751702	21.305312	31.277012	28.276323	30.853414	28.094250	32.356577	26.140984	33.721412	30.308280	28.777183	31.247088	23.509572	32.204381	33.184776	30.018443	21.109637	27.512400	33.885149	33.596923	32.219701	33.845960	27.255716	19.431979	33.266170	30.265608	31.908452	26.772399	32.609679	26.010134	32.713939	30.689351	22.109156	30.527526	32.641076	24.434501	24.405485	31.857128	27.413384	29.351774	33.805553	17.535609	23.077937	28.369955	33.920739	24.329466	26.277367
33.723123	33.932843	15.625823	33.669328	33.311530	30.642843	31.912868	33.266727	32.880019	18.065527	22.235006	30.124126	27.614387	27.853228	21.784698	29.314878	33.231194	28.323213	20.221364	27.696410	15.787965	33.869874	31.657114	29.685283	33.157529	24.140583	28.979137	33.567723	27.341120	22.120710	8.460851	28.746758	26.016955	28.745273	30.203262	24.091830	19.244722	25.920520	33.665354	31.979256	32.776517	15.694369	28.400122	17.411861	12.938913	32.545791	32.614313	23.013390	31.392174	32.549867	23.528763	33.214282	31.604348	22.960852	16.091512	33.838448	30.749347	19.977564	20.663293	31.932234	27.527140	25.878406	10.301636	28.974780	27.632057	33.742928	30.505829	24.012147	33.281473	21.344170	14.678395	24.971309	28.597111	27.748758	30.140172	26.305435	25.077053	14.110347	33.920153	33.161793	21.382064	19.508325
23.563020	32.829615	29.530923	31.072499	20.586088	25.862264	21.530202	32.408468	18.418057	24.330584	32.469140	29.116342	18.369756	31.210431	30.023598	19.874647	27.629633	32.273786	32.110348	25.745045	33.225477	21.175306	30.866091	19.870631	27.136183	26.452354	33.860554	33.540977	26.142872	26.471257	14.048776	22.301019	14.770912	33.973136	29.556168	33.651373	32.222387	18.904984	33.335594	33.402070	23.225131	28.951270	32.472805	24.160613	23.554233	8.733068	30.950986	32.296328	31.103275	18.793810	28.558351	31.912542	23.395556	31.563932	30.573593	21.170576	33.407456	23.493213	27.796565	25.353399	33.873767	12.755715	27.148169	31.029354	27.384384	32.428328	13.525077	31.345923	20.156721	20.755617	27.739501	31.784075	24.257278	29.076013	26.342867	32.223860	33.442252	16.596895	7.464183	28.672316	31.569404	31.296541
26.447464	33.645108	31.562983	26.855951	25.761038	15.465019	30.211406	33.437722	28.413956	28.930124	21.131807	26.625590	23.016685	31.679777	29.739747	12.153232	12.097627	32.324411	32.067684	32.543625	22.783002	33.563058	25.052144	33.155044	26.308169	30.651158	31.911573	33.901796	21.060147	33.913017	32.666699	27.910465	21.127294	33.491303	33.806863	27.177472	27.579366	31.156078	32.419523	33.478549	33.591084	20.322027	33.459418	33.540285	29.639431	25.639179	20.172992	25.710359	26.957746	16.314382	24.507006	27.832836	28.376283	25.259028	29.424477	32.286991	17.221229	29.145965	24.348372	32.397762	26.948742	24.967565	33.558867	27.813587	23.679607	21.244253	30.603696	33.943163	26.809522	17.665990	29.934085	32.079997	28.739692	32.204498	29.280533	19.596017	31.759385	33.937685	25.046764	24.965739	24.554465	18.430020
22.118918	33.742834	30.253700	27.864548	32.996690	32.417937	25.772574	25.334010	32.484462	19.678258	30.876931	33.404605	28.383675	30.466101	33.264594	30.646674	17.718279	29.664749	23.867787	12.952188	32.812022	22.346682	31.638750	22.316329	28.423407	32.099470	23.965710	28.047094	28.581538	24.841954	32.311617	24.451938	27.844095	11.331726	31.562527	28.431129	33.248710	22.582736	29.032105	31.965652	29.185160	30.593671	26.128023	30.839154	26.954105	26.507742	28.363637	25.230959	32.445499	24.913944	32.326961	33.717522	16.007676	33.599823	25.905501	33.608708	33.028621	24.320709	33.836663	31.363821	29.123545	26.225384	11.414860	25.209978	32.322479	22.570969	26.970585	25.905984	15.135877	32.830218	28.567379	31.837511	33.692983	21.531905	21.801158	24.780482	23.556154	27.797421	18.118735	29.657735	33.415424	30.890004
29.600211	28.122810	30.546333	19.624933	28.924225	33.831915	29.174988	31.900575	28.761807	26.016583	33.357374	32.121438	17.344111	17.022927	18.842060	29.190711	29.964595	33.517503	32.966804	32.377515	22.407570	33.308292	16.108755	32.698992	10.027449	15.334252	26.150599	30.922050	33.948151	33.709060	33.943306	33.206095	31.641790	32.617538	25.581604	33.058199	33.948892	30.726012	25.621429	21.088775	19.236929	26.988406	33.211337	28.050026	33.884242	30.388820	31.160217	32.719130	31.132309	32.982234	28.064464	28.093183	32.498539	33.424071	26.773359	30.489575	31.672561	25.228929	18.302731	29.462194	17.619441	23.221294	25.217041	26.543082	28.686554	32.439839	30.610758	29.520769	32.373873	33.751184	33.590629	12.325288	24.356894	21.897307	32.288220	16.232315	29.137675	28.787745	31.475068	32.478560	15.000773	12.266236
30.360037	9.218973	33.941148	28.386200	20.306108	29.565223	27.442280	26.243813	8.713334	22.677240	32.008175	33.640318	31.588376	31.709327	23.714666	33.724917	23.447422	29.843503	21.644605	29.260667	27.750588	25.513994	32.443263	27.862704	13.315874	28.406115	33.040642	31.745452	16.283570	11.691679	32.213044	28.479182	25.355430	25.073601	26.252681	22.359585	32.680491	26.587360	30.623569	15.623637	27.128297	33.212637	32.201947	31.916007	25.407421	32.917045	18.814385	26.636895	25.359431	31.188047	25.824597	29.312851	20.829905	28.462840	33.573956	17.377447	22.202274	22.154109	29.738053	24.830748	31.019596	30.831802	12.269836	25.213512	31.273979	22.659576	30.639545	30.317902	27.422633	31.888826	28.108951	17.667115	20.473576	32.990828	27.104240	31.350636	18.638774	8.701066	11.370491	33.444790	32.751841	24.626637
17.326525	32.608094	15.958605	32.869272	30.145919	32.205917	33.931211	31.109771	33.851957	18.268410	21.010436	28.721577	30.390898	32.649998	28.436882	26.348874	27.747402	33.741609	20.235827	33.734231	23.063459	25.721376	30.504375	32.313622	21.673964	27.471700	32.750107	30.450887	26.192225	33.344044	24.227810	23.855921	27.399404	22.916614	33.130273	31.519008	10.926381	29.744689	31.303793	10.585452	33.590732	28.390914	25.420978	24.945017	32.897649	23.331844	9.621390	33.449251	20.618305	29.873441	18.339758	25.137983	31.659638	27.168190	15.796226	32.992438	26.458485	31.747962	33.577723	19.621393	30.705297	31.098525	29.280340	33.610604	31.857658	32.653703	28.947549	23.754836	19.020269	24.020018	33.099359	29.439151	30.477449	33.967769	19.700995	23.687336	26.990437	26.319907	30.348464	20.843446	32.177353	31.204196
26.251687	30.777775	27.219383	33.020735	28.257119	27.931289	26.322545	26.849274	24.207826	28.602031	32.466073	32.184926	31.536976	20.139314	27.923274	28.295863	31.357775	30.803623	13.429940	28.448983	25.154925	25.330879	27.711770	31.419327	32.035720	21.789980	24.877010	25.941078	33.076588	33.499400	26.976787	29.751375	32.378907	30.687496	21.274246	28.006025	19.525681	23.324756	26.118957	22.136275	33.253023	9.663876	28.938843	32.754010	22.217958	32.011253	26.447664	33.406988	24.124857	28.862866	32.842510	31.530788	29.580416	26.210763	30.445821	26.300542	31.652776	33.139025	32.385861	26.146480	31.767905	32.598870	23.518875	19.193779	28.379137	29.754145	32.481898	15.574042	26.567250	19.516204	25.113401	23.749106	33.500368	32.003016	25.680057	25.783571	33.392047	32.777575	17.711063	26.019220	18.589455	32.755196
32.293528	25.364447	26.876061	26.394543	31.580800	18.684051	26.535737	32.171964	21.445427	28.136776	30.314339	25.515257	27.871270	32.446185	33.054590	31.125114	31.467671	29.087723	32.742344	15.498844	29.377761	22.505821	32.838376	29.142225	32.756259	31.187781	32.831721	33.113525	28.622117	18.857809	13.331272	33.942192	32.272640	28.148074	29.430341	31.877501	31.968988	33.035110	32.075702	30.922218	26.879641	33.395817	25.163141	33.752265	20.538351	25.218629	30.550426	20.437922	31.771080	17.706918	24.146719	28.115237	32.976506	23.769965	14.795357	33.933607	33.625519	33.514324	31.131082	29.542195	15.311976	29.697610	30.202488	29.559953	16.618662	23.159043	33.783578	32.488869	32.827052	30.261746	20.786375	32.921178	23.951196	31.087417	32.934321	17.258894	31.177922	33.605038	25.174593	13.478377	8.859828	32.048933
29.862679	33.450589	33.770232	24.987716	21.269302	30.108279	33.763930	26.490084	16.005383	26.585044	31.559805	33.234849	17.888005	28.096104	20.406511	30.849517	20.290412	22.707017	30.488979	31.393453	24.131722	30.940565	21.089091	23.827862	31.949041	27.347416	16.281589	12.376272	26.773219	22.522725	24.909715	27.211511	33.911340	15.452106	26.420758	18.022777	31.633030	20.762568	14.801930	23.174135	28.723453	22.056752	31.846163	27.026457	33.948838	33.490532	32.463996	19.066497	22.947330	32.481657	30.180273	32.674692	27.742018	22.610246	25.568246	20.819822	22.998094	30.887151	25.939042	33.449456	25.144122	31.720505	10.892883	33.126487	32.925843	29.755870	33.045269	33.717966	33.793614	31.986129	16.535738	26.537020	10.559474	25.176160	17.046014	22.397087	28.071458	24.805084	29.275639	31.656322	30.793093	33.473098
33.654366	28.554930	17.108829	32.193062	30.780343	32.713841	29.648967	25.601092	33.934465	27.444160	32.115582	27.807860	28.219615	31.730905	31.292662	33.195171	23.517549	29.846219	18.641494	31.354261	21.234149	16.844574	19.923799	21.826237	31.927214	20.873679	24.340044	20.955197	24.447057	27.824086	31.811591	31.759389	25.544564	12.667683	26.745570	31.828338	24.536485	33.626494	28.234265	27.765139	29.564956	33.672558	10.784006	18.951300	30.615010	32.288197	25.065357	26.231330	25.703054	24.755056	33.452935	20.352339	24.492772	31.695185	26.047837	16.576866	15.824189	31.600553	28.301268	27.369295	29.690724	25.543872	25.719642	28.218696	30.620063	33.973750	27.911259	22.371534	31.070937	30.815664	32.049789	30.341666	23.706614	31.332027	33.520197	29.474742	25.627926	30.366873	30.354445	21.756226	29.042717	32.002431
32.227180	33.889173	22.851365	18.235776	15.053142	28.735251	25.621574	27.430351	30.162645	22.356803	20.702132	33.052941	31.095475	32.243285	32.163867	8.151956	17.304153	16.140938	22.781002	25.354936	13.144986	33.710491	21.651015	28.641026	30.335624	23.473320	29.270496	32.078805	21.789467	27.637679	31.614798	27.197056	33.485181	31.370673	31.931505	16.786861	26.052472	27.399063	18.410219	29.533062	32.959263	32.241025	23.390376	30.195185	31.022383	33.064159	30.189450	18.565811	32.217017	29.725283	31.278680	30.552686	19.534568	33.871233	31.738257	17.300001	26.921235	30.562929	21.256116	22.483351	33.168529	27.114393	26.486493	27.697311	31.576114	19.373666	31.156171	20.372316	26.747672	28.667503	21.945223	30.427183	9.713495	28.422910	30.492298	32.192649	28.579769	16.715067	33.676317	31.638942	28.749617	21.176209
32.840532	27.903015	19.927949	33.212490	26.773601	23.214773	30.820668	28.178958	16.359748	31.430526	30.083004	25.797414	18.307486	33.550425	29.204645	29.765963	25.222016	31.285488	33.083769	33.955240	31.285357	30.125850	27.671295	23.838320	29.117819	33.194567	29.571686	33.294987	30.922785	30.102983	18.103900	30.706125	28.400709	20.934068	31.326605	23.420859	30.825187	33.832522	23.184222	33.594727	16.428644	10.077912	23.546542	11.855116	33.876281	17.165939	24.662627	29.147521	29.580684	29.705453	32.518620	29.035008	32.995591	33.758966	25.850520	33.554347	19.523087	33.735071	32.334620	29.328451	23.923565	26.541226	15.720788	33.900271	22.986790	28.600974	32.448847	28.791189	26.848936	33.358892	25.340352	22.411962	32.765077	20.418844	30.124925	10.073572	27.032955	33.347036	27.926114	33.838650	25.776396	17.261110
22.095976	32.736038	14.938179	15.727700	26.126453	13.170350	26.310341	20.290769	19.883440	32.238708	26.188898	31.869945	14.363618	33.263544	32.047625	33.583814	25.276958	30.497312	16.785331	31.213494	23.252189	31.052508	30.779229	30.536511	24.667429	33.388551	29.363381	18.365643	15.463367	27.323609	28.080353	28.889575	33.627534	32.325829	25.285397	32.367715	24.508992	31.203864	26.970760	32.197907	13.424240	31.106452	30.778473	14.548142	32.108222	29.680146	28.292132	29.014973	30.475842	24.716132	32.254368	31.747686	31.823105	32.031710	31.730911	33.042921	11.686177	28.265618	19.416158	33.526643	32.181805	30.635700	26.654462	28.187522	20.978968	30.393937	31.729655	23.825762	28.159509	33.620442	33.365458	23.324746	32.616039	28.966015	33.631203	29.532667	15.996585	33.955271	31.454997	29.641371	22.610226	19.739862
21.286278	31.823713	27.558180	19.753940	25.928847	33.825089	25.975779	26.390751	29.921161	33.896117	21.513249	17.810646	17.078119	30.767527	33.858224	22.080231	31.154168	33.603492	26.523359	33.953741	33.573068	25.957611	10.630592	29.828168	33.790726	32.479077	33.289887	30.203398	18.731325	26.625701	29.147030	29.854737	25.059908	28.809175	28.985307	32.170067	31.368847	17.189788	11.322763	32.334003	21.258682	30.591689	24.482206	32.416781	33.200442	23.422261	33.494843	31.694071	19.613543	32.274478	27.209029	21.971052	33.729023	13.061386	22.216828	33.782303	28.985947	23.987300	18.570154	28.198181	29.945799	26.249237	14.223186	9.890581	23.520107	13.320884	33.058713	32.843199	32.499445	22.772149	31.057595	27.601607	33.781229	32.971756	25.815563	33.202099	30.024304	21.417090	27.850464	29.586164	25.181055	29.653585
32.776535	21.313715	27.479609	14.893584	30.237123	31.829176	30.839628	22.782636	31.290122	30.914568	30.037915	31.654285	33.034171	33.543550	27.508160	26.397517	32.010948	16.817152	19.704495	20.906588	28.829939	32.052778	23.139166	25.533817	24.382073	33.203175	32.128612	10.557588	10.253190	32.956647	21.064616	24.179605	23.395294	29.780850	14.570115	25.616309	31.413879	27.065702	11.537877	25.467393	30.870089	33.539838	26.290175	26.571111	32.015842	31.599371	33.353227	16.860193	21.355409	28.764172	31.541063	30.230684	33.645797	25.747517	16.302025	33.697399	33.615922	20.375750	31.708395	30.705347	26.873637	24.336815	33.938279	31.172043	33.512582	29.888683	13.291734	16.403889	31.584925	32.901087	29.964805	22.593571	14.721249	24.724050	29.041543	32.896800	33.857805	33.853677	33.845061	23.120367	27.891458	26.349401
33.911169	32.655513	33.624533	31.280990	27.161941	19.040145	32.322682	33.159207	33.691673	13.408132	28.916014	12.518591	33.933786	29.138927	30.027052	33.024041	30.900898	26.879671	26.429096	28.186067	32.110246	27.642963	28.391743	33.015693	27.279154	27.502514	31.297155	29.862085	32.007836	30.525901	33.328527	24.582401	29.973119	32.420157	32.942529	33.489133	12.174720	29.375594	30.448823	33.215825	33.805290	33.529225	29.846473	29.359740	28.286208	23.249380	32.104987	18.894845	29.030710	25.311727	14.373534	31.942556	22.411402	32.848742	17.248263	25.137899	15.701221	13.975739	29.531634	25.082501	23.215941	18.029663	31.449091	22.706213	23.893936	25.933351	29.329178	14.633728	23.108089	28.539637	26.312076	24.189836	26.853372	33.031382	30.324537	32.638116	22.502011	29.722646	30.875857	31.087680	21.054042	17.112240
33.433393	33.849837	11.769403	33.898904	29.537710	32.508772	19.038111	22.245549	32.832382	22.470075	31.323277	30.579689	32.720178	20.482536	33.039700	33.258100	32.069641	20.055474	33.204261	33.677972	22.256218	33.356329	26.855328	16.539521	29.741719	29.003285	23.237321	27.013457	33.593259	22.363719	20.534835	25.029856	30.676918	33.967815	33.557214	29.832217	26.024049	29.559519	22.762636	19.146538	32.605779	24.727893	33.793498	32.649093	25.816435	21.194304	33.950193	27.279611	31.205868	21.662458	29.050786	23.662386	30.930473	23.538112	29.968123	33.149083	15.910019	30.335214	25.790301	25.987894	22.556662	28.848623	30.709051	15.654083	26.410848	21.512062	28.500187	28.352714	29.580545	27.741785	22.100625	11.676382	25.080449	33.098673	25.272129	20.668751	29.447625	27.551206	26.059085	30.082410	27.672041	22.564785
25.728269	32.482981	33.199873	31.538199	27.555147	16.589194	29.840890	23.990304	31.392230	33.693749	33.880584	32.275003	27.678514	33.216311	31.037137	23.913789	31.176047	22.676540	14.105395	28.976327	26.222404	30.895334	31.367886	28.008618	30.371741	28.781491	25.588469	32.106960	30.582418	33.844979	33.685323	28.725470	32.728493	33.293924	25.575812	12.237694	21.749556	26.642916	33.606253	21.011274	12.164646	28.903337	28.822211	24.971701	33.051194	24.125335	14.439990	33.320610	32.741357	29.156536	14.659976	29.632668	21.332538	16.310379	24.055584	31.098972	31.451459	32.689303	31.922165	25.058542	31.176991	24.334648	33.613300	25.319262	28.062432	29.629284	13.416414	32.916495	28.162075	26.539753	33.538849	18.885196	16.648688	30.580649	30.040160	17.930388	32.761617	28.185984	23.812346	32.684365	31.997780	27.628992
25.708518	33.047949	33.654471	27.789630	31.747354	16.265465	30.282249	21.236317	31.913335	21.684019	31.570894	28.588109	23.767608	33.444965	32.186632	27.146780	12.713746	25.772077	33.839407	33.905697	30.358473	32.912487	13.968620	32.096573	33.810765	31.997949	30.834229	22.686934	23.353975	30.446756	13.337551	25.260574	33.628517	33.752666	14.664116	23.227299	18.969940	33.545270	22.328508	33.075218	28.818898	29.032854	33.604651	23.573842	25.727449	33.714640	21.906413	11.865622	25.013327	11.447932	13.797844	32.404485	31.414313	21.895101	31.616570	20.006981	31.297911	29.593269	33.672078	33.646052	33.227095	32.151524	29.469686	28.449782	11.914583	33.442873	26.561437	26.092084	33.149860	21.175490	33.036910	23.601136	33.258970	28.609346	15.598124	32.481862	32.727921	26.460457	33.250701	22.976287	18.624559	29.336908
33.508607	23.187732	33.598417	26.365967	15.068615	31.817307	26.300197	30.802602	32.725235	25.337350	27.953340	31.664919	31.816871	25.986352	29.080035	31.983837	32.845509	23.961652	33.864124	28.010382	33.325334	18.958737	33.425388	21.572301	19.957917	33.582927	33.979469	33.313570	23.883311	32.273984	18.200841	32.526814	31.198644	27.734807	27.957420	22.278509	27.915923	32.730652	30.898557	32.586265	32.039901	33.799618	33.621157	27.769595	31.313516	30.425005	33.049237	32.220610	23.433190	23.836044	15.516380	23.235759	30.500222	32.653767	32.714817	32.607484	19.966761	33.328607	32.798802	28.492209	29.025085	12.351959	32.532358	23.176675	24.546229	32.892664	33.699518	16.454560	31.074475	28.830465	26.576885	33.690840	27.627879	11.945247	14.649387	15.081363	21.330998	32.196777	27.861546	33.288164	33.635924	30.655030
29.493385	31.854855	22.822988	31.832092	30.977559	31.207498	30.199343	30.979587	33.844802	25.704234	29.920170	33.428270	32.745939	24.388508	22.166232	31.592818	31.099748	33.800992	33.950334	27.498313	13.055734	33.182843	30.475570	21.745182	26.165892	31.930537	15.120543	25.119415	23.929255	28.036335	33.705749	31.678110	33.633452	16.146211	18.547471	32.691125	29.871171	32.794700	21.400181	30.998631	25.868275	29.757502	22.980063	21.292991	30.258351	27.924233	33.084663	27.674535	24.700208	30.997688	23.022351	31.813710	30.448305	33.453111	31.830172	33.724389	33.720742	12.817320	22.414128	33.657619	32.824212	33.636500	33.046101	27.023738	17.296731	33.660498	32.599104	24.554282	33.617606	33.366844	15.358963	32.663332	32.707011	32.511122	32.961372	31.325376	28.309806	17.136410	28.337292	31.819883	28.111821	15.040610
26.619750	25.353833	22.604657	30.795976	17.859887	13.331761	33.758169	33.012453	14.992854	31.720699	30.617247	28.427541	30.584335	23.790717	13.921486	20.376234	28.779707	31.334972	31.328332	29.629420	27.999083	31.320736	29.878556	22.383858	23.146245	32.042536	24.508352	32.593407	29.915881	30.927866	33.903609	32.161813	30.624724	32.048883	31.321721	15.302431	29.000641	31.420114	26.960866	30.575913	26.779269	17.826216	25.517748	20.624301	20.561585	26.820737	22.530228	31.569382	23.817065	22.673182	30.451713	32.501219	13.067100	22.281958	25.788479	11.318278	30.447103	18.816030	24.747661	33.176095	23.940675	17.290887	33.558206	32.886094	10.156258	32.872152	30.803282	14.103296	32.148787	24.331274	31.008034	28.713241	27.846569	33.454028	19.143856	30.927725	33.978707	32.063860	17.380101	33.632929	32.066885	29.437952
15.963660	30.543844	31.736084	32.918358	13.521856	33.787800	26.885658	22.361136	24.376801	22.098583	30.437648	28.276880	18.543988	18.711958	32.657493	22.328805	30.210267	25.384691	32.300873	29.850306	21.207393	28.015903	30.888196	28.252734	26.174771	31.345244	32.216432	30.062524	31.652839	27.664241	31.668725	25.157843	33.196099	26.503900	33.472487	26.075125	27.365101	24.804725	33.207584	20.829068	27.857526	29.733895	16.701694	28.280618	15.814641	22.410451	29.601180	30.689015	32.501895	28.398341	21.519343	30.039321	17.020447	32.828108	33.775531	10.137175	21.726959	26.988602	26.881007	18.369872	27.713083	22.039065	23.977226	24.069686	30.657585	30.642434	33.562278	32.303464	20.973288	31.183831	31.351743	32.462882	25.989619	30.915615	21.540101	24.880663	30.662013	27.201066	33.736316	29.682238	32.639780	19.796157
24.928667	31.472036	29.879598	22.197182	33.940345	24.244356	23.546545	26.636971	24.023007	27.048871	32.794642	29.543899	33.848176	32.547269	26.364398	32.581794	33.396800	33.666974	31.722554	33.568391	24.867676	26.833177	7.121997	32.628539	33.813932	21.106285	28.118989	32.222507	19.073998	32.404968	22.171964	31.451435	33.089657	29.925509	17.678077	30.340920	23.361915	31.109558	18.554755	28.266024	33.977316	19.589845	18.626653	12.739390	32.221690	23.838562	33.375886	33.974201	33.841509	31.125355	31.009944	21.731800	27.697955	27.464440	16.072980	28.427912	31.025789	22.690296	19.609064	22.050677	31.911426	33.840386	26.914189	33.312767	28.115232	32.597138	31.462003	26.685629	21.070398	25.585640	27.770974	27.290298	29.556273	31.321680	33.906647	32.253362	30.393991	33.794946	33.511861	31.615978	15.729875	26.493875
24.120431	31.893324	30.376725	25.023154	30.058153	33.925676	21.502765	29.222276	29.167778	32.672557	30.746049	33.632912	30.915351	20.708925	26.827395	33.545055	27.653599	30.583468	27.347011	24.427629	33.122739	30.803690	33.747131	31.828925	26.010114	10.317280	21.949076	27.673247	28.665397	27.169385	27.961079	32.629105	14.766256	26.098116	18.356452	17.818975	30.834019	30.419215	12.392454	32.123256	26.411795	25.076456	22.861282	32.866822	14.973575	30.340624	29.799844	27.712991	33.937518	26.845511	28.087831	31.176719	32.029238	30.549416	10.483437	33.032367	32.262524	32.516652	32.514439	19.075582	26.388558	29.489759	32.752149	29.793887	31.588400	26.974424	32.151520	27.809872	32.069981	32.462495	12.604051	33.680446	19.230738	30.746760	13.835006	14.988903	28.633033	25.685720	22.657212	29.946157	31.580275	28.422846
23.731786	32.330609	30.385785	33.571908	23.597425	33.314834	33.666153	31.439899	28.464330	17.627140	33.966497	21.897976	30.832265	33.812890	31.193500	31.043575	11.577518	22.391557	32.521415	18.288778	10.124808	22.433301	15.626080	29.601828	32.500198	13.378608	29.363512	20.848903	21.269331	33.499600	16.750392	32.594737	31.794648	27.662491	31.688554	33.974905	29.683033	33.478768	33.963253	30.612582	31.579296	33.870853	30.910800	31.268543	33.801011	16.568816	28.817264	32.997222	15.986278	18.528912	29.192243	20.638246	33.460773	30.890274	33.472628	33.524679	30.750310	33.852594	26.690044	33.189096	22.478197	33.947924	25.221256	33.678479	33.507072	25.994185	18.919987	15.463110	27.323524	33.952125	33.473665	16.427885	29.623412	33.899355	16.227932	19.317116	33.665332	28.664403	13.583800	28.587010	25.087735	9.398064
33.833781	23.409817	28.797107	32.053912	30.033001	32.831521	33.879783	30.051653	31.877365	31.749824	28.146556	20.540473	24.839328	33.313722	33.330975	33.314375	31.760563	27.534963	12.477756	25.999941	22.757547	25.135453	30.657650	15.057040	16.839075	26.018240	23.543628	21.305902	33.482309	25.813964	30.507057	23.867056	32.724691	16.267498	18.315313	28.106756	25.151307	29.435953	33.056428	21.727972	29.611945	13.514036	10.755581	28.834528	24.894184	33.224849	27.792213	33.061592	33.971285	32.062877	27.397655	26.810336	19.201330	26.030165	29.052699	33.420170	28.379425	25.991298	32.293912	28.194045	30.613578	28.709066	29.482117	33.619439	31.693658	17.267605	23.261179	22.413266	29.627395	33.931323	33.906299	33.455834	20.863299	23.430690	27.750587	13.593550	20.192225	25.034327	32.762607	19.905583	33.370163	28.345847
28.583035	31.394660	15.808162	21.510128	25.830933	32.433569	33.040218	31.331341	27.002007	30.255418	21.109450	29.745287	28.657080	27.051647	33.977313	33.022458	26.196750	15.484330	23.290791	14.995725	14.901929	28.909676	21.070715	27.910122	33.153250	23.376061	31.346623	23.745535	27.098042	12.738617	17.422573	23.457102	15.843663	26.110511	25.479633	29.822361	33.977004	32.802965	25.639354	26.339227	19.689193	19.148992	12.619463	20.295902	29.967726	32.300939	19.125444	26.766712	24.149888	31.241401	30.456741	33.695819	28.576341	17.260079	20.374994	33.629536	26.176989	24.895417	21.242735	22.736618	23.477488	33.333927	24.633763	17.041481	30.572993	25.857802	32.483791	33.939308	29.447566	33.478454	12.720874	30.125750	33.879012	18.345494	33.182671	32.001109	29.750828	30.455052	33.649327	17.072124	28.460584	23.162961
21.534525	27.004209	31.311635	22.486000	28.908338	31.228918	33.967103	31.934207	33.607306	17.782857	14.012306	25.536830	29.846695	29.589153	27.699571	23.367187	29.806155	21.001063	28.411601	29.245855	24.451680	28.150707	30.171884	23.662370	24.258606	19.640381	30.547471	17.781291	30.644994	33.701359	24.228707	20.102819	25.501638	29.681774	30.498482	17.082303	25.885000	27.216108	24.241626	25.260014	22.263192	26.221195	32.143078	24.527961	22.982400	28.730373	24.893804	32.866146	15.592272	28.313661	25.024573	26.440832	24.036124	19.304828	26.208361	10.168119	32.282876	13.206616	33.329668	31.506069	33.706578	33.617498	29.104409	26.407056	30.723311	31.946767	30.875785	29.239005	32.178334	20.739620	30.788426	32.683525	22.667907	33.630000	33.705815	30.978318	28.448867	32.261110	29.806954	32.339212	28.527550	27.248093
33.837315	33.839242	25.830932	31.565479	19.801723	20.197234	24.052569	23.623338	28.848421	19.049981	19.142336	31.107030	23.671989	29.236716	30.827813	29.551569	31.850857	33.887276	26.901148	32.483030	23.109060	33.453421	29.635429	25.752642	25.030222	18.975515	28.329218	29.831629	29.184953	32.987354	30.609016	23.584253	20.735836	22.355085	30.429691	31.160726	27.641305	33.234402	29.586919	28.565214	15.838633	10.796569	28.814538	23.972564	32.608694	14.723609	31.916627	30.564112	33.171410	33.796469	29.646849	29.482435	32.688467	28.521226	29.039998	33.723052	31.858027	30.199828	32.865384	29.305903	24.408795	28.364801	33.704358	22.954506	22.473569	26.102856	31.469855	18.133267	25.981177	29.213277	10.559420	33.612263	21.669469	22.708177	33.178377	26.882801	17.644553	27.442920	25.693770	16.126571	24.437148	18.893776
18.457231	15.682197	33.851885	24.854379	33.267841	32.520050	8.395423	30.167353	32.587790	23.211390	18.131960	32.031356	27.970264	31.684516	19.593445	23.681911	25.271843	31.192618	16.586225	28.015223	33.478714	30.004974	32.551148	31.983089	11.119717	32.601790	17.024133	26.661478	28.352337	32.921118	29.878695	33.559835	25.509272	30.231341	32.681980	8.472128	32.091183	33.614502	33.381548	15.229856	32.819946	31.774657	32.394170	30.603565	23.305950	31.066873	27.534268	30.670181	25.731816	25.440549	25.487200	29.548047	22.349298	31.660824	21.764002	31.181338	29.653475	24.146371	33.602526	30.370032	29.593370	22.390093	33.307763	28.562796	33.937158	13.191833	32.761348	24.116305	26.449151	25.951442	26.563766	14.152428	21.455929	13.810865	22.364493	25.820439	16.988298	27.503654	30.608725	26.884030	31.092458	33.902445
33.954479	25.626642	30.226088	32.150439	26.228609	29.491783	31.692794	24.000747	25.613546	33.923622	32.847376	15.698401	15.917141	24.208358	21.753742	33.046716	30.564450	24.460286	28.725025	31.691313	27.613977	30.394630	20.082227	13.670433	32.070124	28.972746	32.865789	31.373785	29.613339	31.885673	22.309655	19.724085	27.696276	23.486821	23.068630	26.318967	14.831443	26.486513	31.414944	31.108382	28.061365	20.543924	33.444027	31.502772	23.932105	33.911446	17.085050	17.024730	32.858325	30.689800	19.726620	22.382209	30.330518	28.412743	29.460965	11.547731	32.260052	33.424354	31.660668	33.155582	24.503590	29.089439	32.666037	31.568334	24.103162	33.389012	25.201212	19.704504	28.507403	24.730956	33.388167	33.839023	25.838586	33.976473	26.455750	27.177174	24.202343	33.874005	33.922940	20.620229	32.452346	27.599009
21.753082	28.257865	29.506984	33.944572	26.319178	33.853438	33.243974	19.930120	29.625486	21.936333	27.985881	22.548739	30.025394	22.874788	31.118689	30.004354	28.474854	28.396933	16.383222	33.550756	33.789141	33.153850	28.921637	31.811350	29.906384	26.441010	28.860741	10.244142	33.423453	30.860440	22.296230	30.178317	26.567177	29.243535	22.732116	32.639687	25.058730	33.247676	33.692850	29.720643	33.875291	8.679645	33.645193	22.294211	23.018524	27.216816	25.836490	25.837829	24.547433	25.644094	23.816440	33.669046	25.765264	33.376492	33.698856	15.037611	32.361526	26.506445	28.480478	18.587387	32.775134	31.967860	26.106716	32.878199	33.328001	29.414162	21.164688	25.816401	22.145593	31.439072	32.725507	33.960737	13.549061	16.147538	30.076524	13.968815	30.755414	32.938644	32.359290	29.310107	29.204843	33.964614
29.824178	29.699999	26.882061	24.843854	27.728235	28.408161	33.705565	30.957258	32.179084	17.891277	23.105150	22.489127	16.129553	15.884280	17.850554	11.137696	31.126015	29.467473	22.725669	30.479889	22.056627	30.312149	30.036962	32.077054	33.284271	28.641983	31.723835	31.131258	32.866509	20.515965	18.893955	23.374025	30.972534	32.024768	27.921866	31.522229	19.209095	27.317716	33.971351	32.618287	20.111807	32.936625	31.083096	31.134046	26.437213	22.728062	31.924593	14.039134	33.591140	33.633770	25.107224	22.654818	23.802818	21.350092	32.316873	33.759038	32.022869	31.999638	30.180876	30.431902	23.363288	32.428764	33.586809	33.153665	20.107867	32.697596	27.699017	31.500040	14.650881	30.197658	30.675271	19.143646	18.421965	17.871403	26.067120	28.417093	18.072366	24.921495	33.792621	24.820640	27.663715	29.128549
31.365096	25.048801	24.586588	31.904691	33.160093	31.250427	33.871001	18.722042	32.155918	30.975380	28.522470	26.496284	28.589603	33.252670	28.154659	27.421180	28.852498	14.472129	33.856011	33.043730	28.142092	33.538352	33.969267	23.390013	17.135039	29.357560	30.935508	33.146457	27.070296	31.006318	31.595841	33.734266	25.998640	30.188902	29.040255	26.372987	28.485716	31.590089	27.679777	32.905621	31.915563	31.927469	12.377601	23.843723	19.449773	31.831228	20.362655	32.185356	32.143330	25.870575	27.844303	33.549654	26.591822	22.979809	28.843918	17.313028	32.480682	27.379749	28.959105	31.705539	29.226166	17.042743	21.729556	24.951455	29.834443	27.889610	29.198667	32.558572	33.839101	33.800744	28.030762	30.844155	27.218747	31.400991	23.225324	30.956256	27.299917	22.156457	32.841292	18.475284	22.915954	33.845081
