0.000000	20.273757	12.849119	17.281299	16.187733	17.101925	18.330801	18.969684	19.938037	15.491805	19.373893	12.632284	18.445579	19.093007	6.197448	18.365830	17.748266	18.220599	19.732839	19.290321	12.496252	18.679087	18.702294	11.239959	14.055211	10.042013	18.771091	19.074315	16.001817	19.837645	16.233858	18.403534	12.197872	19.546911	18.509595	14.849979	19.040899	18.504171	16.010386	15.276661	13.832473	16.831015	14.179286	20.200598	18.051727	20.265135	14.686169	19.771499	17.171196	14.964561	18.952774	19.514010	20.315847	15.047912	13.971418	7.709740	9.369380	20.146519	10.359053	9.331125	17.894870	19.166236
18.962875	0.000000	16.403321	17.460115	16.279705	14.152158	17.533837	18.163143	18.051290	20.305222	13.562454	17.344569	18.174851	20.146684	4.930206	14.143017	16.652483	8.074053	18.004905	19.071141	6.503227	8.919839	15.634946	9.347588	17.000670	17.806548	7.456700	17.452536	16.964131	8.438183	20.068163	17.675257	18.731060	14.444151	9.605861	20.220222	17.056444	7.367827	16.028166	19.019417	11.139207	18.231320	18.233534	13.988881	17.796829	16.815375	20.188376	11.919216	16.175050	17.649035	17.471470	15.213544	16.872211	19.695117	10.227920	20.129897	19.663305	16.578468	18.889618	18.907197	11.754946	20.296117
16.297650	14.825425	0.000000	19.418520	16.575219	8.057859	18.092630	20.139812	15.873398	19.793729	15.917617	18.791256	14.648566	13.086527	13.111502	11.066197	17.334960	15.519838	15.767593	15.622378	19.942438	16.173015	19.030204	15.635576	13.433076	18.944949	19.225258	19.678288	19.305672	19.444074	15.857086	11.798416	19.890820	15.659538	17.086090	19.043850	14.393672	19.158666	20.010703	19.614878	8.417883	20.297187	11.341822	11.865377	20.306366	13.956171	20.283160	20.137684	20.216501	19.356028	17.957932	15.341676	16.552236	12.789180	9.209622	20.110274	14.601584	15.488877	13.364656	20.077847	19.980185	19.887564
20.316449	11.300161	18.705817	0.000000	9.201480	17.235350	19.267763	13.332962	17.180760	17.981599	11.915462	17.720461	17.213324	16.488207	8.489428	19.900512	15.260159	19.758353	18.770869	19.966536	19.296368	11.027707	18.289681	18.566794	17.518705	16.010316	16.508306	11.770370	15.592455	20.030926	19.345530	16.567785	13.077901	19.407740	17.549348	17.463914	19.427123	17.489019	19.893575	20.138294	11.136552	19.463613	20.009615	13.638465	19.474315	17.866221	16.178102	8.748693	19.415040	14.693060	17.927188	8.968695	6.881572	16.491597	15.225438	15.414477	16.490272	20.303977	15.651629	17.828074	13.143354	16.256539
20.265746	18.966780	18.029588	19.455743	0.000000	19.518095	14.371481	19.848608	17.020119	11.528407	18.787282	17.163058	15.784673	20.186931	14.031125	20.028417	17.124163	19.785086	12.085007	12.810067	19.448359	17.298051	20.091207	18.153901	9.700567	17.320656	8.793276	14.584133	13.082473	17.184557	19.030689	14.136378	16.248677	18.851624	20.176942	17.783227	8.885799	19.915107	15.461527	17.161834	19.473148	10.145907	8.535631	15.732029	20.010798	17.389955	9.022085	17.601181	20.210251	13.552678	20.088162	11.515138	16.093342	18.588801	14.264913	20.075548	16.866414	8.404701	9.996868	9.312902	18.725205	13.445427
11.374763	15.013120	8.595521	20.262729	16.452417	0.000000	19.067877	6.198074	19.488383	20.291195	14.215830	19.490679	12.467538	16.827293	19.304660	17.175945	16.122151	9.847424	20.263929	12.236695	6.889795	15.799795	15.006762	17.005365	20.280405	13.131050	14.156775	19.913727	11.554234	18.082238	17.221778	16.736208	15.215890	18.706683	13.029649	20.059456	16.991878	18.559000	19.589596	15.413805	16.467009	18.149524	19.821862	16.330977	7.707115	16.681987	18.431466	19.701593	13.876709	13.504622	19.522977	12.851742	15.281729	13.356138	18.495896	19.357313	10.734711	18.439541	17.719508	14.604047	17.373727	9.802224
16.770709	18.965867	14.840235	12.553953	17.207264	16.340223	0.000000	17.245195	14.158526	16.348380	12.615716	19.937039	7.067431	16.852741	18.387531	18.293875	18.162196	18.081039	19.029102	16.275455	19.279995	16.649364	15.011517	17.582016	18.689123	18.994781	19.762734	16.781117	11.612440	13.757968	13.747293	15.770928	17.000632	16.060013	19.408251	17.906598	13.302461	17.388390	17.754732	20.063318	20.145838	19.922385	15.343776	19.631443	16.796539	17.052637	14.332740	16.297769	19.605984	19.367945	18.522966	16.077393	19.934435	19.853539	16.958502	17.004582	18.560172	13.361832	20.081938	16.625388	11.400826	19.705806
20.313344	13.231079	17.437147	13.559011	20.285902	15.573270	19.840976	0.000000	19.880083	15.510373	11.859965	18.197453	19.191695	16.202215	14.914738	10.446208	20.190681	10.991759	13.501862	19.320489	13.995468	10.875503	16.748454	18.879781	19.605427	17.825770	18.335597	15.988133	17.643848	13.101522	17.960552	19.992258	18.562492	18.904089	17.677163	20.289263	13.859442	13.562221	17.063615	9.844923	8.524640	17.161244	20.168560	8.959599	20.231884	19.237267	19.951596	15.943758	14.749076	17.130179	18.416480	8.337600	18.677011	14.705531	8.519059	19.387895	17.809941	20.195746	15.166534	15.989932	19.852644	19.250675
14.352161	16.429604	7.310360	15.255680	17.532955	19.903888	16.572325	13.416743	0.000000	19.838901	15.506397	18.793166	20.228876	5.820340	19.418520	19.990259	17.962975	14.935813	19.235627	17.810149	19.498132	19.746742	13.143133	18.839107	19.846975	11.158876	17.205627	19.116927	14.691299	18.474556	20.306552	10.600083	11.125415	10.168539	4.555369	15.481853	19.885097	9.716880	18.093180	19.623716	15.858384	17.307510	16.573561	8.242726	19.850607	17.667712	18.044386	19.745837	7.913702	11.602130	18.886560	15.053458	13.907709	19.903370	19.800930	12.484034	19.520213	12.575717	19.912973	20.070724	19.367774	19.753877
19.199371	18.338229	20.072736	17.821826	8.934144	14.078906	20.192626	14.897406	9.344460	0.000000	14.195180	20.250631	19.783170	17.785645	19.161895	14.494914	11.449103	11.485570	8.859835	10.564180	14.904489	18.456267	11.411004	12.025976	12.856820	18.705099	15.158596	14.424374	12.491778	17.446058	20.141632	13.989486	20.269494	17.163424	14.357897	19.153684	17.338767	13.307352	19.004939	18.754192	13.377875	15.665869	19.506166	11.546408	15.483111	16.652149	14.248386	19.597114	9.255824	17.499222	15.490539	16.677224	17.944295	20.177838	9.414462	19.481088	11.996406	20.052231	18.787490	18.360259	19.450660	13.819809
18.591590	20.213349	17.881444	19.815706	14.484549	18.411843	14.047839	16.698139	12.640755	18.704957	0.000000	18.289929	18.089084	17.642557	13.739966	13.612412	15.447816	20.290680	18.539046	18.244534	18.721330	19.852470	14.349324	19.013409	10.348310	19.955713	17.347744	9.980782	19.440688	10.010888	15.114593	18.851772	12.828540	20.062414	19.717989	19.685103	15.952116	17.518407	7.549834	17.281222	13.520862	19.793857	17.543325	16.392919	12.218726	17.979372	20.245973	20.141205	18.142126	20.203225	20.205002	17.033863	15.898525	20.020814	11.686500	14.765916	15.968489	17.940782	9.243622	9.452387	16.639930	18.290964
18.830850	15.139965	19.705105	18.643811	15.688919	19.814693	19.486391	18.537734	20.300601	10.570945	18.174586	0.000000	19.129392	20.266023	19.855492	9.936118	19.542448	18.552280	16.595822	7.545027	17.347115	18.092696	16.161134	19.196075	15.466220	15.102092	19.682406	15.757963	19.955293	11.399671	11.362594	14.072746	18.019547	19.761188	20.062899	19.059384	18.330618	16.222490	16.141537	13.140166	17.502107	18.325535	15.754136	17.953122	7.479293	16.223632	20.316835	17.482236	20.018678	18.677342	19.140335	9.622917	19.451633	19.392555	16.437304	13.260213	13.542657	17.295232	9.295149	20.207771	16.032883	13.833775
19.599517	16.042991	16.287473	10.764656	17.695381	20.213697	15.617034	20.073488	17.348184	18.072081	20.242760	19.853714	0.000000	11.805169	20.128122	19.097020	19.418621	17.234117	20.262991	13.144859	16.413744	4.893674	17.079536	19.227802	17.165064	20.069256	19.781386	14.640569	18.047389	16.814780	18.762864	8.448906	17.960750	19.393272	19.027823	18.995954	8.015508	16.482119	18.510050	16.412463	10.505025	19.287825	19.421253	18.259856	6.682031	18.158311	17.972636	18.891225	14.974570	12.979311	19.873467	18.760419	19.014605	19.890903	20.043766	15.660813	17.456920	5.713312	13.338909	11.221002	17.508804	19.749090
14.639654	19.627322	19.473278	18.385678	19.519014	19.832702	18.453497	17.546302	18.905402	7.878374	15.895943	17.425119	18.571179	0.000000	19.072018	4.598314	20.248325	14.279128	15.833800	19.607916	19.369223	20.080113	19.692206	18.309961	11.956985	18.384994	14.238262	17.521981	10.313384	19.908562	19.792769	13.959340	11.845811	16.456255	18.345087	17.042833	11.694704	19.344134	17.153045	19.204589	18.795766	19.268486	14.403635	18.303438	15.801919	15.374146	19.346238	16.729002	7.683221	15.421947	14.732900	5.463314	12.860070	18.189016	16.203396	18.572193	20.001421	18.825002	13.757609	19.876075	16.940243	19.613856
19.788734	15.798118	17.421636	20.137986	18.965054	19.994869	15.518812	19.739717	16.948621	14.983944	17.162274	10.405471	15.338247	8.805181	0.000000	20.144310	19.059878	19.087630	18.482651	16.320154	12.188795	7.228827	8.757017	17.011526	18.814432	19.152956	17.981051	18.546527	15.591865	19.392821	11.001250	19.578596	13.775810	17.245246	8.019308	15.531772	14.318512	17.228137	19.858774	17.735929	18.172169	10.857918	16.686579	18.373084	20.008738	15.703438	16.811715	14.697096	19.350832	18.910328	14.576650	13.219166	14.459088	12.736856	19.848744	18.648231	18.532366	12.969634	18.391558	20.316147	20.031728	16.282045
17.529532	11.471849	17.461865	16.233610	18.482580	17.089924	14.607269	13.378933	12.283407	20.267882	19.760220	18.562447	20.261464	18.614134	15.211853	0.000000	20.277380	19.526044	16.226153	19.780785	17.408930	14.292897	14.837735	17.665559	16.675698	19.901789	10.535363	16.403904	20.058592	19.558287	18.935477	17.435308	11.164434	15.034386	19.469956	19.631754	10.874172	13.585126	11.841505	20.211247	18.311045	16.096759	10.696213	20.052113	20.178398	14.202105	17.238170	15.374354	12.534964	15.859715	18.892228	17.981258	19.626736	15.617814	20.270280	20.219291	20.225035	18.467075	12.501524	9.926946	20.149209	15.826560
20.035358	14.927293	19.801566	17.732597	19.826623	20.161819	9.841650	19.608867	18.001412	14.227375	9.372197	16.717619	13.334800	15.192570	19.013741	12.855471	0.000000	13.702308	13.037735	13.850090	16.360339	16.554455	16.891925	8.085044	18.856316	7.248861	11.238727	12.564815	19.480032	18.319792	18.928500	19.923016	13.215404	17.892538	9.223738	19.935782	20.039467	17.907850	11.424313	15.479284	18.425910	17.100417	17.164648	19.215478	18.950403	19.840505	18.142811	20.077569	16.164499	6.951195	17.312892	19.102092	19.759310	12.402922	19.260928	14.374413	19.102681	17.613744	18.512123	18.382251	13.538643	6.462519
10.473876	18.771166	16.554306	17.702661	20.150823	18.645783	20.045843	13.785257	8.550862	19.036521	12.736383	8.204771	11.803419	13.996246	20.292751	16.168546	15.246503	0.000000	18.527099	9.118852	20.086119	13.129705	17.156406	19.574435	19.819632	19.725807	15.310072	13.184115	16.995926	11.533334	19.967873	17.998042	19.741820	19.820552	13.415132	13.161446	20.267266	19.346514	18.727357	17.100986	13.078750	18.456743	17.855177	20.312810	15.254118	20.311760	14.166284	15.883099	11.300618	16.835461	19.904548	16.956446	11.823122	19.889941	17.140090	12.165416	10.341283	17.371665	16.668598	20.156866	14.509192	20.180155
14.879963	19.444717	17.778694	15.590087	19.857491	15.979347	19.126845	9.140420	18.332961	20.314171	8.127358	16.307060	19.667686	18.929372	16.765511	6.055940	13.051325	9.257162	0.000000	12.344375	17.811281	9.426343	20.200876	17.933979	12.088220	18.708011	20.137912	19.372632	19.933581	13.865542	16.756936	18.825849	14.006933	19.847036	19.582516	18.898787	16.384462	19.525007	10.316793	20.097305	15.452694	17.487657	9.848699	20.185432	20.268286	18.060603	17.413698	18.831072	17.358193	15.837087	16.508080	19.807643	19.347016	11.936913	15.373189	20.227479	19.908517	18.668297	17.416666	13.495303	19.535696	18.619090
17.128040	19.164597	19.162577	14.543665	11.069705	10.350083	15.643194	20.076886	18.003690	15.546089	15.460188	5.097886	11.108135	19.699578	17.927733	11.256233	20.108751	14.706566	17.082497	0.000000	9.415843	10.047344	11.993678	13.377387	19.623360	18.961657	16.073232	18.757376	19.864568	9.791120	14.088783	18.838128	17.901796	20.155140	12.010939	18.331169	19.640240	16.485834	18.649732	10.630546	17.591162	14.582576	18.515812	17.106971	20.203915	20.319839	17.297857	18.390268	9.921033	16.431568	20.274907	9.567658	15.525605	8.781918	16.254294	10.751663	17.261545	20.037882	15.549687	18.026945	14.012349	12.119382
20.215926	19.433912	20.163229	18.322204	18.445448	19.840454	19.674442	11.254542	17.934737	19.207836	14.900240	17.836621	14.909970	20.314085	14.622349	18.824546	18.142996	11.145755	20.209607	20.204104	0.000000	19.148649	10.655117	13.970603	18.491446	13.115206	18.476502	14.318059	13.862805	17.972374	10.162874	13.383835	20.094104	16.762110	20.236818	19.444659	19.407001	19.210388	14.933921	18.136952	15.146472	15.676639	16.834145	15.422450	11.182520	12.018097	19.954936	16.542146	14.125777	11.175239	20.063230	19.821181	20.307867	18.484372	11.269633	8.896409	12.755682	15.353084	19.238696	11.686910	13.317169	18.845662
18.150498	8.910838	20.036786	15.678607	19.403428	19.657084	19.756052	10.920267	19.291611	19.643068	17.929978	16.613981	17.651159	8.436129	7.990357	16.338411	20.305848	15.328141	4.863465	12.596909	19.822399	0.000000	7.997788	15.452010	18.215672	7.660014	12.521394	20.112245	15.534279	17.032514	15.240094	9.647847	15.850853	14.390457	18.400398	11.051174	19.861519	20.110235	6.335057	18.830465	18.740109	8.395589	18.029872	15.174820	15.830411	19.436762	18.625388	15.352171	17.719684	19.360032	14.707764	14.538303	18.409598	16.012767	17.135480	15.995282	19.181593	17.123124	13.514802	13.345440	10.771057	16.594903
19.677410	18.487825	20.243371	15.925776	20.207273	16.653006	10.972246	14.722339	19.065160	13.769907	13.536984	17.654389	19.985547	17.434080	17.067489	11.032627	11.528919	18.523693	15.537146	18.931699	20.065579	19.722938	0.000000	19.661700	8.098338	19.131010	17.265367	18.779208	14.831056	12.895472	18.120486	19.202435	9.697800	19.845098	20.227856	13.650805	20.217104	19.594692	18.783855	16.641279	15.422139	15.828403	14.396458	19.280989	18.651552	16.401683	14.233494	16.846181	19.598624	17.987123	19.175135	17.579328	12.518885	19.040412	16.114334	20.231620	17.147533	17.856251	20.213599	18.651502	17.738129	15.502455
16.887432	16.157177	20.114055	18.979247	12.012400	11.864418	17.403085	15.329379	15.511922	19.688606	20.280965	14.814727	14.304394	9.108015	19.843715	17.243452	19.171780	19.273346	16.011367	14.960498	19.008521	11.581782	19.742786	0.000000	17.663200	20.309058	16.692085	20.025968	13.870187	17.152257	16.848922	16.314310	13.593092	19.756287	19.392396	19.179846	19.324589	17.877050	20.113016	17.152743	19.649891	16.737494	19.437762	15.516517	19.351706	17.077620	19.209328	16.949480	20.196431	13.712778	18.723523	19.280884	19.565914	11.724960	15.483878	11.124382	18.339711	16.294752	16.151784	20.141081	15.118340	10.968540
19.069862	18.175689	16.075930	13.438565	17.259293	19.392007	17.348873	12.660623	17.130166	19.260104	19.959209	17.953802	6.926620	19.918831	10.013374	19.482380	12.837349	16.331510	7.743921	17.877858	15.332881	15.985967	12.797875	14.447035	0.000000	20.096851	17.749217	13.289418	14.645388	10.445845	12.477640	19.311892	8.140085	14.497040	7.120227	17.041015	18.117922	18.140029	17.789322	19.939261	12.926067	11.088700	14.535056	19.866350	20.281590	12.717437	18.101545	16.541922	20.102734	19.978864	18.145334	18.747342	15.482025	16.672691	20.191519	19.318831	20.259410	20.263145	19.343814	18.511095	17.578988	14.307306
17.369998	12.730116	16.843005	18.458840	15.740407	18.730751	9.542117	12.056519	17.380879	15.462520	20.231880	14.510608	18.937244	15.828818	15.051016	19.567924	18.947205	16.957078	18.481613	16.040221	17.963700	19.860076	6.626644	19.631550	18.800840	0.000000	18.030854	17.267564	11.939171	17.047405	19.954697	17.365285	14.621922	15.482857	20.314234	17.448318	18.766306	19.417191	13.635152	19.942557	16.678094	11.964737	16.602127	17.374621	20.046174	18.012466	17.166404	19.380306	19.106948	20.290548	18.271477	15.227532	17.894054	20.318018	20.314577	16.045029	17.964759	18.926485	18.874077	12.388548	19.241107	20.191600
15.127985	15.432082	18.022864	16.580090	19.318855	13.862433	19.065449	17.292556	20.268434	16.310325	14.069082	19.882564	19.141075	18.210444	16.791284	9.339897	17.393365	19.429783	14.917681	19.307892	17.815691	10.358588	14.577703	8.945094	13.685351	17.192890	0.000000	5.652164	19.795866	19.424681	20.267268	15.237874	16.454037	19.347240	18.753868	12.043585	17.557590	18.134693	12.845318	8.982747	17.210911	8.770065	20.200947	8.864732	18.827435	16.883982	19.601551	18.827644	14.948436	17.650676	19.489656	18.480385	19.445175	18.667855	13.087902	19.106701	18.533868	20.065114	10.140114	12.964958	9.109397	7.743461
19.485060	16.057182	14.120209	19.176608	20.218415	16.005771	19.899270	9.866777	18.077104	19.761203	16.474443	11.945261	18.829977	14.538736	16.104175	6.817898	17.192781	11.450379	17.954321	16.988604	18.788759	11.117364	14.200004	7.314640	19.752668	19.124448	18.517992	0.000000	11.788176	14.921255	5.880919	18.787083	17.716514	14.021747	9.323105	19.979047	19.796555	20.156679	18.950181	15.278453	16.467824	13.463095	19.846347	17.669424	18.903205	13.994561	18.017400	17.120958	16.213291	6.780596	14.212702	15.713891	17.845509	16.442549	19.252167	19.271559	6.347358	19.312141	12.721828	17.447351	19.078063	20.206062
19.965661	17.595342	10.348144	15.653821	19.563516	16.400572	15.674708	12.074177	20.176183	13.918047	17.521286	19.180195	20.172835	16.505670	19.769485	19.293051	16.786461	18.712286	19.154879	14.285981	14.708800	19.710412	13.736460	19.576100	17.620200	8.734172	16.287792	10.456214	0.000000	20.254741	15.633757	5.659549	13.870209	20.212599	19.160753	10.481943	19.543301	10.973309	19.481057	19.362361	12.034082	18.003192	15.577058	10.748637	20.143918	16.775322	20.032604	5.039158	16.657615	19.660652	19.823649	20.295960	19.927904	20.106418	16.568419	18.968001	12.566338	10.091124	14.135746	19.565545	19.259779	17.717763
20.303356	6.277695	14.749032	9.155676	20.193633	10.191248	19.085155	12.062417	19.888816	11.522912	20.310490	17.652540	14.717410	18.602147	12.846135	18.800651	20.303454	15.422519	19.250744	10.501596	10.524740	18.580816	18.093716	13.348268	20.177522	18.737150	16.917193	14.607279	20.142427	0.000000	19.718469	19.046707	7.753692	16.974760	19.696910	20.287367	16.547077	15.453559	17.987734	13.244197	16.250742	19.758267	19.080800	18.789834	20.062880	19.900968	16.849992	19.783615	20.219865	17.984384	13.081807	14.000215	20.310348	13.866755	16.177886	16.806513	6.986288	16.999500	17.710246	12.079548	9.452839	18.641245
16.736596	17.645886	17.403076	12.680480	19.301590	19.156349	18.189114	17.714919	12.259122	10.788868	8.738337	19.267495	15.638747	11.765106	7.242346	17.395579	19.694536	18.549183	18.060164	18.897940	18.994342	19.969809	16.778243	18.640052	19.393292	19.733398	18.651579	15.245385	10.204594	17.737323	0.000000	12.414652	12.757203	13.232639	11.596587	19.739227	15.723986	19.433198	16.744390	15.184357	20.165762	15.608019	18.841203	9.116687	13.400775	18.574775	15.042102	15.125867	19.890523	18.641385	11.016231	18.072391	12.365017	17.631744	19.851445	19.396724	19.678423	12.380428	16.376173	10.628953	7.903437	19.913057
9.876141	19.926609	10.695817	18.911315	18.442974	14.012430	14.572651	18.728539	19.430167	15.221433	18.212452	19.089403	17.068201	16.794126	8.694572	20.150730	19.770617	7.972805	19.895301	20.294882	20.123302	19.716753	17.940355	20.265459	19.413877	20.133338	20.259241	20.111840	19.291668	17.157207	17.039793	0.000000	20.036324	8.979926	20.297481	19.217408	11.435621	11.127044	19.212971	19.791419	9.716466	11.980046	18.837739	19.773521	20.205792	19.149217	12.249574	15.658672	6.529136	9.157501	18.717040	17.618828	17.557912	18.268420	12.215114	19.051354	16.662653	17.650876	19.521157	20.295736	6.492281	10.750735
14.782671	17.803669	17.075139	16.000786	10.238139	14.170317	13.584381	18.056462	18.234169	17.393315	19.593542	20.202291	18.067321	19.203612	19.872340	18.107237	16.897126	19.995811	12.721208	13.944352	20.174773	13.721725	20.252928	13.364021	17.407156	11.363560	17.103275	9.080222	10.048574	14.813693	15.717477	9.503642	0.000000	18.107528	16.906960	18.458319	18.171673	18.669526	11.616870	17.297564	17.410102	19.493543	15.194526	16.024548	18.427865	18.357062	8.804491	14.514904	20.037653	17.998106	18.576448	20.084311	10.575256	12.748650	19.030160	18.134324	5.979239	17.798171	20.099105	19.832215	16.585468	18.811658
15.055609	18.550242	16.995036	18.781899	6.295270	11.873923	13.822310	19.614879	13.346028	14.326551	14.237818	14.060644	18.984996	18.311481	12.546261	16.397609	12.994910	9.709117	19.965526	13.600296	18.447722	14.436580	10.812140	19.553884	20.165770	18.964360	17.355527	12.674056	11.012109	14.474655	18.219500	20.005446	20.169371	0.000000	16.933334	9.643268	17.095902	13.642633	19.072005	17.682229	11.226354	18.580080	10.651256	20.261756	20.068819	14.845689	19.940096	14.669136	13.062448	10.572197	13.183145	16.465566	18.558803	17.118592	18.897614	15.202158	19.699770	12.949784	13.653645	16.930023	20.205979	8.269932
19.892705	17.410850	19.726718	15.744836	19.133842	19.006070	11.494603	17.847004	19.442323	19.381262	11.745569	17.986164	7.763899	15.000880	17.241718	19.713047	19.612850	18.157419	14.841581	17.560167	13.576621	17.913291	19.169176	14.628277	19.414224	17.656855	15.520751	9.680753	15.815625	14.516998	17.382573	18.357837	14.174244	18.414954	0.000000	14.486313	20.042100	19.260356	15.143104	18.864841	17.803596	12.872950	10.436710	11.924235	18.199554	15.628179	17.914570	10.161465	14.580780	8.972011	16.566817	15.424691	18.797292	16.830495	13.197187	9.824123	12.790733	15.613580	16.514195	19.103042	10.560524	16.649620
20.082181	18.239589	18.165213	7.068754	7.814633	13.453386	17.156788	13.430440	17.684716	19.477107	18.555640	18.725941	19.284970	17.329806	18.666450	13.341974	17.456858	11.820180	17.255939	20.312447	18.751396	20.116134	18.885168	20.222592	16.768280	18.452538	18.181269	20.051846	19.013722	19.440322	18.530439	19.708270	20.283946	19.898129	17.675963	0.000000	15.214868	17.223468	18.078526	19.851660	17.539062	19.957007	13.593832	19.099475	20.182386	20.191997	13.814546	19.707146	20.090084	8.230568	16.312431	17.602115	19.113973	20.119010	16.380332	19.087393	19.421610	15.577001	19.829765	14.768172	8.376118	20.304374
19.863234	18.769375	18.691512	20.021077	13.529745	14.796347	14.833155	16.262027	19.854894	20.302507	11.211010	14.903472	18.263781	20.271419	13.091396	17.637169	16.029060	17.308025	14.995244	12.511655	17.909328	15.287744	9.510897	10.668324	14.132423	19.906899	17.222302	18.979067	16.166988	19.334187	7.647124	20.315087	17.542911	17.493487	19.970809	13.287957	0.000000	16.619104	16.976078	13.406350	18.781711	16.953553	15.612196	19.728406	19.307811	18.103645	11.590590	20.158176	19.406862	19.943092	19.522363	11.821487	15.688518	20.184559	5.049348	13.562865	11.931213	13.026053	18.617629	14.705043	18.637208	16.276439
17.417696	19.285560	18.252439	20.290580	18.608650	20.101049	20.303140	14.790974	16.642097	19.248532	16.917287	18.498646	14.357327	17.844824	16.587734	19.058823	18.352979	18.454124	17.833687	19.162455	19.189946	12.781097	16.397076	16.227723	18.774804	13.791007	18.649878	19.276251	18.549497	15.744109	12.879072	19.982166	13.607861	17.768727	18.469357	18.706201	18.567329	0.000000	19.235192	11.628311	16.268459	14.916558	11.008317	18.367419	12.473722	14.918276	16.038766	13.211388	18.172264	14.456283	17.936501	19.282088	18.808000	15.159612	6.675414	12.890204	19.609483	17.204904	16.112344	19.344382	18.330934	11.552239
15.500088	17.561969	17.198223	17.359043	12.956950	19.940758	16.830444	17.384560	16.605437	9.417541	18.561430	10.953071	20.258299	15.642479	18.485731	18.874055	18.134702	15.176214	13.173928	18.416539	18.774892	20.110689	11.450777	13.421744	16.340316	19.725833	16.249278	12.803943	19.992404	7.791420	14.605209	18.592687	14.188824	20.319640	12.952563	18.020232	19.623874	10.475797	0.000000	20.286195	6.566034	17.045096	18.697078	11.503260	18.673802	14.473770	17.418291	14.723789	13.662800	19.993985	18.534730	20.090940	20.226857	18.072994	12.676179	16.787657	18.030092	15.845332	14.994964	8.563714	14.122243	20.094310
18.821292	20.306753	19.030145	20.198880	18.779224	20.279178	18.368092	16.312646	8.511786	18.355181	17.274979	6.478017	19.811778	13.282574	15.484153	19.442308	20.303397	15.475033	7.994984	14.734134	17.393022	15.489556	5.706278	16.688632	19.580706	13.877217	14.038343	14.374774	16.364094	19.597597	16.583413	20.075571	20.122563	7.406599	11.124952	14.367522	18.547021	13.297892	15.807655	0.000000	9.261604	19.957668	12.252920	18.171529	17.785127	20.280141	12.258275	19.368265	16.005797	6.547106	12.362976	15.178462	19.847645	19.316796	18.512652	20.148266	12.756443	19.283538	20.027709	15.839538	12.973046	20.207268
19.951755	15.159531	14.756510	10.007959	14.104066	13.553956	18.055553	14.692351	6.692318	19.146466	15.654658	15.384202	11.755846	11.480649	19.576525	17.138078	20.110512	17.564217	17.439038	19.064683	20.249487	18.037218	15.218471	16.012103	17.060117	18.884259	10.591060	18.529444	10.696161	17.028584	11.754522	20.297702	10.889394	10.309848	20.252268	11.730590	17.857414	15.390074	11.407950	17.178137	0.000000	18.190124	18.450381	17.646699	17.599585	19.306731	18.438733	12.628931	9.581696	20.196244	14.293354	17.947539	18.506046	14.808392	15.467199	19.328404	11.730846	18.657095	19.700778	14.088324	19.839761	19.682116
17.356710	10.858489	18.202389	16.863738	18.160730	19.439870	13.061913	20.286280	19.504907	6.770638	15.965023	15.805672	17.250662	16.486313	16.706254	16.323344	10.383606	18.475858	20.218194	12.654556	18.425411	12.334019	16.158585	12.156177	18.463017	16.684664	19.246937	10.568289	9.050251	16.828604	13.966552	19.667471	17.952702	19.102861	14.576079	18.580679	15.812688	19.758983	19.216516	18.363705	16.053837	0.000000	17.612299	19.384092	9.270708	20.177342	13.916077	15.068171	17.854180	15.517885	19.720435	19.367475	20.023068	19.073688	19.544363	7.500163	6.844501	15.233197	17.376458	7.347528	15.275376	16.919673
18.278570	15.889549	19.157790	13.158874	12.432878	13.326323	16.257634	11.231647	16.566214	9.864449	19.883174	12.790241	17.777029	17.430521	20.244438	19.155922	18.453715	15.812921	19.786748	19.146643	13.062624	15.508811	19.568385	9.688156	17.798434	13.478479	18.555718	11.604775	19.848872	20.102366	17.845453	18.258537	19.763675	8.672183	19.356630	15.818102	19.460675	18.548205	18.201002	13.976349	8.504319	17.066103	0.000000	19.495677	16.727859	17.579106	15.467993	19.870465	14.563099	9.115186	17.505170	19.364863	17.416255	19.830685	14.838930	20.249388	20.273358	17.443812	18.586659	17.885080	16.307677	15.150108
9.929060	15.076735	19.559336	18.372628	16.335807	17.169600	18.524015	10.706177	20.245861	13.961549	20.282893	19.269762	13.116199	20.138507	18.382222	17.838791	15.473382	19.986726	11.232568	19.667835	10.811903	18.769396	18.478850	18.878818	9.475030	15.568495	16.898509	16.750714	15.538029	20.179126	20.047899	16.449552	18.694739	11.452867	13.120439	10.587094	15.212737	15.086004	19.671564	10.787721	6.319587	17.220195	11.826137	0.000000	19.740600	18.334127	19.649886	7.552236	15.543518	18.431447	18.587628	18.437008	20.193206	19.350549	19.614467	15.928396	11.820110	20.185194	9.019275	17.505393	18.599161	19.567124
15.857539	19.629078	13.079068	19.131056	18.220600	12.357867	18.849402	6.215029	15.687719	19.015882	14.770114	20.155071	18.178312	19.486983	12.266042	16.032043	19.583376	12.803537	19.741236	7.587846	13.132370	18.530738	14.447566	14.758199	18.958117	20.062086	9.007969	15.713547	19.368939	15.316874	19.774291	11.542996	20.114840	11.686971	19.333537	17.783491	19.405825	13.478658	14.238556	10.142864	20.063923	20.295732	17.612409	19.676849	0.000000	13.803772	15.534774	17.434235	19.321325	10.077461	19.400900	12.722001	19.494602	19.849055	17.798194	17.402015	18.986212	9.147735	9.163520	19.980824	17.109323	17.901335
11.548610	14.829193	11.247144	9.150593	18.012926	17.192343	20.105912	19.665487	17.242049	10.720120	17.291191	15.796659	15.599233	12.708624	14.810154	13.374919	14.247237	19.970012	9.655667	19.563433	16.859192	20.076121	12.671149	13.396534	18.987875	16.756090	8.589421	19.305350	9.650241	20.142522	20.158586	10.469490	13.866560	18.450162	12.521132	9.782645	14.715878	19.817039	9.149969	7.791482	14.465949	18.317045	19.274932	13.053117	19.037961	0.000000	15.277605	16.066717	15.469271	16.770057	20.226536	19.156393	19.280672	15.647698	18.738193	11.271198	20.265585	19.808902	17.890751	6.586291	19.925514	7.177005
19.993368	12.967602	18.400474	14.104895	5.926882	19.361932	18.986070	18.376173	17.403602	12.843010	19.440302	19.733057	18.767017	11.537970	19.435153	18.632849	14.710493	10.009916	19.825685	15.228038	17.826637	15.613751	19.965107	18.133809	8.695129	15.219844	15.940564	8.788300	13.617701	15.678230	19.166373	14.732160	19.925395	19.509316	15.415383	18.596728	16.940021	17.922840	16.802940	15.468875	18.604491	18.148022	14.987631	17.620468	17.918743	20.252861	0.000000	11.462675	16.635274	19.431843	10.208299	13.023283	13.357407	16.541922	11.747574	17.023173	11.889791	15.293672	9.220479	15.075705	18.295090	5.333576
15.233642	18.597699	13.520902	13.268050	17.927193	10.492771	20.042001	19.737127	18.550534	12.961106	10.747194	15.474216	15.178796	15.132840	18.276643	12.810034	13.840673	14.931210	10.347511	20.290943	15.081688	15.690508	6.709118	14.010331	19.430288	12.345280	17.879617	14.087938	19.228100	12.338580	16.123789	19.045697	18.091254	20.017373	11.357352	13.292485	12.044912	13.828554	13.344332	19.731950	18.719673	17.931563	12.310767	17.092296	19.166801	7.865643	19.678763	0.000000	18.219123	13.507107	19.688001	12.542421	10.533485	18.537283	8.279362	15.787628	19.666108	17.918578	17.255918	8.938121	16.146561	14.021301
20.213692	16.981231	15.493460	17.515995	8.979819	18.812849	17.258140	20.178726	14.147504	12.619967	12.131784	19.486709	16.606495	19.374298	19.739436	20.222795	16.496574	18.990465	12.586744	14.075530	17.851254	17.588018	15.628630	19.347956	13.386909	17.523310	19.302948	15.809760	13.260077	19.702773	15.842955	11.245914	13.247174	20.279805	16.726437	18.563474	13.630735	19.956920	7.057789	11.758717	17.936123	12.136115	17.323786	14.989149	19.234343	17.369227	19.556627	18.876991	0.000000	20.123172	18.267075	17.847843	18.681654	9.293707	14.399880	16.943724	16.477179	14.528937	13.819872	12.111012	18.889304	15.007361
14.182546	16.133815	18.735537	19.805959	19.702954	18.806450	17.798317	20.287877	17.370126	19.384846	19.901768	14.249902	14.606078	16.074116	19.079028	11.616479	9.798426	19.403476	19.591409	13.609820	16.964481	19.102418	16.299413	13.089257	6.020525	19.560403	19.638143	20.185884	15.475370	19.492323	12.394406	15.339617	12.924017	19.702535	18.574446	17.126115	10.683690	19.514737	12.684745	16.375419	12.683649	19.082771	17.730252	13.715137	14.093514	20.102699	17.867419	16.034532	20.222008	0.000000	18.649891	19.038430	20.228373	17.180094	11.072257	8.837453	5.891374	13.379453	20.281681	19.577045	15.499342	17.760025
10.121904	16.398357	16.222996	14.258408	18.755389	12.742276	18.539449	17.233997	13.524606	18.236076	13.469959	16.721513	16.501141	16.593332	16.261474	13.923736	18.806133	16.037407	17.640399	18.589608	16.892741	19.910048	17.732022	20.216019	18.992156	20.217839	20.000171	15.193851	16.597826	19.248339	8.455560	18.695204	5.556588	19.115638	11.483039	17.425971	19.539139	11.619847	13.337091	19.415193	11.100651	19.994644	19.595964	16.607738	18.840096	19.849845	16.049659	20.020585	17.320287	19.223351	0.000000	6.694139	13.848993	19.717927	19.413868	19.166511	17.804707	13.674761	16.498992	19.218817	15.276875	14.952440
19.661845	17.664112	19.827834	12.788454	14.052881	16.416798	20.183371	19.864903	18.368263	10.104010	18.210195	17.586514	19.758232	19.181689	17.104358	18.016688	13.330770	16.591718	17.987350	18.848563	16.569389	14.120349	20.189044	18.804423	16.677673	10.134609	14.291646	15.451278	18.945341	15.823945	14.517103	20.274186	14.344301	10.025313	18.591785	13.616645	20.186408	20.111868	17.416817	19.182095	11.345147	20.275091	15.834483	11.824126	12.124652	15.055677	19.907896	12.048021	18.311443	9.614126	13.488093	0.000000	14.210084	19.756014	13.855673	17.930463	10.868550	19.523325	13.204177	9.064147	19.581103	15.394095
15.686013	12.313116	8.088443	17.882601	10.452197	13.823511	12.002859	15.942588	14.871402	17.025648	17.190316	16.428605	19.026032	11.950883	12.748852	11.668462	18.630204	18.201021	19.837563	19.865663	19.506128	11.309373	12.443821	20.063571	18.341085	18.505425	18.665810	15.809129	9.057081	19.654336	11.885897	11.762649	20.013911	6.538790	19.092544	12.396025	19.665124	11.431662	19.984328	15.950591	12.163472	11.922193	14.976892	11.812004	20.253580	19.459957	19.821063	12.506078	18.584908	16.763501	19.711991	18.120514	0.000000	17.922868	12.611221	15.272825	13.738352	14.202662	18.808745	19.065846	19.638180	19.636082
19.799893	18.204736	15.806691	18.020041	11.908335	13.969058	19.525957	18.346933	20.058505	16.826251	18.863113	19.768783	17.213749	5.851043	17.955650	16.622758	12.799445	9.983627	17.142039	17.931444	18.654063	19.294351	18.412514	7.602728	18.319472	19.744345	9.344987	15.863183	18.058555	19.708508	18.895352	10.266180	15.900834	13.491077	18.027155	12.199570	18.221808	19.559781	19.494023	19.701412	20.225278	18.699925	9.783210	12.887806	8.931561	11.925895	15.365951	11.349632	17.576770	16.813555	18.097313	8.873709	17.308259	0.000000	17.886433	20.052069	18.587941	14.926189	17.377278	19.365400	19.961728	20.278917
8.917476	15.393474	19.493139	14.795664	17.712618	13.537345	19.353105	7.654565	11.153788	20.264619	10.273996	17.401588	7.593481	19.137563	20.027679	9.990193	20.263985	15.727383	7.088204	20.297323	12.957889	17.866541	11.094267	17.947388	11.200334	16.233500	19.206514	16.644068	9.688671	19.582199	19.501511	12.509089	20.074837	14.432876	20.096963	14.177424	17.687153	18.964654	15.115844	19.568774	18.693022	14.302355	19.352233	8.302528	18.197510	20.087759	17.399011	12.458157	11.047963	20.212224	17.821604	17.509707	12.104806	11.202534	0.000000	18.047769	19.313596	17.449914	18.989362	18.563247	18.212904	17.776544
17.362373	19.955907	11.845358	13.156615	15.948448	19.941440	10.761092	11.033371	15.766820	14.602037	7.987408	15.210792	19.172981	14.209519	9.159703	17.048906	11.512849	16.360960	18.034182	18.747889	18.137539	20.116468	12.064816	18.538976	18.727397	17.184553	13.901682	18.754792	9.915475	18.306676	16.359202	18.495748	12.391072	16.362807	7.625891	19.411781	8.828117	17.257500	18.416677	18.924953	16.225955	13.786820	17.032920	17.063828	20.147349	15.844243	20.196570	18.699180	18.545173	20.162146	18.941133	17.350820	18.845466	17.833602	17.867932	0.000000	13.254326	11.384898	19.174889	19.153608	16.184971	9.207960
16.642332	16.900685	18.042253	15.604466	20.111204	18.806665	13.673967	19.397496	15.033588	17.426423	17.994686	15.733850	18.519696	5.360422	13.848857	13.749261	15.683339	19.455305	19.287045	11.499008	19.004342	19.272902	19.968604	17.548096	19.636598	18.749016	16.681592	17.831688	12.611051	13.441263	20.232757	17.982862	18.425384	11.220984	12.756010	12.422783	17.367961	18.823148	20.067533	14.197018	19.744060	19.489366	20.168638	19.028474	19.373245	7.388444	9.239639	19.703965	15.621595	20.184453	19.892405	16.976490	16.815846	19.574104	17.792677	15.414277	0.000000	9.036315	6.879890	14.294912	17.774081	5.844824
15.492048	17.870363	19.960373	8.845138	15.296445	15.467600	19.253952	17.331893	18.004426	14.771368	14.495298	19.766291	19.373930	13.034841	11.146894	14.121793	17.656890	18.997857	18.561044	20.085704	20.229034	20.295535	20.253692	17.400806	20.070137	15.581059	19.128038	18.386110	18.225508	11.889630	17.621016	13.252305	18.360157	16.995191	18.910842	17.581550	13.982618	18.141215	16.486374	15.045465	19.527007	10.896219	16.339882	11.775198	13.018128	12.822405	18.477258	17.998589	17.038749	16.857142	13.263502	19.374226	16.185766	19.145531	14.216507	13.291339	12.949141	0.000000	9.938214	9.661510	19.638636	18.661505
17.802769	7.862197	14.585438	12.446298	14.942285	7.392428	7.189656	16.215651	20.207862	19.980556	18.421702	16.204580	18.083544	19.956075	19.333727	19.690532	17.987805	16.494530	18.098701	19.110557	20.247718	19.598563	17.464366	20.008143	17.219034	19.223398	20.161428	20.198155	16.886137	16.758220	16.807040	16.935969	19.846480	16.966382	19.676003	19.684168	19.291461	18.274597	6.771847	18.491632	17.315074	18.225499	18.567272	19.430228	18.150395	9.693623	20.047234	17.869300	14.257545	17.183330	19.591701	16.527814	11.576315	16.970890	19.112949	15.777956	18.674930	14.923608	0.000000	19.125567	12.677218	19.638305
20.229085	16.809506	18.766758	16.595649	12.272428	19.490172	19.288341	18.189386	11.538926	15.780164	20.203002	10.158076	19.741568	14.129193	9.382312	16.398851	15.317255	17.885950	18.317162	18.478789	10.166472	17.711793	17.799741	19.575853	18.226113	18.126266	9.090300	17.669918	15.426251	16.302309	20.243865	11.761560	19.249692	16.080575	11.855436	14.154554	14.722917	17.812626	20.262539	17.674326	8.113427	8.283824	11.194883	20.176797	14.312542	18.925796	15.528493	17.395079	18.333165	9.022373	14.021901	13.349313	18.792763	18.494153	19.090929	13.501857	19.821657	13.909593	8.858050	0.000000	11.655364	19.424524
19.378415	17.685417	12.868514	15.504970	10.644226	10.576995	17.424043	19.903337	11.372715	13.613744	16.424843	20.276691	11.789529	20.098389	8.418031	11.822177	19.166890	17.909609	19.706151	19.664431	17.751885	19.769792	19.109246	12.285130	13.856417	16.777738	6.554245	19.736606	19.680813	12.850465	11.077538	17.754437	19.674386	20.222857	18.100637	11.637215	17.590661	15.983475	11.207555	19.715298	16.692194	11.407681	17.669729	19.571670	19.229031	18.897259	18.611765	14.411571	18.556474	7.552259	17.520985	17.616952	20.071464	18.772022	13.822401	20.118877	15.352164	20.263215	16.522437	20.111960	0.000000	12.939895
19.648251	10.822990	19.940408	16.053939	19.020045	19.772906	18.354028	19.193717	12.822013	19.102426	12.733588	20.282851	17.616002	19.275248	15.437922	18.068504	4.665804	19.361880	13.711752	10.583371	20.038787	20.252552	15.459206	16.352453	12.038934	8.963141	18.276998	17.822234	9.704414	17.282371	19.998774	14.079935	17.678305	13.955914	9.890312	6.119530	14.110393	16.548003	9.514675	18.315731	18.406347	19.931711	15.862299	13.506887	17.395297	7.251639	5.115705	17.724917	18.776839	19.069143	19.682236	13.138169	18.675652	17.728613	8.534483	18.089050	7.023573	16.028955	13.151983	18.665294	7.687313	0.000000
