21.884847	25.599394	10.828017	21.795936	19.803166	25.157579	14.166324	29.212913	14.746772	21.812476	21.463748	23.287826	28.711175	25.570474	26.560660	21.211611	20.459081	20.476033	12.964578	28.819917	24.906541	29.525388	25.948905	16.871614	10.876783	23.344179	28.525929	25.683202	28.202417	25.220319	27.621161	29.563005	20.853210	28.584660	28.356902	29.137497	26.198684	17.286007	18.386162	25.801767	22.730443	27.786538	13.154674	16.973940	28.605729	15.086491	23.654286	16.164853	25.327150	25.465212	7.000735	13.675315	29.395272	27.859876	23.061887	29.158326	25.492925	16.380252	27.000348	23.712023	27.195668	24.178275	22.240879	25.402953	27.326232	22.059580	28.532640	12.939356	21.600106	26.516955	22.499334	17.211003	25.099335	16.244121	25.007967	25.649999	20.163545	19.426380	29.087875	23.172913	29.141244	26.060903
21.211828	24.070166	29.466891	27.209780	17.461835	25.425915	23.786352	25.233210	23.306167	29.425323	27.702894	29.553979	12.144370	29.610624	25.020407	28.889836	28.232206	29.573376	21.402923	29.557520	29.569932	29.718131	29.507620	12.573774	13.953853	29.541003	26.670389	26.130979	23.519316	29.759958	26.259397	23.367238	25.254202	24.828367	28.920832	20.939376	21.836793	29.500671	25.131784	22.265831	26.772790	26.605538	29.409628	27.300076	22.140738	22.082102	23.853766	11.201386	25.758936	25.234945	18.881061	17.439732	29.716530	27.000602	21.131222	26.818530	21.886952	28.283730	22.713920	25.629508	19.762697	22.414616	15.533975	29.181034	29.182100	24.679356	29.457461	27.901258	28.264439	29.095119	19.604873	27.421599	28.423629	22.699706	28.992300	26.722649	16.395969	16.664562	25.036248	26.409990	23.217350	25.290820
24.675973	13.336004	18.726846	25.834754	23.601438	20.856373	28.971543	26.190321	20.634400	24.647995	28.795601	27.294415	26.349277	25.089446	15.186312	28.966838	23.671243	29.757237	23.477809	27.860045	26.078162	24.093800	24.793011	16.931997	29.435070	27.125251	18.732695	25.905834	18.929122	29.434630	29.317754	29.641286	29.377046	24.824402	25.323022	29.709750	21.092550	22.079393	19.223775	17.477317	14.173195	29.722392	6.746888	28.126738	26.445156	29.211448	21.791444	27.717456	24.257138	22.663518	21.942639	20.539927	27.551643	17.213575	9.134590	29.129336	26.689926	27.039767	20.591684	29.309046	28.417682	29.152609	28.867051	26.380609	24.635490	25.002480	15.140043	27.804070	21.365653	26.019361	28.843853	29.383649	24.957997	23.052307	27.367478	28.584816	24.261648	21.009234	28.862676	25.409827	23.688667	16.454744
26.274399	8.386474	8.659556	29.095132	26.345656	22.826210	27.563481	26.813850	16.287238	24.983181	20.708491	17.902599	24.260978	28.944195	29.482562	22.298107	14.657509	22.942440	25.527031	23.485867	23.139178	17.429776	22.779532	24.614536	25.892779	28.341760	26.119695	16.684666	25.813480	26.342878	24.790158	12.578765	25.647091	25.252097	18.427856	28.780496	23.081324	16.064810	25.613442	29.741797	12.329327	28.748475	22.172782	17.305046	20.373894	29.185022	15.987623	28.219237	28.491807	18.368172	24.163257	19.889881	28.911719	28.839806	29.136665	27.619855	14.080815	29.048360	28.620221	29.249444	10.820952	22.284363	18.113730	28.359213	28.594711	23.420286	25.575181	19.763421	27.749558	22.774206	23.902887	29.754913	21.607595	13.614842	11.473187	27.649624	27.243522	22.328989	25.028852	29.776804	28.131542	26.556900
26.311530	23.297242	25.787380	29.012450	14.753643	28.326371	18.305492	28.869478	25.906958	22.255199	27.220341	28.335301	26.047721	28.856575	28.955208	27.856800	14.900994	24.277205	29.170202	23.909827	29.005689	19.125984	27.795329	19.121610	29.422721	29.065330	23.588957	28.776111	21.540743	21.857320	29.685751	13.836067	23.405180	27.874652	26.333906	25.041704	16.690025	26.016271	16.897333	25.663614	24.075585	14.175150	28.645412	21.713137	10.647497	24.815144	22.560549	19.561889	12.438751	28.519782	25.152313	27.152706	24.494939	29.337104	27.708331	23.762073	11.654325	28.939732	28.431251	19.707501	17.439999	27.129180	17.791000	19.388540	15.278251	24.968164	28.897192	28.293500	21.281096	27.372182	24.023082	27.485308	26.663878	28.807206	27.912440	26.616674	15.093942	19.394850	20.805741	12.601786	29.287390	9.360780
9.022159	29.700298	27.872406	27.905032	29.159682	26.494981	16.096839	28.513119	13.906042	19.250103	26.178337	25.908730	29.726130	15.689962	25.257142	28.787449	25.062495	19.553170	23.446197	29.756982	27.130289	22.167264	25.962584	24.511484	25.864868	21.959578	25.069955	24.941235	21.619969	21.545054	25.831551	24.452136	25.821453	16.851995	26.925783	22.431429	26.511127	28.749733	19.981954	29.664670	27.348516	23.138947	29.021258	27.091648	28.236755	24.280783	16.780260	28.435083	28.612750	28.395720	27.948402	16.505294	26.791595	27.946019	26.564109	25.285726	25.568877	25.913087	25.129153	27.028843	26.818696	20.596500	27.483185	14.616512	20.771709	18.697195	17.236860	25.680992	21.785712	11.704765	12.179507	28.250335	29.353724	18.553093	21.403438	16.471133	28.307749	17.913168	27.625499	11.890555	28.979720	22.676871
24.613580	29.311257	26.869664	20.262428	28.708034	28.623096	24.583912	24.061858	29.685079	28.974024	28.729980	27.740485	28.558481	29.617840	13.357556	27.585551	28.167038	20.107185	19.231548	25.418734	22.473010	25.341535	28.679112	21.796225	29.258569	22.167902	24.878479	28.012528	23.201331	18.256554	24.488903	20.360734	19.379586	27.789393	25.951238	28.504122	27.007024	11.879509	27.618416	24.826521	22.682077	26.278724	26.700078	23.594621	28.520117	25.010222	29.294146	29.161398	19.824600	17.117753	29.202282	21.667800	22.670953	29.153396	25.118049	28.227856	29.629468	27.764446	22.380964	19.131561	13.618641	23.224382	24.322487	28.329838	28.296232	28.871366	18.201974	27.688393	25.772048	24.637407	22.840981	29.719350	27.972339	23.433930	15.798055	26.121703	20.988846	26.614337	18.969328	29.725312	28.671343	24.451987
28.975022	26.714790	28.413253	22.442285	23.924396	26.320471	29.769688	26.945842	29.617411	29.728510	24.698845	28.718756	22.902483	26.400161	26.951527	22.649068	17.237774	27.930877	24.912783	25.632873	28.332818	26.307749	19.384009	22.902616	27.436072	28.872734	22.558584	24.218523	28.328697	10.645393	28.317022	24.216501	13.348282	20.294920	22.340571	25.506720	29.493015	20.142614	22.914114	28.973734	14.288579	19.954384	25.877327	28.881427	27.792468	29.569334	28.204569	29.743971	15.259772	28.338384	27.603638	25.979151	29.291376	28.247443	26.676840	14.984910	19.706221	27.592264	27.908909	25.299754	28.131029	28.301567	28.194637	29.261231	28.225778	23.951745	24.107887	13.601264	17.528526	25.655265	29.346564	25.688048	29.170810	23.067111	24.202782	24.837836	29.550854	27.607955	29.676333	17.423201	9.172370	23.974287
13.127001	20.434512	24.472972	29.172438	29.775810	16.964839	29.478743	28.538113	28.461007	28.570991	27.920692	22.693248	24.773671	24.942984	22.106412	23.993771	29.724561	28.683532	29.423847	20.082629	22.758100	19.326925	19.644513	29.458976	28.742778	22.902093	7.361160	18.940640	24.402282	28.009656	28.000782	27.902210	27.250636	15.338490	25.986383	27.304275	20.621943	24.584165	23.058813	27.477728	28.731007	27.404599	14.882925	10.394606	12.989851	29.007297	20.355213	29.440838	27.643435	12.890009	14.548918	12.191312	24.589647	26.460095	29.469881	28.360859	24.400267	27.432442	26.642381	23.138818	26.431020	24.453666	20.975085	15.275487	14.589151	27.008667	13.584197	24.414221	29.543767	24.196818	27.718607	25.225203	26.338080	25.491919	26.964527	15.616894	20.884848	25.496334	18.914886	25.111408	10.403090	22.147467
27.789708	24.829060	29.749827	23.900889	26.724553	28.264131	22.299607	15.371187	20.911934	29.466833	27.032688	25.945358	15.210183	28.500254	24.606002	20.758390	21.056009	25.326449	15.077577	11.674097	29.739019	29.368816	25.284076	21.131479	29.134787	26.335568	27.165790	26.092880	20.309661	28.810826	13.632302	29.724869	17.392202	29.041687	18.257781	19.013199	27.162723	22.943059	25.383896	28.307497	27.529405	26.917851	26.963167	29.719738	29.044906	29.288197	25.941581	26.595939	15.794012	29.329475	25.889921	29.728424	20.176892	17.762695	27.985259	27.274438	27.310022	24.963040	28.803929	27.170247	23.642559	11.435598	18.883285	27.491025	18.391778	25.726155	29.268636	29.329994	28.945090	14.494459	29.478414	24.091597	24.379847	25.526371	24.994728	26.097801	19.440857	18.152917	21.489399	17.849504	25.004441	24.211900
21.446197	12.923414	29.449236	13.250607	22.439265	27.790033	25.747438	9.862792	29.060146	29.096408	16.279269	17.370723	22.664396	26.232335	21.644280	29.442688	13.479363	19.103083	29.451829	23.489241	16.115385	28.464745	24.051145	24.165219	29.777841	29.745728	24.054478	21.669046	21.648972	23.980476	23.653661	8.724308	29.467958	15.658846	27.895362	23.336699	24.817402	26.282582	27.544093	24.901754	16.455393	28.815532	13.834900	22.904295	25.405786	29.506513	22.875944	18.127404	24.068887	20.792921	20.085903	22.323381	25.067554	28.585784	22.519177	25.052890	25.976209	28.934770	19.662342	23.107261	29.589140	28.767409	27.521698	24.147475	10.883247	25.678680	28.045492	25.181020	23.659284	28.878478	24.015803	22.900450	14.132614	28.992942	21.030132	27.423489	25.656219	23.387972	26.013882	27.886341	20.685367	11.918919
28.979588	19.787975	16.202412	18.158553	28.485858	28.490180	18.305694	28.992668	26.303219	26.291671	23.705241	25.391239	29.111132	27.432042	24.311163	29.454435	27.638441	25.754253	19.540100	28.757410	21.795042	17.377676	27.445029	25.061957	16.679787	27.439635	24.766596	9.112188	29.383989	29.542259	24.088726	29.049811	19.395408	23.524510	19.830429	28.602248	14.437495	17.353663	24.207084	29.092054	28.158648	28.919543	25.152198	12.018285	19.679549	21.878917	29.662837	28.950509	27.350901	17.494007	29.173679	14.802952	25.559567	21.034978	25.506457	15.179242	28.414575	19.834657	29.352417	13.106050	28.219279	29.075225	29.326120	28.563197	28.213268	19.726067	9.455876	23.183629	19.770473	28.870895	29.779046	24.328870	29.172148	13.792389	26.896578	21.971358	26.805316	11.221346	26.912793	25.712866	10.946824	28.446046
21.331146	23.632956	26.323601	23.434313	25.501038	17.853911	9.608145	29.767475	15.922166	20.964411	18.172716	15.224381	23.628991	29.544580	28.511803	28.804044	22.652408	27.034233	24.549420	28.712938	14.864581	28.580236	24.192514	15.431636	28.323695	27.461874	23.936932	24.827803	29.183664	28.264449	25.144808	29.663714	28.379302	29.739927	19.114690	29.504411	20.602704	16.618586	29.585103	24.281509	22.452642	27.826447	24.754483	26.580444	26.606176	21.055209	27.192030	28.002624	29.358286	17.974880	29.334967	15.399415	28.590261	29.636215	12.177153	29.589789	29.739533	19.513379	28.567608	26.122915	21.253656	19.781421	25.426647	28.910320	20.264213	29.591662	11.505709	24.005122	29.772884	24.373504	17.871576	17.765105	26.089348	17.828849	29.213566	28.099046	28.493954	16.073076	29.125877	24.565532	25.444486	25.206964
14.108749	25.213275	24.437584	25.705808	21.447578	29.445812	27.812064	29.652266	27.722611	24.254867	21.137457	22.342641	26.161982	17.467411	22.644371	20.075307	29.402501	27.728916	13.671646	21.779025	27.978761	29.517747	28.688971	28.878942	21.065266	27.074342	23.816460	25.784319	28.704290	25.872525	26.001059	23.002795	17.127056	29.572408	29.508326	23.478122	18.840202	28.504858	29.115527	25.365004	23.654999	25.966196	17.309394	25.364825	28.641038	19.852420	27.649927	26.687347	23.354879	27.985044	28.500301	22.725907	29.747871	15.015323	18.529420	19.482923	24.083431	28.755402	26.052752	21.268524	28.203238	22.717871	25.170540	20.570669	27.317699	28.726045	17.566198	20.447342	15.359719	27.577500	21.110336	26.038115	26.573864	19.187888	27.235155	18.716662	28.360712	27.220655	26.467105	12.788133	23.661585	28.111568
27.202437	17.803027	16.029485	28.667137	24.992548	26.780872	19.146829	27.148801	27.149722	28.017267	26.129401	15.731310	11.378646	24.663131	29.447067	23.993450	25.577092	26.617125	16.451769	12.084553	25.645732	15.178711	14.889521	17.835976	29.344431	17.937235	16.640473	29.140686	25.634994	26.545607	21.471469	21.501908	25.657725	23.390238	19.916986	20.341471	22.428370	13.390344	14.059308	25.507920	29.558936	17.740303	11.071294	27.266323	20.515199	29.766245	18.677049	13.085458	26.450452	11.041500	22.282362	22.433923	23.669052	25.568058	19.048684	23.860921	21.110398	10.435697	23.626287	28.848211	15.459102	28.460587	26.575157	22.015258	16.547195	27.204272	28.945349	19.584156	17.158984	13.685284	18.349049	25.662602	17.267956	24.984311	29.567225	20.847018	27.301822	14.250633	22.731675	12.500573	16.940793	19.045714
28.711011	29.274016	13.640149	29.538140	24.794154	28.980406	20.197961	27.381059	17.386028	24.960956	23.597596	27.206911	20.233886	16.752139	26.091508	16.866827	26.664686	29.585643	19.676045	29.474920	28.364001	28.269692	18.584705	14.804717	26.528115	25.246186	22.780995	19.253298	26.856742	24.192566	28.960124	29.354590	19.270801	29.764019	15.341981	26.180563	23.418170	29.061798	20.245501	29.332982	25.262894	17.073803	18.767702	19.078898	27.051449	29.473962	25.859984	26.172052	27.097216	25.477148	15.868600	27.122122	29.328781	29.650104	10.676209	29.587074	16.523349	11.790452	12.541442	28.978861	24.921462	20.815250	23.892411	25.196208	29.583564	17.394912	21.869847	28.628188	25.044860	29.450337	23.223430	23.030749	27.672877	12.039289	22.042893	28.945264	29.381391	22.943000	29.156234	18.605192	29.102382	24.125316
16.447187	8.507128	20.540989	25.800543	28.311143	27.169226	20.423661	27.997663	28.883157	24.224501	19.391625	28.558983	28.317587	25.824508	23.364658	21.908539	28.112047	26.978306	29.114632	19.506208	27.295728	27.078351	23.316798	16.413775	27.373004	29.231836	25.941051	29.628736	28.642279	12.613048	7.304797	27.667881	21.063868	28.851317	18.887401	25.098331	29.653964	24.621215	22.918514	18.738613	22.701563	20.079324	27.341036	22.297107	27.959231	25.496623	21.119197	18.331794	13.122272	14.661468	27.501263	27.255241	16.104458	14.812223	21.668787	29.685443	13.017103	26.903190	19.142261	22.890274	20.098318	26.937775	14.747385	29.585944	26.251329	27.386973	29.116861	29.731552	28.024170	28.963683	24.064165	27.433418	23.019089	20.484667	12.640448	28.392377	26.994958	29.565582	28.018022	24.208892	27.793272	23.070377
17.868438	8.900686	28.890894	27.428028	26.660539	19.651953	14.294083	17.425376	20.165912	18.806985	25.798703	17.578137	18.728873	20.913538	28.595410	29.514899	14.319795	28.913331	10.914676	23.029932	28.390072	25.520152	29.287562	15.500410	24.722567	29.193583	28.013316	28.992066	29.416994	17.596440	29.358304	19.249163	12.482914	21.391641	26.455171	18.107014	22.041323	25.734023	23.666431	26.974736	28.972270	9.080845	27.324026	29.756869	28.532068	28.526088	28.578962	25.161266	27.776291	29.493890	21.595297	11.171577	26.994524	27.745312	22.120110	21.912231	21.461945	22.749385	21.153663	27.080582	24.042767	15.847765	17.529924	28.708796	29.339730	26.394886	18.506044	25.923243	23.023614	29.299129	23.251852	27.329366	27.343098	29.567879	27.837827	23.661841	28.917814	8.370338	27.223448	28.519554	29.155076	20.613974
13.486459	22.964611	19.709741	27.582064	28.840200	23.881880	26.173500	24.592643	26.127893	29.358613	26.209159	29.779341	27.385352	25.241199	28.558471	26.399657	27.902550	29.154785	29.050191	28.472225	29.100723	26.748866	21.886773	29.321614	22.517272	26.855264	27.581596	18.921858	24.498933	27.344489	19.226599	22.887751	29.023229	20.478501	24.931760	18.787037	29.606076	21.893762	23.455495	29.313250	28.060275	29.402303	29.416594	29.443968	27.934492	20.650752	16.679970	22.223173	21.052230	29.597571	17.258492	28.091203	24.078857	25.102505	23.544864	29.055538	17.967338	23.668382	29.582931	21.996453	26.344081	22.093838	11.060663	21.844967	26.539921	26.424458	27.439682	28.831345	28.642256	29.561147	29.765744	15.711359	26.267965	27.872296	16.889161	27.026843	24.934944	20.890058	17.148234	25.593969	26.881007	19.257614
26.511117	23.887964	28.580856	23.698810	24.673073	16.631277	20.012184	28.248681	28.412109	15.573843	22.260630	11.220645	29.635060	27.150733	23.104495	22.811105	28.456396	26.622315	29.026244	15.074094	18.419815	29.616024	29.746079	20.655872	29.501512	16.110705	28.332585	18.895393	20.916423	23.697040	27.632456	21.499772	15.350739	13.361860	26.597580	26.647197	28.547274	25.639766	20.922488	26.281663	21.914711	25.608486	29.634580	13.100408	28.046120	25.700109	29.209430	10.646592	25.843364	29.635607	23.085282	17.129782	28.727601	25.029427	25.468790	23.952228	16.120841	26.868536	21.900077	23.633438	29.034037	21.868658	20.693846	8.913947	11.256373	21.428172	25.470567	16.553908	16.758985	20.670766	23.634309	25.574858	28.420856	23.734485	14.819764	26.398383	8.631734	23.133433	21.170058	28.493454	6.097072	22.628488
24.166180	26.022804	24.517877	29.382160	17.667889	29.227445	18.539859	29.566863	20.239262	9.012322	29.754001	11.559034	21.115567	27.702242	26.327229	27.225960	21.632339	29.711350	19.090517	13.991412	23.854219	27.007058	28.814727	27.460805	27.342653	25.349974	13.121012	27.744233	15.528572	28.786086	20.599929	24.832963	28.958516	14.869507	29.075702	23.632408	29.510699	21.532794	16.030237	19.492145	16.834111	28.803777	23.043991	29.537905	29.164604	13.482516	14.203745	24.020324	20.116755	26.912952	29.116611	12.025461	24.357930	24.110593	29.190116	29.779676	27.674716	17.752129	26.043659	25.918388	27.353093	23.055404	28.269887	27.119470	12.962494	15.614662	23.848219	18.305736	11.551957	27.078913	23.751042	25.627055	27.092654	29.757867	24.451148	11.135321	21.960680	27.339190	11.421168	28.312553	26.152956	22.166222
28.973646	28.291697	24.502654	22.184309	27.980632	28.094038	29.144033	29.441050	26.662433	28.119431	28.525894	27.772498	22.040137	11.032022	25.551544	25.496582	28.342475	14.367034	22.433853	29.761582	21.646986	11.710458	23.272264	29.338972	22.126405	22.735009	27.965892	28.216581	23.863248	29.136651	26.161287	26.950738	29.559460	16.856230	28.081927	29.588467	15.977920	19.273771	22.287945	23.438833	19.129071	28.729566	29.366403	24.701477	26.260412	22.407463	8.432256	10.905303	13.966880	26.070073	21.019331	29.372613	13.142363	9.699624	15.408209	24.482022	29.460583	28.327844	18.839051	28.977190	29.034027	29.581074	27.250105	27.362231	12.212586	29.156833	23.518763	24.661633	29.701474	21.464802	27.169697	23.706337	20.222264	28.714550	29.374753	29.703550	14.323290	18.275873	7.962238	21.827955	24.543362	13.243653
16.244329	24.098806	28.869345	25.404767	28.567638	22.989225	25.863440	27.695206	26.691091	24.621115	21.764461	25.602017	16.408175	11.356173	25.531547	15.179613	29.450043	15.545361	27.180980	24.606932	28.256321	16.556173	19.583340	26.046507	29.616459	13.993485	14.379448	29.770643	29.690103	27.435325	29.632776	28.189866	16.735158	24.957634	20.898397	20.766438	23.272999	21.719651	21.691633	27.573476	19.935925	19.983003	28.439243	24.571779	29.142491	25.930064	26.421558	27.012519	23.852800	25.851508	14.532110	28.387572	23.867769	29.447188	28.544272	29.363672	23.707484	20.394983	16.774069	19.681510	14.571942	29.555602	12.090543	25.646143	21.428577	28.655097	29.403772	21.236661	28.176805	23.773619	16.101267	12.691097	29.448934	24.636496	8.308139	24.115067	25.221904	28.858865	27.580315	27.811327	28.649781	26.350035
29.737603	20.973186	26.868661	17.259787	22.984791	25.032689	29.514685	22.531528	21.802771	13.566869	28.368777	22.291594	18.337688	23.020081	9.261251	15.732528	18.138218	18.915065	29.232400	21.241184	18.420435	27.253428	29.510178	9.111433	24.334742	22.945128	27.628982	29.000735	22.229243	29.510749	16.530343	18.881000	27.791965	13.576050	26.640813	10.125623	17.360769	28.332282	27.182621	22.313439	28.278535	15.816739	21.910079	29.525163	18.820747	25.343617	22.498351	27.025547	26.421303	28.557247	27.201794	11.104735	26.322796	29.524342	21.298971	28.621106	13.273983	28.744312	19.678109	23.367260	27.763769	25.669872	28.223140	7.977534	22.009964	16.248784	29.742250	25.471172	29.219123	29.358729	27.159608	21.875556	21.435459	26.126812	19.862900	28.682265	17.422165	24.643750	29.148097	26.605156	26.505065	18.763653
24.329830	28.549389	28.533436	29.664803	15.464163	24.244692	28.625877	19.077194	29.329571	26.763895	29.241361	19.273283	27.021049	29.735643	19.580627	24.596767	27.009160	23.541060	26.650925	24.304142	29.686679	29.437226	26.702130	27.902591	24.953485	19.219894	28.176122	21.554259	22.711352	27.934893	29.772340	21.262112	29.776136	26.944637	18.534787	28.165428	23.097100	28.981776	16.353142	28.579862	20.480337	26.851264	25.633149	29.459318	25.867900	14.481122	29.263050	28.290032	13.025299	23.819272	15.779853	28.740826	28.176871	29.412055	29.769864	27.832777	15.052482	26.572991	26.175667	27.842749	22.597558	28.788221	24.974121	24.806140	27.889491	9.140043	12.386122	26.679104	28.275380	16.829001	21.631733	26.067980	17.792171	28.528493	25.806533	29.763201	28.467948	22.641256	29.265285	27.453884	26.667370	19.664242
25.771773	29.496894	26.581762	11.654320	26.422563	26.066562	29.629181	22.767323	28.604903	27.677864	19.756171	29.439686	23.633713	24.613677	23.507722	28.323117	21.369706	28.788708	29.764181	18.173476	23.584237	26.712280	20.435459	20.691117	26.524441	29.645013	29.708027	15.377226	15.062478	26.156767	28.260496	28.526580	28.377952	26.763966	26.830779	25.969806	21.331545	16.558969	27.778301	24.929479	22.539967	26.166679	28.714035	27.559839	23.509856	13.395528	18.296124	25.375399	23.657803	22.136015	18.396102	27.720681	29.040723	25.568869	19.794674	26.194712	18.689296	27.990499	28.259804	18.842638	28.234968	17.963311	28.651534	18.913076	26.179178	24.929331	18.340033	24.495963	29.733461	24.454116	26.289996	29.768517	13.003159	10.489527	28.568206	22.935122	26.039727	28.012346	27.050719	22.524044	15.677636	20.135088
23.769106	26.919322	15.213980	29.185204	28.718435	29.613787	29.727804	26.493771	19.707210	25.864239	27.591084	28.330756	11.289873	15.827980	15.231717	29.132581	28.933227	21.771452	16.664350	12.015914	22.643411	26.894834	26.291854	29.419228	21.490740	12.301206	27.871911	28.087425	23.951379	21.162325	10.219939	24.582819	29.484558	27.521505	27.778516	28.940553	28.094867	26.338003	20.423786	26.496987	21.052322	21.590405	27.564150	29.548144	28.410410	19.822806	25.638776	25.215476	29.001625	26.056142	21.783247	16.637681	23.472372	27.536531	11.923354	29.322283	19.608949	27.530558	23.877586	23.921695	28.824066	29.451009	15.335747	27.795567	11.343427	18.674051	28.617200	24.598387	21.445043	23.177510	27.594736	22.928492	28.478744	29.688107	22.205426	17.790111	28.345811	19.904025	29.478196	27.714273	28.952056	12.942673
28.422418	27.544268	29.539893	25.642190	26.074450	25.114977	23.915717	27.577674	26.177259	23.484486	26.939475	15.166938	25.414677	19.141922	18.677621	25.674323	25.612714	27.762443	24.719715	18.381803	16.999417	26.038071	18.638842	27.215693	20.933036	16.860482	17.194450	29.447185	27.682354	28.655124	29.775035	26.920629	29.647347	28.089001	29.001290	27.783070	28.815671	17.568159	28.629432	24.083481	24.666778	29.346558	28.836431	18.031016	19.495147	26.609191	29.304686	28.389583	28.536710	27.478453	29.760916	22.910085	28.148529	24.131254	19.406690	19.809063	28.047586	14.320141	27.951028	26.325577	27.673427	18.874330	23.373837	29.103924	16.984982	28.754190	29.688483	25.116280	23.329385	18.436223	16.522921	22.868929	29.683187	20.514913	21.127222	22.958157	17.829144	16.906034	10.045346	28.293208	28.719598	28.486284
24.937270	29.208532	26.788678	27.740563	23.241289	26.723573	20.389377	17.655720	15.704730	27.493897	26.100945	23.362505	24.073911	26.887016	29.298987	23.883791	27.917404	23.187694	16.932993	26.063844	21.386035	26.260766	26.029400	29.370670	26.223901	15.965591	19.501527	21.756526	26.348378	22.391204	22.153835	29.339687	29.541327	29.218688	29.210128	28.790047	27.022388	29.040180	26.695859	13.829943	23.309143	15.111492	20.624801	29.068811	26.569140	28.698978	25.511911	20.972520	28.023896	26.040215	19.635306	27.226912	28.787756	22.024847	25.316838	18.014128	17.011156	13.097614	18.478141	26.124550	17.107845	23.258029	27.214167	13.810730	23.981883	17.185166	24.541688	23.487208	27.477475	23.843271	27.599348	29.098128	17.382016	19.717190	24.762355	13.197778	18.340302	15.688108	27.380942	25.605038	29.176933	27.206669
28.622340	17.777539	26.776496	29.103375	20.061546	26.216521	29.722925	20.196813	23.927627	20.019215	19.926222	27.887702	29.596272	29.398824	23.192572	29.169716	27.971583	24.740991	28.779209	28.708726	14.733854	28.595647	16.243641	29.081116	28.934289	19.328005	11.337623	23.378399	28.446833	21.099186	25.133608	28.940554	29.668433	29.356434	28.161087	24.259294	23.142469	26.047172	27.126048	21.383909	23.479415	26.082976	29.377927	22.847697	16.793479	23.980268	25.542342	28.688778	21.966990	8.744685	12.203425	27.764015	28.757697	27.459406	29.656445	23.890864	26.446991	8.564760	22.240206	28.472707	21.424181	27.177567	19.902858	29.350234	19.645372	29.228206	27.655359	29.233812	22.379570	24.518679	27.804304	21.738895	28.064190	28.702010	17.356274	18.434492	14.552311	26.080683	29.359744	16.902355	29.557291	29.309761
27.649094	7.505607	20.826942	27.261332	16.371951	29.418793	26.434458	18.978534	26.868775	23.463224	24.250320	13.059127	27.923828	21.157811	26.517963	28.713696	25.540937	11.632025	20.915559	17.040481	24.571858	26.558505	27.308269	27.955702	27.837216	23.691737	28.972931	26.142889	29.014920	28.934226	13.114930	27.961121	28.015172	21.335130	28.255200	27.222194	27.874723	29.505451	26.216119	28.779353	18.822903	21.830632	19.346611	28.007370	29.139311	20.102601	27.554731	29.252409	25.668619	29.725449	29.044114	28.823199	29.740738	25.636190	29.049542	27.415297	28.964656	26.156010	29.718918	29.773218	20.941797	25.592078	22.672439	25.486065	29.294293	26.707810	21.921669	21.299614	16.104155	26.941674	29.008933	14.715105	15.976411	22.936578	25.508341	26.797319	25.239498	23.280770	14.436596	24.265151	26.374584	20.707320
29.710655	22.318876	23.629242	23.967617	26.779033	26.499004	29.603913	8.542756	26.080717	22.785432	22.104683	7.562473	29.529950	29.744673	27.564073	20.320493	18.605097	25.593157	29.455916	29.170594	25.215384	22.002132	28.629483	29.152479	10.422331	23.804188	27.204447	29.385330	29.064801	29.747605	25.781894	26.921493	20.144839	28.400350	26.695247	28.660287	17.097133	24.959200	22.739027	25.537072	16.016448	27.880988	28.817469	29.055399	20.969375	23.642043	29.496000	28.093913	26.018823	22.759454	23.412998	21.838527	26.062649	17.220126	27.567483	28.310843	20.877754	17.709458	27.576889	26.628474	28.573046	28.037596	28.650432	26.641543	19.898777	25.918306	19.025585	24.442137	21.953008	28.048389	29.747948	16.229316	29.445294	11.918944	24.910891	27.696140	27.723736	26.336476	20.553193	29.592426	20.622677	29.271997
29.557913	13.906012	29.259952	28.387033	24.409297	24.607773	20.613488	28.120279	20.881103	25.203722	22.916956	26.410114	29.393412	28.381334	24.645808	22.841212	26.204237	24.386743	28.639443	15.802642	28.249783	21.211000	29.657548	28.937443	27.771114	29.366579	27.920856	28.760143	17.955332	29.603433	15.566904	26.788442	20.922743	28.748114	25.529202	12.188731	24.213483	25.239927	19.324558	23.685355	28.138056	23.135675	22.342725	18.720781	21.163461	17.341145	27.568817	27.725921	28.386290	26.965316	27.407181	29.488546	18.082612	26.595695	15.869651	23.286779	18.248428	29.166995	28.953795	23.058937	26.018608	23.888308	29.761076	21.586627	23.828741	29.481804	23.421283	26.241610	26.042309	24.955188	9.020748	17.731105	24.264610	28.406859	25.607984	29.751784	13.740469	26.793950	27.536540	29.398539	28.954149	20.310428
18.430702	29.104671	28.956441	22.137660	28.888699	16.306168	26.491123	25.541274	13.602237	17.578746	25.892058	29.183868	19.689621	26.689631	28.789722	28.314313	22.226885	29.778155	27.293036	19.300026	14.710755	28.842796	29.710578	29.628168	22.927131	25.270302	29.735172	29.332132	22.552986	27.617053	28.867587	27.509824	25.238588	22.357433	23.829424	13.651207	26.057840	18.552336	29.579012	15.331749	26.935015	29.699919	28.974961	6.983491	16.088336	18.915125	23.342673	20.440873	24.722838	21.827439	29.649421	28.652074	25.068133	26.094988	28.214919	28.354783	8.225763	18.930728	27.709953	26.425018	18.544845	28.019527	29.646936	21.546234	25.870783	25.318722	29.345057	24.949196	19.613889	28.887283	24.221305	24.114246	12.475610	18.881786	27.438313	22.778304	19.812088	29.305527	18.703028	28.057913	18.573380	24.279803
29.407563	24.322508	22.695595	16.895394	28.289211	27.068111	29.065085	29.701534	25.625883	28.761850	27.447342	28.643579	19.724495	18.715671	24.940756	26.502928	22.941813	16.627830	26.487458	26.334205	24.182932	9.572965	15.213274	24.884911	28.118636	25.507959	28.658699	28.575782	28.087532	26.866638	27.106852	26.768186	29.390200	20.467429	26.661898	19.764439	28.850439	28.994958	29.456228	22.866432	27.937198	25.737649	23.905380	27.591108	26.871132	28.553041	27.027204	29.632330	20.482415	15.128196	29.312884	26.392310	14.472146	29.458909	21.276799	29.647695	17.861990	21.898925	29.557843	24.560876	29.012525	29.756142	25.160826	25.795906	23.302535	16.982600	26.761948	26.517011	25.495706	18.850330	18.256559	24.811554	29.216385	16.233080	15.428272	27.557624	26.688328	29.399873	23.233203	13.193458	21.041876	17.669152
23.505306	29.132694	23.894048	23.482318	28.742241	22.930434	25.830072	19.134520	20.752414	26.257803	14.132296	22.962443	21.611113	28.417135	28.787924	25.028843	24.093679	28.287584	25.055326	21.073764	28.605416	26.802159	19.369543	24.247876	26.135782	29.074761	26.011517	25.489373	19.716812	20.159163	29.618353	28.834988	21.040818	21.306638	29.052065	22.865819	29.276980	29.066415	12.342962	24.945635	21.128336	25.415363	29.701394	24.716108	21.769699	29.698407	22.601478	19.550819	27.052617	24.037699	25.414464	21.252191	29.773055	25.077782	23.720547	20.784193	21.942048	28.826830	26.672904	28.584571	23.178398	27.090796	27.597407	21.167045	29.142737	27.977442	28.814351	27.671131	11.649524	28.178114	21.643549	27.891128	26.586950	27.075713	28.715038	24.901987	17.643125	29.252630	18.663649	27.443882	25.003438	22.955264
26.636389	25.790881	17.482724	29.148840	29.414012	29.040257	21.722747	20.524873	21.221794	29.579548	29.739393	13.692004	24.580364	16.503081	26.030005	18.471714	14.347697	29.078732	28.679073	28.666547	23.921491	6.065783	27.385250	27.986577	26.905527	16.740776	27.915266	10.253694	28.638875	23.277942	14.760956	26.908040	14.321451	15.724875	28.707005	22.193987	27.615826	6.826095	23.354015	25.742156	22.006500	16.803091	25.340139	13.063106	18.197723	18.779868	26.685850	28.589278	29.515854	23.441246	15.488677	20.483546	25.854036	23.799598	29.064794	24.909693	29.411166	21.098598	27.956576	29.323973	21.348520	27.066997	29.529758	24.544240	20.717289	29.718489	28.912311	27.916812	15.959863	29.447890	13.999724	26.916092	19.926186	24.336155	21.283404	29.466358	21.512938	22.253149	28.548589	29.733627	29.612056	20.315758
18.660764	28.638435	21.850677	10.486318	27.453474	18.470907	28.309641	27.030313	20.930973	23.780620	20.449709	13.524528	24.543355	13.958942	29.268373	25.543025	28.717469	29.653559	27.985192	28.673019	12.018194	24.669509	23.395499	16.697193	22.247723	25.856990	24.749837	27.530238	28.093674	25.696458	26.070175	28.048955	21.630378	23.114949	29.683622	24.585860	25.873482	25.443387	22.734413	27.400924	29.773659	27.390808	24.802238	13.337909	27.119161	17.420779	27.653047	17.109773	29.749886	19.788293	24.644359	28.260776	25.665292	26.401606	13.579170	7.730170	25.321244	26.083603	21.761359	25.341133	22.960673	26.701246	26.303408	27.536111	28.928370	22.776314	29.509424	26.443726	6.915760	25.555896	29.521771	12.559996	25.857748	29.507167	25.165986	25.340895	26.628739	27.571216	23.177099	24.306751	27.289989	20.298946
29.266177	21.517286	28.576911	21.875232	29.235883	24.803850	28.489170	29.222256	21.904406	19.554483	18.453421	27.682429	19.287922	29.597331	28.381372	29.210183	29.328631	21.521652	26.432819	19.332953	23.667128	28.893096	27.991606	27.400018	23.860910	8.701214	17.398367	20.710132	27.895646	25.504055	25.963299	16.187043	19.720810	28.800358	28.889820	28.299865	26.819335	24.791693	13.448784	25.661184	29.457584	29.713216	29.053901	21.322592	24.912102	25.380908	22.754100	29.124000	19.847731	29.738290	15.518524	26.310228	22.934361	28.603091	25.024688	22.872836	17.516379	19.206948	26.055639	23.773742	16.909452	17.876853	25.022038	15.530262	21.599240	20.019961	22.965105	21.509979	29.343961	29.516862	25.681134	29.479953	23.789745	17.757605	21.469812	25.951921	28.128675	23.581425	17.668953	26.181785	29.490373	25.663118
22.658207	22.176457	28.063823	28.122300	24.639817	29.302692	8.516388	25.701075	21.733930	27.022461	28.739920	28.719023	26.201366	29.345391	18.456444	27.455824	25.313714	18.685540	7.762033	16.968113	28.771835	22.176266	29.077223	26.773899	28.634611	24.528525	23.749378	20.738069	26.887017	27.412508	27.382779	19.608147	24.083485	27.677962	23.160787	20.855095	22.177775	29.064726	25.624666	7.935163	14.791654	26.057021	29.089863	15.055884	24.487359	29.294559	28.349956	20.188554	29.330462	26.065621	28.549555	15.397648	24.864398	24.710490	19.352434	15.472521	17.145961	27.114281	25.870211	21.638004	17.029025	18.126883	26.233101	20.942293	20.650679	28.535175	19.783010	29.353440	24.443908	20.712618	13.970221	27.872425	27.631978	24.409492	13.503699	28.475130	26.571640	27.235952	22.327509	27.791047	28.945302	21.315126
23.682580	26.405470	14.739495	28.263256	19.882366	12.517655	28.171925	15.878148	22.503474	19.737421	25.904389	24.232344	25.667571	24.416253	11.569184	14.068503	22.375539	9.805230	26.223630	29.285377	19.708490	21.261585	29.778376	22.071067	11.356452	24.897615	13.681196	25.676000	28.471987	20.735998	25.847709	25.825460	24.908940	19.094005	11.489952	21.534496	26.463938	13.259789	20.685360	28.452790	22.055675	24.895186	27.712104	24.266342	19.041040	29.387329	24.320129	28.352912	25.221812	29.577214	29.188036	29.102516	18.098121	28.259132	26.544034	25.862279	20.750459	29.755355	24.685427	28.915819	18.758814	19.614619	29.455890	28.483394	21.836464	25.670260	28.130487	29.599390	22.784813	23.839196	25.470140	10.265066	23.710158	28.013287	13.871186	29.069591	10.493702	22.498482	28.030664	16.639322	27.873366	22.221115
18.655407	29.460084	28.395822	27.180941	25.294039	24.343350	29.095956	16.077859	21.904655	28.280693	29.736176	23.038909	18.209583	27.488649	27.373204	28.656574	29.189616	29.410754	28.877550	26.997008	27.934200	25.473939	18.542973	19.036786	29.062437	23.509552	17.821612	23.099823	24.413399	25.125659	18.891613	29.548337	29.742936	28.787175	22.514773	29.506401	22.782696	15.189112	25.889432	27.639926	21.029239	20.611651	27.144701	28.725403	13.964157	19.670294	26.694311	26.508075	28.962942	22.976359	11.822907	14.575732	24.102205	27.488960	26.465372	15.921074	26.899733	17.708960	28.143715	29.238136	28.939242	28.740697	29.074390	11.721655	29.332669	28.899778	27.933284	29.739558	28.810315	26.763319	26.377248	24.101789	29.100111	23.842148	26.697118	26.384079	24.926126	26.587368	10.341914	27.115020	26.253496	10.484305
18.115645	25.662427	15.695837	26.844538	26.232324	26.644400	20.784329	23.134742	21.616676	27.159462	29.775281	26.740413	28.163848	28.698664	11.965584	27.069242	20.064671	16.056522	23.236875	28.987967	20.616940	25.422277	23.096573	11.203164	28.310924	22.017602	27.097167	22.130202	29.573310	17.721637	27.688206	29.705712	25.684986	23.740299	29.678796	29.525396	10.708877	26.276114	26.344811	21.934874	19.817766	28.031232	27.898157	25.742115	21.493476	27.815591	23.200571	23.036568	25.924382	8.634566	16.644649	9.621999	28.841123	29.492111	25.045553	27.081029	29.352995	28.297934	26.192778	25.445717	22.693289	21.650111	25.013056	26.540337	26.963477	22.634581	29.599548	25.774613	29.648606	29.104673	24.432356	22.682798	24.267163	24.244838	22.475442	29.007742	26.087325	23.659408	11.105723	24.665598	29.228746	24.704220
14.011434	28.608265	25.206922	21.952563	27.606970	25.818010	26.865892	27.502389	23.961421	26.991182	29.011332	12.157918	28.708322	23.590970	27.606385	18.196065	27.227660	25.426745	26.253348	15.257251	19.248252	23.478552	23.910177	24.431740	6.670345	22.933387	23.898506	27.082859	14.762755	15.246665	28.180822	28.068277	25.423365	27.743230	19.621956	14.931227	29.744732	29.047163	27.617510	13.941318	25.684080	21.411791	29.385418	27.603356	28.275515	16.441696	24.263997	27.491273	29.643034	17.857724	15.702375	23.185032	10.200587	19.421954	24.232678	24.806278	28.803498	29.358056	13.279982	27.012578	24.297625	28.989645	27.242470	16.101512	10.094464	23.399741	10.250978	22.889742	28.612185	25.731803	28.216068	22.908276	11.863212	29.184786	22.604525	29.573450	28.914794	27.651353	15.168921	19.930368	28.282092	25.404063
17.745340	24.069933	12.754370	9.165704	22.096842	24.753357	27.788878	27.858290	27.941968	19.188655	17.092700	12.371844	23.882881	26.302822	24.719490	28.922917	27.597196	20.315942	12.684034	20.813878	20.225232	20.088069	28.512363	29.665058	25.271353	26.135103	29.706009	27.689415	25.558741	17.869398	15.587537	21.605147	15.645556	28.839457	26.032945	22.421203	25.934782	25.474218	28.413735	28.607908	22.339077	25.090811	17.693208	29.643623	29.134851	15.749187	26.513275	26.731882	25.620939	26.029465	18.897738	28.447267	29.107244	29.091948	25.616619	21.237391	19.616858	11.190775	22.923383	29.768076	26.649478	28.778417	27.047319	22.205916	27.517173	20.851622	27.140092	27.580200	27.698657	12.495390	18.887800	19.384085	24.096014	15.564219	26.030009	29.727633	18.727355	29.386210	25.659152	27.967046	26.150740	22.030552
28.355286	18.674564	23.748840	18.901617	25.085287	23.644838	29.522214	21.477266	29.766810	13.003263	23.726341	29.337767	18.796847	26.107457	24.274143	10.633089	21.957864	15.865719	28.295241	16.735772	22.698338	13.155451	29.449102	19.523543	24.330433	26.534004	16.933940	21.103422	27.933960	23.001186	27.487629	8.905616	13.323968	18.390889	22.177900	28.703544	18.672161	27.411156	24.781413	27.039923	24.621849	28.357265	22.910046	29.553379	26.562179	25.220356	27.384931	20.603930	28.223884	29.083082	26.308172	18.500675	24.111927	29.696875	29.444279	28.237310	29.662530	23.886974	17.030410	29.154414	26.524782	27.964537	23.463405	28.579079	22.795372	28.670450	26.896142	19.376633	26.754322	28.606595	21.414519	21.389090	27.919558	24.025151	25.723917	29.627118	15.368469	20.225653	24.863471	29.728065	21.322468	23.029569
29.554878	29.738672	13.694772	29.507733	29.194167	26.855383	27.968408	29.154902	28.815999	15.832879	19.486926	26.400790	24.201306	24.410621	19.092285	25.691582	29.123761	24.822507	17.722211	24.273189	13.836870	29.683488	27.744270	26.016198	29.059203	21.156935	25.397345	29.418689	23.961820	19.386759	7.415536	25.193693	22.801349	25.192391	26.470143	21.114209	16.866302	22.716836	29.504251	28.026589	28.725292	13.754845	24.889909	15.260019	11.340019	28.523089	28.583140	20.169085	27.512082	28.526661	20.620748	29.108941	27.698027	20.123042	14.102893	29.655946	26.948721	17.508550	18.109508	27.985380	24.124845	22.679927	9.028763	25.393526	24.216792	29.572235	26.735307	21.044376	29.167825	18.706215	12.864465	21.884966	25.062545	24.319066	26.414853	23.054167	21.977638	12.366640	29.727551	29.062940	18.739424	17.097318
20.650770	28.771826	25.880919	27.231925	18.041848	22.665781	18.869250	28.402741	16.141829	21.323448	28.455913	25.517589	16.099499	27.352806	26.312689	17.418355	24.214667	28.284709	28.141475	22.563052	29.118751	18.558226	27.051034	17.414835	23.782218	23.182924	29.675320	29.395249	22.911700	23.199490	12.312680	19.544778	12.945545	29.773985	25.903044	29.491998	28.239664	16.568562	29.215256	29.273514	20.354651	25.372923	28.459125	21.174488	20.643069	7.654101	27.125433	28.304464	27.258897	16.471131	25.028577	27.968122	20.504008	27.662607	26.794694	18.554081	29.278234	20.589593	24.360963	22.219822	29.686900	11.179467	23.792722	27.194114	23.999736	28.420146	11.853721	27.471548	17.665559	18.190419	24.310953	27.855536	21.259204	25.482246	23.086972	28.240955	29.308728	14.545800	6.542076	25.128453	27.667403	27.428271
23.178638	29.486508	27.661776	23.536629	22.577069	13.553847	26.477281	29.304758	24.902032	25.354391	18.520104	23.334745	20.171974	27.764132	26.063928	10.651463	10.602732	28.329075	28.104085	28.521190	19.967178	29.414600	21.955808	29.057025	23.056563	26.862670	27.967272	29.711463	18.457304	29.721297	28.629050	24.460783	18.516150	29.351715	29.628266	23.818403	24.170614	27.305172	28.412430	29.340539	29.439162	17.810430	29.323773	29.394643	25.976014	22.470274	17.679818	22.532655	23.625839	14.298212	21.478060	24.392751	24.869016	22.137117	25.787632	28.296281	15.092953	25.543550	21.339037	28.393359	23.617948	21.881685	29.410928	24.375880	20.752945	18.618650	26.821075	29.747717	23.495938	15.482733	26.234242	28.114876	25.187501	28.223986	25.661482	17.174169	27.833898	29.742916	21.951093	21.880085	21.519652	16.152313
19.385189	29.572153	26.514347	24.420542	28.918247	28.411039	22.587178	22.202830	28.469341	17.246244	27.060534	29.275735	24.875495	26.700490	29.153033	26.858741	15.528558	25.998202	20.917862	11.351653	28.756408	19.584797	27.728176	19.558196	24.910315	28.131942	21.003680	24.580521	25.048897	21.771602	28.317863	21.429800	24.402618	9.931512	27.661376	24.917082	29.139113	19.791670	25.443766	28.014667	25.577900	26.812290	22.898687	27.027426	23.622649	23.231465	24.857933	22.112518	28.435194	21.834693	28.331310	29.549970	14.029420	29.446821	22.703673	29.454607	28.946231	21.314793	29.654382	27.487234	25.523901	22.984012	10.004370	22.094131	28.327383	19.781357	23.637091	22.704096	13.265393	28.772354	25.036489	27.902366	29.528464	18.870743	19.106711	21.717729	20.644753	24.361713	15.879509	25.992055	29.285217	27.071990
25.941642	24.646877	26.770804	17.199510	25.349222	29.650221	25.568985	27.957634	25.206882	22.801023	29.234343	28.151194	15.200645	14.919166	16.513417	25.582765	26.260981	29.374677	28.892055	28.375615	19.638158	29.191329	14.118004	28.657351	8.788471	13.439245	22.918472	27.100075	29.752088	29.542554	29.747842	29.101765	27.730841	28.585966	22.419816	28.972152	29.752738	26.928271	22.454718	18.482392	16.859472	23.652709	29.106359	24.583091	29.696080	26.632762	27.308800	28.674999	27.284341	28.905578	24.595745	24.620913	28.481678	29.292795	23.464246	26.721062	27.757807	22.110739	16.040760	25.820687	15.441938	20.351289	22.100321	23.262436	25.140931	28.430234	26.827265	25.872020	28.372423	29.579471	29.438763	10.802250	21.346505	19.190973	28.297358	14.226289	25.536285	25.229613	27.584728	28.464169	13.146991	10.750499
26.607538	8.079939	29.745951	24.877708	17.796478	25.910979	24.050475	23.000163	7.636807	19.874491	28.051932	29.482310	27.684030	27.790029	20.783670	29.556451	20.549463	26.154858	18.969510	25.644072	24.320670	22.360564	28.433235	24.418926	11.670380	24.895161	28.956766	27.821688	14.271208	10.246968	28.231476	24.959195	22.221602	21.974612	23.007935	19.596105	28.641136	23.301240	26.838492	13.692856	23.775306	29.107499	28.221750	27.971159	22.267166	28.848448	16.489163	23.344652	22.225109	27.333189	22.632770	25.689806	18.255524	24.944873	29.424151	15.229860	19.458240	19.416029	26.062444	21.761781	27.185562	27.020983	10.753653	22.097228	27.408498	19.859010	26.852493	26.570611	24.033257	27.947338	24.634732	15.483719	17.943244	28.913110	23.754224	27.475679	16.335262	7.626056	9.965485	29.310953	28.703666	21.582902
15.185232	28.577689	13.986415	28.806580	26.419889	28.225230	29.737242	27.264590	29.667785	16.010682	18.413737	25.171625	26.634584	28.614413	24.922124	23.092236	24.317877	29.571079	17.734886	29.564613	20.212965	22.542309	26.734033	28.319620	18.995240	24.076258	28.702147	26.687157	22.954953	29.222661	21.233379	20.907463	24.012899	20.084273	29.035316	27.623237	9.576277	26.068259	27.434627	9.277494	29.438854	24.881839	22.279047	21.861924	28.831450	20.448172	8.432609	29.314862	18.070082	26.181095	16.073210	22.031036	27.746482	23.810268	13.844109	28.914521	23.188297	27.823887	29.427452	17.196408	26.910117	27.254734	25.661314	29.456269	27.920023	28.617660	25.369662	20.818874	16.669596	21.051274	29.008224	25.800492	26.710436	29.769281	17.266170	20.759718	23.654489	23.066850	26.597396	18.267391	28.200197	27.347342
23.007063	26.973635	23.855133	28.939319	24.764583	24.479033	23.069162	23.530777	21.215866	25.066857	28.453225	28.206833	27.638984	17.650303	24.472009	24.798538	27.481936	26.996287	11.770344	24.932729	22.045884	22.200086	24.286650	27.535878	28.076073	19.096914	21.802325	22.734852	28.988268	29.358812	23.642526	26.074119	28.376834	26.894516	18.644935	24.544530	17.112528	20.441961	22.890742	19.400400	29.142892	8.469843	25.362032	28.705567	19.471985	28.054630	23.178814	29.277824	21.143153	25.295448	28.783127	27.633561	25.924294	22.971198	26.682718	23.049879	27.740468	29.042987	28.382929	22.914862	27.841364	28.569606	20.612083	16.821656	24.871517	26.076547	28.467094	13.649392	23.283616	17.104223	22.009492	20.813852	29.359660	28.047411	22.506099	22.596816	29.264730	28.726219	15.522234	22.803334	16.292039	28.706607
28.302010	22.229504	23.554252	23.132259	27.677390	16.374941	23.255999	28.195474	18.794955	24.659117	26.567489	22.361671	24.426433	28.435795	28.968989	27.278036	27.578245	25.492508	28.695343	13.583491	25.746691	19.724263	28.779504	25.540273	28.707538	27.332956	28.773672	29.020639	25.084460	16.527219	11.683874	29.746865	28.283705	24.669019	25.792771	27.937412	28.017590	28.951917	28.111112	27.100222	23.557390	29.268034	22.053084	29.580418	18.000012	22.101712	26.774391	17.911998	27.844147	15.518602	21.162312	24.640241	28.900559	20.832133	12.966968	29.739342	29.469340	29.371891	27.283266	25.890798	13.419723	26.027001	26.469465	25.906360	14.564876	20.296733	29.607860	28.473203	28.769580	26.521397	18.217375	28.852070	20.990960	27.244999	28.863588	15.125962	27.324315	29.451391	22.063120	11.812794	7.765191	28.087652
26.171663	29.316035	29.596164	21.899345	18.640602	26.386903	29.590640	23.215990	14.027411	23.299211	27.658990	29.126965	15.677302	24.623473	17.884470	27.036509	17.782723	19.900587	26.720540	27.513202	21.149169	27.116301	18.482669	20.882873	28.000109	23.967338	14.269472	10.846932	23.464123	19.739077	21.830986	23.848234	29.719828	13.542530	23.155234	15.795414	27.723163	18.196511	12.972729	20.309960	25.173269	19.330708	27.909949	23.686056	29.752690	29.351040	28.451405	16.710109	20.111192	28.466883	26.449996	28.636055	24.313159	19.815778	22.408110	18.246687	20.155680	27.069490	22.733068	29.315042	22.036416	27.799825	9.546919	29.031999	28.856158	26.078058	28.960821	29.550358	29.616655	28.032612	14.492203	23.257123	9.254727	22.064494	14.939398	19.628970	24.601874	21.739290	25.657194	27.743576	26.987060	29.335762
29.494621	25.025579	14.994448	28.213964	26.975885	28.670364	25.984371	22.436895	29.740094	24.052122	28.146062	24.370862	24.731716	27.808939	27.424871	29.092192	20.610920	26.157238	16.337645	27.478855	18.609795	14.762861	17.461431	19.128689	27.980980	18.293887	21.331739	18.365327	21.425522	24.385082	27.879651	27.833901	22.387355	11.102318	23.439892	27.894327	21.503895	29.470194	24.744554	24.333422	25.910745	29.510564	9.451502	16.609152	26.830991	28.297338	21.967388	22.989223	22.526253	21.695446	29.318091	17.836995	21.465586	27.777635	22.828413	14.528246	13.868616	27.694701	24.803274	23.986512	26.020966	22.386749	22.540790	24.730911	26.835420	29.774523	24.461478	19.606577	27.230557	27.006840	28.088402	26.591438	20.776613	27.459370	29.377038	25.831683	22.460412	26.613529	26.602637	19.067333	25.453065	28.046899
28.243864	29.700401	20.027091	15.982081	13.192886	25.183609	22.454845	24.040021	26.434547	19.593666	18.143546	28.967544	27.252061	28.257978	28.188378	7.144827	15.165626	14.146208	19.965426	22.221169	11.520617	29.543808	18.975128	25.101031	26.586143	20.572159	25.652686	28.113831	19.096465	24.221719	27.707185	23.835566	29.346351	27.493239	27.984741	14.712282	22.832475	24.012601	16.134960	25.882794	28.885447	28.255998	20.499469	26.463065	27.188004	28.977375	26.458039	16.271318	28.234957	26.051253	27.412618	26.776372	17.120316	29.684679	27.815382	15.161987	23.593842	26.785349	18.629046	19.704570	29.068843	23.763121	23.212842	24.273979	27.673283	16.979305	27.305253	17.854502	23.441735	25.124235	19.232966	26.666384	8.513328	24.909879	26.723449	28.213602	25.047347	14.649363	29.513859	27.728345	25.196198	18.559017
28.781394	24.454254	17.465068	29.107369	23.464458	20.345574	27.011225	24.696085	14.337969	27.545693	26.364752	22.608948	16.044927	29.403529	25.594976	26.086903	22.104681	27.418585	28.994561	29.758301	27.418469	26.402301	24.251179	20.892038	25.518883	29.091663	25.916643	29.179669	27.100719	26.382261	15.866508	26.910842	24.890423	18.346810	27.454619	20.526184	27.015186	29.650753	20.318799	29.442355	14.398348	8.832696	20.636329	10.390201	29.689103	15.044498	21.614444	25.544913	25.924529	26.033874	28.499276	25.446310	28.917284	29.586290	22.655489	29.406966	17.110255	29.565350	28.338022	25.703477	20.966745	23.260809	13.777998	29.710127	20.145774	25.065931	28.438129	25.232632	23.530480	29.235673	22.208388	19.642007	28.715266	17.895278	26.401491	8.828892	23.691751	29.225283	24.474497	29.656124	22.590528	15.127904
19.365083	28.689817	13.092135	13.784055	22.897311	11.542846	23.058467	17.783036	17.426061	28.253967	22.952036	27.930791	12.588601	29.152112	28.086505	29.432790	22.152831	26.727843	14.710942	27.355490	20.378364	27.214405	26.974909	26.762196	21.618652	29.261666	25.734089	16.095895	13.552399	23.946474	24.609669	25.318855	29.471106	28.330318	22.160227	28.367026	21.479801	27.347051	23.637244	28.218210	11.765349	27.261681	26.974247	12.750314	28.139612	26.011695	24.795268	25.428751	26.709027	21.661334	28.267691	27.823645	27.889741	28.072558	27.808944	28.958763	10.242146	24.772031	17.016545	29.382687	28.204098	26.849124	23.360047	24.703590	18.386160	26.637247	27.807844	20.881032	24.679040	29.464891	29.241427	20.441952	28.584652	25.385845	29.474322	25.882447	14.019700	29.758328	27.567139	25.977713	19.815761	17.300232
18.655480	27.890273	24.152047	17.312570	22.724133	29.644239	22.765263	23.128936	26.222916	29.706487	18.854393	15.609506	14.967535	26.964654	29.673278	19.351285	27.303498	29.450036	23.245151	29.756987	29.423373	22.749341	9.317053	26.141419	29.614124	28.464621	29.175199	26.470263	16.416371	23.334842	25.544483	26.164703	21.962612	25.248394	25.402753	28.193811	27.491639	15.065400	9.923657	28.337481	18.631296	26.810553	21.456326	28.410027	29.096811	20.527412	29.354819	27.776659	17.189529	28.285316	23.846058	19.255602	29.560049	11.447351	19.470995	29.606743	25.403313	21.022600	16.275124	24.712931	26.244508	23.004917	12.465530	8.668522	20.613162	11.674771	28.972603	28.783731	28.482472	19.957667	27.218864	24.190106	29.605801	28.896395	22.624853	29.098263	26.313308	18.770121	24.408199	25.929331	22.068783	25.988418
28.725308	18.679525	24.083189	13.053053	26.499819	27.895062	27.027842	19.966857	27.422646	27.093518	26.325237	27.741790	28.951095	29.397504	24.108211	23.134866	28.054363	14.738829	17.269237	18.322727	25.266592	28.091022	20.279313	22.377937	21.368572	29.099207	28.157481	9.253073	8.986305	28.883154	18.461220	21.191133	20.503778	26.099950	12.769571	22.450231	27.531104	23.720449	10.112179	22.319724	27.054537	29.394251	23.040794	23.287000	28.058652	27.693665	29.230709	14.776549	18.716065	25.208954	27.642565	26.494176	29.487111	22.565219	14.287382	29.532334	29.460929	17.857512	27.789211	26.910161	23.552128	21.328908	29.743436	27.319163	29.370365	26.194453	11.649224	14.376653	27.681004	28.834463	26.261164	19.801165	12.902022	21.668274	25.452037	28.830706	29.672910	29.669293	29.661742	20.262838	24.444125	23.092698
29.719678	28.619246	29.468476	27.414643	23.804791	16.687014	28.327560	29.060674	29.527316	11.751232	25.342026	10.971657	29.739499	25.537382	26.315717	28.942217	27.081537	23.557416	23.162541	24.702315	28.141385	24.226349	24.882565	28.934901	23.907514	24.103263	27.428810	26.171143	28.051636	26.752897	29.209063	21.544135	26.268451	28.412985	28.870781	29.349814	10.670295	25.744792	26.685348	29.110293	29.626888	29.384950	26.157461	25.730898	24.790077	20.375903	28.136777	16.559677	25.442543	22.183301	12.597291	27.994425	19.641516	28.788588	15.116646	22.030962	13.760849	12.248672	25.881542	21.982413	20.346597	15.801449	27.561963	19.899882	20.940778	22.728081	25.704114	12.825320	20.252078	25.012177	23.059988	21.200099	23.534368	28.948650	26.576427	28.604000	19.720924	26.048942	27.059592	27.245230	18.451953	14.997438
29.300964	29.665927	10.315084	29.708929	25.886867	28.490646	16.685232	19.496165	28.774251	19.692936	27.451702	26.800037	28.675918	17.951097	28.955940	29.147341	28.105801	17.576828	29.100158	29.515309	19.505516	29.233427	23.536082	14.495518	26.065657	25.418508	20.365334	23.674664	29.441068	19.599728	17.996930	21.936275	26.885246	29.769321	29.409479	26.144967	22.807566	25.905980	19.949330	16.780255	28.575660	21.671641	29.616553	28.613620	22.625618	18.574875	29.753878	23.907915	27.348807	18.985156	25.460137	20.737852	27.107457	20.628942	26.264072	29.051802	13.943835	26.585784	22.602714	22.775881	19.768818	25.282965	26.913407	13.719539	23.146549	18.853352	24.977603	24.848360	25.924407	24.312955	19.369157	10.233562	21.980614	29.007623	22.148599	18.114292	25.807919	24.145936	22.838271	26.364231	24.251832	19.775938
22.548350	28.468043	29.096312	27.640055	24.149389	14.539051	26.152568	21.025233	27.512131	29.529136	29.692874	28.285775	24.257506	29.110718	27.200935	20.958177	27.322672	19.873878	12.362300	25.394882	22.981401	27.076661	27.490797	24.546802	26.617795	25.224133	22.425833	28.138506	26.802428	29.661670	29.521751	25.175037	28.683205	29.178737	22.414740	10.725485	19.061488	23.349929	29.452455	18.414472	10.661467	25.330916	25.259819	21.885310	28.966013	21.143572	12.655532	29.202124	28.694479	25.552814	12.848324	25.970087	18.696021	14.294703	21.082443	27.255126	27.564038	28.648860	27.976555	21.961415	27.323500	21.327009	29.458632	22.189905	24.593964	25.967121	11.758491	28.847966	24.681288	23.259519	29.393384	16.551220	14.591190	26.800877	26.327204	15.714446	28.712234	24.702242	20.869274	28.644531	28.042823	24.214106
22.531042	28.963169	29.494713	24.354886	27.823354	14.255341	26.539366	18.611695	27.968817	19.004052	27.668709	25.054656	20.830067	29.311106	28.208329	23.791505	11.142687	22.586743	29.656787	29.714882	26.606167	28.844453	12.242433	28.129403	29.631686	28.042971	27.023110	19.882986	20.467567	26.683537	11.689377	22.138472	29.471968	29.580769	12.851952	20.356551	16.625488	29.399011	19.568869	28.987067	25.256915	25.444421	29.451052	20.660254	22.547632	29.547444	19.198954	10.399409	21.921790	10.033354	12.092768	28.399251	27.531484	19.189040	27.708738	17.534330	27.429472	25.935558	29.510143	29.487335	29.120170	28.177561	25.827252	24.933429	10.442316	29.309273	23.278522	22.867191	29.052482	18.558388	28.953495	20.684174	29.148104	25.073268	13.670497	28.467062	28.682703	23.190025	29.140857	20.136570	16.322803	25.710888
29.366881	20.321875	29.445589	23.107216	13.206446	27.884660	23.049577	26.995393	28.680349	22.205757	24.498357	27.751110	27.884277	22.774529	25.485770	28.030603	28.785755	21.000123	29.678449	24.548348	29.206264	16.615670	29.293950	18.906145	17.491331	29.432013	29.779535	29.195954	20.931467	28.284883	15.951465	28.506457	27.342476	24.306840	24.501933	19.525051	24.465566	28.685097	27.079486	28.558559	28.079736	29.621917	29.465517	24.337327	27.443148	26.664475	28.964298	28.238106	20.536990	20.890043	13.598859	20.363965	26.730393	28.617716	28.671220	28.577155	17.499082	29.209132	28.744822	24.970611	25.437613	10.825624	28.511316	20.312185	21.512434	28.827081	29.534191	14.421060	27.233657	25.267052	23.292061	29.526586	24.213130	10.469190	12.839044	13.217618	18.694671	28.217219	24.417912	29.173689	29.478459	26.866064
25.848022	27.917566	20.002221	27.897617	27.148722	27.350236	26.466709	27.150499	29.661515	22.527286	26.222047	29.296475	28.698494	21.374211	19.426654	27.687922	27.255806	29.623121	29.754001	24.099581	11.442398	29.081388	26.708788	19.057654	22.931875	27.983892	13.251955	22.014764	20.971731	24.571093	29.539652	27.762670	29.476292	14.150829	16.255245	28.650456	26.179106	28.741227	18.755302	27.167189	22.671049	26.079488	20.139878	18.661363	26.518422	24.472848	28.995345	24.254018	21.647379	27.166363	20.176939	27.881507	26.684895	29.318245	27.895934	29.555988	29.552792	11.233457	19.643904	29.497472	28.767091	29.478964	28.961550	23.683673	15.159122	29.499995	28.569811	21.519492	29.462405	29.242643	13.460901	28.626099	28.664378	28.492706	28.887295	27.453541	24.810757	15.018620	24.834846	27.886917	24.637247	13.181903
23.329626	22.220203	19.810880	26.989586	15.652660	11.684303	29.585592	28.932062	13.140051	27.799994	26.832952	24.913937	26.804108	20.850319	12.201126	17.857936	25.222569	27.461951	27.456132	25.967240	24.538446	27.449475	26.185577	19.617377	20.285517	28.082046	21.479240	28.564818	26.218289	27.105172	29.713053	28.186578	26.839504	28.087609	27.450338	13.411358	25.416191	27.536568	23.628573	26.796727	23.469425	15.623152	22.363854	18.075337	18.020374	23.505768	19.745652	27.667383	20.873410	19.870935	26.687881	28.484027	11.452359	19.528074	22.601117	9.919727	26.683840	16.490604	21.688966	29.075474	20.981740	15.154000	29.410348	28.821323	8.901356	28.809105	26.995989	12.360460	28.175162	21.324052	27.175429	25.164320	24.404786	29.319049	16.777905	27.105048	29.778867	28.100734	15.232185	29.475834	28.103385	25.799441
13.990846	26.768623	27.813478	28.849598	11.850898	29.611560	23.562663	19.597464	21.363952	19.367367	26.675555	24.781902	16.252193	16.399398	28.620982	19.569129	26.476282	22.247246	28.308447	26.160820	18.586347	24.553187	27.070406	24.760740	22.939656	27.470953	28.234445	26.346804	27.740524	24.244997	27.754445	22.048441	29.093005	23.228098	29.335226	22.852328	23.982837	21.738975	29.103070	18.254790	24.414389	26.058799	14.637644	24.785177	13.860249	19.640682	25.942492	26.895848	28.484619	24.888348	18.859733	26.326469	14.916992	28.770505	29.600807	8.884633	19.041683	23.652881	23.558587	16.099601	24.287801	19.315207	21.013772	21.094802	26.868303	26.855025	29.413917	28.310718	18.381182	27.329495	27.476649	28.450429	22.777393	27.094435	18.877925	21.805526	26.872184	23.839080	29.566441	26.013528	28.605459	17.349568
21.847596	27.582071	26.186491	19.453777	29.745247	21.247880	20.636332	23.344718	21.053894	23.705699	28.741177	25.892292	29.664472	28.524384	23.105841	28.554640	29.268896	29.505670	27.801620	29.419274	21.794144	23.516670	6.242192	28.595607	29.634461	18.497738	24.643529	28.239769	16.716683	28.399674	19.431677	27.564017	28.999721	26.226727	15.493326	26.590785	20.474526	27.264403	16.261629	24.772387	29.777648	17.168761	16.324638	11.165161	28.239053	20.892249	29.250567	29.774917	29.658630	27.278247	27.177103	19.045926	24.274543	24.069895	14.086651	24.914263	27.190989	19.885933	17.185603	19.325383	27.967144	29.657645	23.587666	29.195250	24.640236	28.568087	27.573279	23.387361	18.466287	22.423353	24.338536	23.917281	25.903135	27.450303	29.715715	28.266809	26.637295	29.617822	29.369733	27.708219	13.785961	23.219312
21.139274	27.951279	26.622163	21.930402	26.342973	29.732392	18.845205	25.610427	25.562666	28.634183	26.945831	29.475819	27.094204	18.149499	23.511603	29.398823	24.235670	26.803348	23.966983	21.408496	29.028714	26.996347	29.575918	27.894841	22.795354	9.042473	19.236342	24.252890	25.122390	23.811316	24.505140	28.596103	12.941465	22.872477	16.087840	15.616806	27.022926	26.659400	10.861113	28.152787	23.147379	21.977115	20.035782	28.804434	13.123155	26.590525	26.116596	24.287720	29.742769	23.527479	24.616222	27.323261	28.070392	26.773506	9.188089	28.949513	28.274839	28.497552	28.495612	16.718070	23.127014	25.844844	28.703936	26.111376	27.684050	23.640455	28.177558	24.372625	28.106098	28.450090	11.046553	29.517477	16.854046	26.946454	12.125337	13.136589	25.094027	22.511061	19.856939	26.244822	27.676930	24.909823
20.798674	28.334507	26.630103	29.422356	20.680922	29.197062	29.504951	27.553907	24.946179	15.448686	29.768166	19.191560	27.021389	29.633548	27.337968	27.206577	10.146920	19.624124	28.501726	16.028532	8.873794	19.660707	13.694997	25.943059	28.483132	11.725358	25.734204	18.272173	18.640628	29.358987	14.680321	28.565984	27.864802	24.243463	27.771824	29.775535	26.014225	29.340730	29.765323	26.828864	27.676072	29.684346	27.090215	27.403734	29.623137	14.521192	25.255483	28.918713	14.010668	16.238980	25.584107	18.087558	29.324960	27.072227	29.335349	29.380966	26.949565	29.668344	23.391231	29.086868	19.700053	29.751889	22.104014	29.515753	29.365535	22.781394	16.581711	13.552173	23.946399	29.755571	29.336258	14.397683	25.961975	29.709324	14.222448	16.929747	29.504232	25.121519	11.905185	25.053693	21.987000	8.236891
29.651857	20.516506	25.237818	28.092015	26.320930	28.773496	29.692172	26.337276	27.937293	27.825519	24.667688	18.001872	21.769301	29.196087	29.211208	29.196660	27.834931	24.131700	10.935870	22.786439	19.944870	22.028819	26.868360	13.196302	14.758042	22.802476	20.633776	18.672678	29.343833	22.623452	26.736383	20.917221	28.679872	14.257123	16.051787	24.632808	22.042712	25.797690	28.970600	19.042572	25.951925	11.844044	9.426591	25.270613	21.817375	29.118201	24.357149	28.975126	29.772362	28.099872	24.011366	23.496652	16.828274	22.812926	25.461813	29.289376	24.871770	22.778863	28.302347	24.709307	26.829736	25.160661	25.838146	29.464012	27.776296	15.133596	20.386243	19.643150	25.965466	29.737340	29.715410	29.320632	18.284790	20.534799	24.320669	11.913730	17.696674	21.940194	28.713102	17.445467	29.245551	24.842343
25.050210	27.514261	13.854570	18.851657	22.638323	28.424739	28.956394	27.458769	23.664629	26.515852	18.500512	26.068784	25.115101	23.708132	29.777645	28.940830	22.958918	13.570771	20.412194	13.142567	13.060366	25.336471	18.466564	24.460482	29.055453	20.486923	27.472162	20.810723	23.748792	11.164484	15.269407	20.557946	13.885683	22.883339	22.330451	26.136329	29.777374	28.748470	22.470427	23.083782	17.255827	16.782406	11.060059	17.787534	26.263725	28.308505	16.761769	23.458421	21.165090	27.379947	26.692287	29.530950	25.044343	15.127001	17.856849	29.472861	22.941600	21.818456	18.617319	19.926529	20.575812	29.213794	21.589148	14.935426	26.794168	22.661871	28.468753	29.744338	25.807867	29.340455	11.148934	26.402214	29.691496	16.078237	29.081237	28.045740	26.073640	26.690807	29.490205	14.962281	24.942896	20.300167
18.873039	23.666559	27.441499	19.706892	25.335298	27.369008	29.768698	27.987108	29.453379	15.585153	12.280718	22.380578	26.157655	25.931951	24.275960	20.479146	26.122127	18.405523	24.899968	25.631091	21.429574	24.671326	26.442645	20.737839	21.260368	17.213049	26.771801	15.583780	26.857269	29.535805	21.234164	17.618321	22.349736	26.013122	26.728868	14.971201	22.685707	23.852262	21.245487	22.137982	19.511627	22.980341	28.170159	21.496425	20.141927	25.179334	21.817042	28.803841	13.665368	24.814136	21.931645	23.172827	21.065389	16.918978	22.969093	8.911751	28.292675	11.574628	29.210062	27.611897	29.540379	29.462311	25.507131	23.143226	26.925904	27.998116	27.059529	25.625088	28.201057	18.176400	26.982970	28.643796	19.866311	29.473267	29.539710	27.149386	24.932627	28.273600	26.122827	28.342047	25.001584	23.880294
29.654954	29.656643	22.638323	27.663963	17.354446	17.701064	21.079801	20.703632	25.282789	16.695634	16.776572	27.262187	20.746268	25.623082	27.017487	25.899013	27.914063	29.698739	23.576238	28.468086	20.252929	29.318517	25.972506	22.569711	21.936596	16.630374	24.827769	26.144452	25.577718	28.910065	26.825738	20.669378	18.173083	19.592161	26.668582	27.309245	24.224896	29.126573	25.929993	25.034591	13.881274	9.462512	25.253094	21.009687	28.578215	12.904090	27.971702	26.786385	29.071368	29.619157	25.982514	25.838425	28.648127	24.996041	25.450682	29.554816	27.920346	26.467134	28.803173	25.683716	21.391990	24.858954	29.538433	20.117481	19.695997	22.876631	27.580160	15.892245	22.769994	25.602540	9.254679	29.457722	18.991301	19.901603	29.077474	23.560159	15.463946	24.051036	22.518116	14.133617	21.416839	16.558740
16.176161	13.744177	29.667722	21.782491	29.155878	28.500529	7.358196	26.438673	28.559895	20.342609	15.891100	28.072248	24.513189	27.768284	17.171916	20.754964	22.148348	27.337195	14.536449	24.552590	29.340683	26.296368	28.527783	28.029948	9.745712	28.572165	14.920223	23.366196	24.848031	28.852017	26.185700	29.411776	22.356426	26.494751	28.642442	7.425419	28.124679	29.459685	29.255529	13.347754	28.763352	27.847282	28.390211	26.820961	20.425479	27.226995	24.131091	26.879342	22.551459	22.296199	22.337082	25.895926	19.587089	27.747521	19.074148	27.327309	25.988322	21.162008	29.449190	26.616298	25.935647	19.622841	29.190865	25.032472	29.742454	11.561673	28.711998	21.135658	23.180117	22.743935	23.280563	12.403519	18.804159	12.104180	19.600406	22.629126	14.888818	24.104261	26.825483	23.561236	27.249417	29.712033
29.757634	22.459286	26.490147	28.176610	22.986839	25.846618	27.775540	21.034385	22.447810	29.730592	28.787392	13.758378	13.950077	21.216331	19.065155	28.962089	26.786681	21.437116	25.174647	27.774241	24.200947	26.637855	17.600274	11.981108	28.106223	25.391744	28.803529	27.495966	25.953147	27.944575	19.552346	17.286406	24.273072	20.583991	20.217497	23.066026	12.998594	23.212860	27.532037	27.263372	24.593029	18.004896	29.310284	27.609008	20.974228	29.719920	14.973609	14.920746	28.796987	26.896535	17.288627	19.615931	26.581668	24.900969	25.819609	10.120815	28.272672	29.293043	27.747385	29.057497	21.475067	25.494012	28.628469	27.666465	21.124139	29.262070	22.086448	17.269246	24.983927	21.674325	29.261329	29.656450	22.645030	29.776909	23.185900	23.818142	21.211060	29.687109	29.729994	18.071768	28.441195	24.187829
19.064578	24.765237	25.859939	29.748952	23.066211	29.669084	29.134962	17.466970	25.963792	19.225175	24.526875	19.761875	26.314263	20.047617	27.272405	26.295824	24.955402	24.887113	14.358541	29.403819	29.612735	29.055979	25.346954	27.879439	26.209965	23.172982	25.293586	8.978376	29.292253	27.046081	19.540581	26.448282	23.283552	25.629059	19.922583	28.605377	21.961580	29.138206	29.528347	26.047186	29.688235	7.607283	29.486582	19.538811	20.173585	23.852883	22.643193	22.644367	21.513490	22.474581	20.872862	29.507486	22.580772	29.251098	29.533611	13.179275	28.361602	23.230328	24.960331	16.290227	28.724080	28.016601	22.880014	28.814404	29.208601	25.778593	18.548921	22.625587	19.408566	27.553182	28.680588	29.763118	11.874740	14.151992	26.359073	12.242604	26.954038	28.867376	28.359643	25.687401	25.595150	29.766516
26.137922	26.029094	23.559511	21.773267	24.301080	24.896954	29.539490	27.130931	28.201714	15.680170	20.249503	19.709632	14.136231	13.921279	15.644481	9.761469	27.278825	25.825313	19.916932	26.712574	19.330598	26.565570	26.324401	28.112297	29.170277	25.101870	27.802743	27.283421	28.804159	17.980394	16.558897	20.485139	27.144318	28.066474	24.470774	27.626060	16.835079	23.941309	29.772420	28.586623	17.626197	28.865608	27.241212	27.285864	23.169655	19.919030	27.978683	12.304230	29.439211	29.476571	22.004079	19.854841	20.860925	18.711406	28.322469	29.586353	28.064810	28.044451	26.450525	26.670519	20.475729	28.420528	29.435416	29.055816	17.622745	28.656127	24.275474	27.606613	12.840352	26.465233	26.883803	16.777721	16.145254	15.662752	22.845312	24.904781	15.838872	21.841310	29.615785	21.752923	24.244536	25.528287
27.488352	21.952879	21.547805	27.961241	29.061450	27.387858	29.684475	16.408236	28.181412	27.146812	24.997131	23.221423	25.055965	29.142583	24.674789	24.031983	25.286361	12.683698	29.671339	28.959472	24.663776	29.392949	29.770594	20.499151	15.017419	25.728988	27.111869	29.049500	23.724476	27.173926	27.690571	29.564644	22.785298	26.457559	25.450908	23.113368	24.964921	27.685531	24.258613	28.838436	27.970769	27.981204	10.848096	20.896773	17.046004	27.896860	17.846036	28.207211	28.170380	22.673065	24.402800	29.402854	23.305151	20.139656	25.278842	15.173404	28.466028	23.995674	25.379790	27.786708	25.613837	14.936532	19.043960	21.867566	26.146918	24.442506	25.589737	28.534289	29.656519	29.622904	24.566208	27.031809	23.854575	27.519809	20.354820	27.130052	23.925711	19.418087	28.782060	16.191982	20.083695	29.661760
