23.170816	27.103683	11.464130	23.076680	20.966787	26.635900	14.998644	30.929583	15.613207	23.094192	22.724967	24.656254	30.398356	27.073062	28.121446	22.458012	21.661252	21.679200	13.726266	30.513489	26.370108	31.260423	27.473735	17.862935	11.515763	24.715919	30.202223	27.192416	29.859696	26.702328	29.244277	31.300252	22.078545	30.264405	30.023261	30.849734	27.738195	18.301684	19.466499	27.317949	24.066111	29.419374	13.927535	17.971274	30.286712	15.972893	25.044252	17.114635	26.815437	26.961614	7.411903	14.478776	31.122659	29.497022	24.417036	30.871788	26.990956	17.342694	28.586976	25.105383	28.793776	25.599038	23.547774	26.895696	28.932014	23.355819	30.209327	13.699562	22.869340	28.075172	23.821420	18.222271	26.574233	17.198562	26.477495	27.157262	21.348347	20.567855	30.797196	24.534587	30.853702	27.592317
22.458241	25.484576	31.198488	28.808717	18.487846	26.920008	25.184081	26.715976	24.675673	31.154478	29.330814	31.290694	12.857851	31.350669	26.490666	30.587518	29.891235	31.311232	22.660568	31.294444	31.307585	31.464495	31.241611	13.312493	14.773685	31.276956	28.237624	27.666511	24.901349	31.508780	27.802476	24.740334	26.738202	26.287339	30.620335	22.169776	23.119938	31.234254	26.608589	23.574192	28.346044	28.168962	31.137860	28.904320	23.441746	23.379665	25.255457	11.859444	27.272602	26.717813	19.990485	18.464443	31.462800	28.587245	22.372897	28.394472	23.173045	29.945788	24.048617	27.135566	20.923939	23.731722	16.446678	30.895830	30.896959	26.129570	31.188504	29.540837	29.925363	30.804865	20.756839	29.032985	30.093909	24.033568	30.696004	28.292956	17.359334	17.643713	26.507438	27.961920	24.581636	26.776972
26.125988	14.119522	19.827206	27.352876	24.988298	22.081895	30.674026	27.729341	21.846876	26.096366	30.487744	28.898326	27.897639	26.563763	16.078580	30.669045	25.062206	31.505899	24.857403	29.497201	27.610590	25.509599	26.249905	17.926867	31.164797	28.719220	19.833399	27.428133	20.041371	31.164331	31.040586	31.383133	31.103363	26.283141	26.811067	31.455621	22.331953	23.376797	20.353342	18.504237	15.005919	31.469006	7.143137	29.779568	27.999154	30.928032	23.071924	29.346231	25.682537	23.995253	23.232005	21.746850	29.170673	18.224995	9.671174	30.841094	28.258310	28.628712	21.801649	31.031366	30.087613	30.865734	30.563393	27.930813	26.083125	26.471685	16.029592	29.437937	22.621106	27.548332	30.538832	31.110354	26.424588	24.406892	28.975684	30.264570	25.687312	22.243740	30.558761	26.902974	25.080655	17.421563
27.818361	8.879088	9.168220	30.804879	27.893806	24.167507	29.183207	28.389517	17.244212	26.451253	21.925321	18.954515	25.686603	30.645071	31.215080	23.608365	15.518697	24.290568	27.027066	24.865935	24.498870	18.453902	24.118085	26.060940	27.414311	30.007228	27.654563	17.664999	27.330351	27.890864	26.246884	13.317778	27.154183	26.735973	19.510644	30.471751	24.437615	17.008711	27.118556	31.489552	13.053678	30.437848	23.475674	18.321842	21.571059	30.900052	16.926988	29.877504	30.166095	19.447451	25.583138	21.058598	30.610687	30.534547	30.848854	29.242895	14.908109	30.755358	30.302056	30.968261	11.456651	23.593814	19.178055	30.025707	30.275046	24.796499	27.078047	20.924705	29.380220	24.112446	25.307464	31.503438	22.877269	14.414748	12.147220	29.274413	28.844443	23.641062	26.499608	31.526616	29.784655	28.117465
27.857674	24.666224	27.302717	30.717338	15.620482	29.990935	19.381088	30.565963	27.429323	23.562935	28.819899	30.000390	27.578359	30.552302	30.656731	29.493766	15.776494	25.703783	30.884362	25.314812	30.710179	20.249804	29.428682	20.245173	31.151723	30.773326	24.975084	30.467108	22.806487	23.141672	31.430212	14.648976	24.780506	29.512667	27.881365	26.513215	17.670672	27.545061	17.890165	27.171677	25.490313	15.007988	30.328727	22.989014	11.273001	26.273339	23.886232	20.711328	13.169534	30.195713	26.630325	28.748289	25.934314	31.061073	29.336571	25.158375	12.339004	30.640346	30.101979	20.865498	18.464727	28.723380	18.836357	20.527791	16.175923	26.435353	30.595306	29.956132	22.531580	28.980664	25.434724	29.100439	28.230730	30.500031	29.552676	28.180752	15.980782	20.534472	22.028286	13.342151	31.008437	9.910658
9.552135	31.445613	29.510289	29.544832	30.873223	28.051906	17.042623	30.188659	14.723063	20.381218	27.716652	27.431199	31.472964	16.611832	26.741315	30.479113	26.535228	20.702097	24.823933	31.505629	28.724554	23.469832	27.488218	25.951832	27.384760	23.249940	26.543126	26.406841	22.890370	22.811052	27.349484	25.888995	27.338793	17.842162	28.508029	23.749523	28.069002	30.439180	21.156082	31.407891	28.955607	24.498625	30.726664	28.683642	29.896052	25.707571	17.766212	30.106037	30.294146	30.064360	29.590751	17.475085	28.365954	29.588228	28.125098	26.771579	27.071372	27.435813	26.605803	28.617146	28.394648	21.806748	29.098191	15.475292	21.992255	19.795813	18.249648	27.190076	23.065854	12.392409	12.895053	29.910430	31.078670	19.643242	22.661112	17.438916	29.971218	18.965706	29.248871	12.589119	30.682684	24.009391
26.059928	31.033707	28.448612	21.453041	30.395030	30.305100	26.028516	25.475779	31.429500	30.676653	30.418266	29.370614	30.236687	31.358309	14.142341	29.206574	29.822237	21.288673	20.361572	26.912405	23.793548	26.830669	30.364409	23.076985	30.977922	23.470507	26.340396	29.658646	24.564675	19.329274	25.927924	21.557125	20.518310	29.422397	27.476206	30.179133	28.594045	12.577423	29.241371	26.285385	24.014903	27.822940	28.269058	24.981080	30.196068	26.479882	31.015590	30.875040	20.989480	18.123541	30.918327	22.941013	24.003125	30.866567	26.594046	29.886630	31.370620	29.395984	23.696092	20.255708	14.418771	24.589082	25.751727	29.994606	29.959025	30.567961	19.271486	29.315461	27.286484	26.085156	24.183147	31.465786	29.616095	24.810946	16.726279	27.656690	22.222153	28.178278	20.083940	31.472098	30.356182	25.888837
30.677710	28.284635	30.082924	23.761017	25.330238	27.867140	31.519082	28.529267	31.357855	31.475484	26.150205	30.406382	24.248263	27.951514	28.535286	23.979953	18.250615	29.572196	26.376716	27.139129	29.997761	27.853670	20.522993	24.248404	29.048309	30.569411	23.884152	25.641652	29.993398	11.270773	29.981036	25.639511	14.132522	21.487442	23.653325	27.005562	31.226148	21.326185	24.260578	30.676347	15.128084	21.126892	27.397951	30.578614	29.425653	31.306952	29.861974	31.491854	16.156358	30.003655	29.225724	27.505759	31.012658	29.907369	28.244455	15.865341	20.864143	29.213682	29.548937	26.786431	29.784112	29.964673	29.851459	30.980741	29.884429	25.359194	25.524513	14.400373	18.558457	27.162837	31.071089	27.197547	30.885005	24.422566	25.624986	26.297365	31.287386	29.230295	31.420241	18.446940	9.711174	25.383061
13.898235	21.635239	25.911056	30.886729	31.525564	17.961639	31.211037	30.215122	30.133484	30.249932	29.561413	24.026731	26.229429	26.408692	23.405403	25.403690	31.471303	30.369088	31.152914	21.262674	24.095394	20.462555	20.798808	31.190108	30.431816	24.247850	7.793512	20.053566	25.836211	29.655605	29.646211	29.541845	28.851975	16.239702	27.513416	28.908766	21.833686	26.028784	24.413782	29.092414	30.419354	29.014987	15.757362	11.005246	13.753025	30.711883	21.551279	31.170904	29.267860	13.647314	15.403724	12.907552	26.034589	28.014970	31.201654	30.027450	25.834077	29.044466	28.207970	24.498489	27.984187	25.890616	22.207584	16.172996	15.446322	28.595784	14.382303	25.848852	31.279882	25.618671	29.347450	26.707498	27.885784	26.989891	28.549050	16.534469	22.112043	26.994565	20.026299	26.587016	11.014229	23.448871
29.422730	26.288072	31.498054	25.305349	28.294972	29.925037	23.609953	16.274322	22.140721	31.198427	28.621217	27.469980	16.103855	30.175038	26.051905	21.978152	22.293263	26.814696	15.963455	12.359938	31.486610	31.094649	26.769832	22.373170	30.846865	27.883125	28.762142	27.626173	21.503050	30.503864	14.433235	31.471629	18.414120	30.748294	19.330572	20.130390	28.758895	24.291224	26.875519	29.970952	29.147129	28.499631	28.547610	31.466196	30.751701	31.009292	27.465981	28.158799	16.721998	31.052995	27.411285	31.475393	21.362478	18.806388	29.629775	28.877175	28.914851	26.429928	30.496561	28.766861	25.031836	12.107422	19.992840	29.106493	19.472445	27.237894	30.988581	31.053546	30.646018	15.346065	31.210689	25.507266	25.812458	27.026368	26.463477	27.631383	20.583183	19.219545	22.752126	18.898299	26.473762	25.634640
22.706385	13.682683	31.179796	14.029106	23.757819	29.423075	27.260428	10.442175	30.767837	30.806230	17.235776	18.391379	23.996182	27.773824	22.916110	31.172862	14.271308	20.225556	31.182541	24.869508	17.062259	30.137442	25.464436	25.585215	31.527714	31.493713	25.467966	22.942332	22.921078	25.389614	25.043591	9.236777	31.199618	16.578887	29.534594	24.708000	26.275729	27.827025	29.162679	26.365039	17.422251	30.508846	14.647741	24.250181	26.898695	31.240439	24.220164	19.192532	25.483222	22.014714	21.266141	23.635125	26.540584	30.265595	23.842429	26.525058	27.502645	30.635092	20.817686	24.465077	31.327922	30.457895	29.138969	25.566428	11.522607	27.187628	29.693548	26.660719	25.049544	30.575492	25.427017	24.246110	14.962952	30.696683	22.265866	29.034987	27.163848	24.762286	27.542531	29.525043	21.900838	12.619150
30.682545	20.950703	17.154401	19.225512	30.159796	30.164372	19.381302	30.696393	27.848875	27.836647	25.098202	26.883293	30.821820	29.044043	25.739737	31.185300	29.262573	27.267643	20.688258	30.447308	23.075733	18.398740	29.057793	26.534658	17.659833	29.052082	26.221937	9.647455	31.110713	31.278286	25.504227	30.756894	20.535063	24.906849	20.995652	30.283027	15.285753	18.373316	25.629541	30.801621	29.813354	30.618971	26.630203	12.724356	20.835904	23.164538	31.405951	30.651756	28.958132	18.521909	30.888043	15.672689	27.061515	22.270997	27.005283	16.071095	30.084323	21.000128	31.077286	13.876053	29.877549	30.783803	31.049444	30.241681	29.871185	20.885156	10.011343	24.545933	20.932171	30.567463	31.528990	25.758484	30.886422	14.602731	28.477108	23.262412	28.380482	11.880577	28.494275	27.223824	11.589920	30.117644
22.584571	25.021669	27.870454	24.811351	26.999545	18.902966	10.172561	31.516739	16.857683	22.196282	19.240508	16.118888	25.017470	31.280743	30.187265	30.496683	23.983490	28.622853	25.991997	30.400222	15.737940	30.259721	25.614115	16.338323	29.988102	29.075628	25.343511	26.286742	30.898615	29.925374	26.622379	31.406880	30.046977	31.487572	20.237846	31.238214	21.813316	17.595035	31.323649	25.708340	23.771983	29.461628	26.209112	28.142393	28.169638	22.292417	28.789924	29.648161	31.083500	19.031044	31.058811	16.304208	30.270335	31.377764	12.892561	31.328609	31.487155	20.659967	30.246351	27.657973	22.502528	20.943763	26.920783	30.609205	21.454930	31.330593	12.181653	25.415708	31.522466	25.805742	18.921669	18.808939	27.622433	18.876430	30.930274	29.750250	30.168368	17.017463	30.837432	26.009056	26.939670	26.688188
14.937685	26.694869	25.873588	27.216351	22.707847	31.176171	29.446400	31.394758	29.351689	25.680132	22.379499	23.655517	27.699336	18.493749	23.974981	21.254922	31.130314	29.358365	14.474892	23.058775	29.622895	31.252334	30.374846	30.575983	22.303066	28.665319	25.215959	27.299476	30.391066	27.392867	27.528955	24.354471	18.133390	31.310207	31.242359	24.857735	19.947225	30.179913	30.826474	26.855517	25.045007	27.492043	18.326445	26.855327	30.324096	21.018936	29.274734	28.255579	24.727248	29.629547	30.175087	24.061309	31.495982	15.897542	19.618176	20.627721	25.498620	30.445182	27.583686	22.518269	29.860566	24.052800	26.649623	21.779398	28.922979	30.414100	18.598342	21.648823	16.262180	29.198050	22.350784	27.568189	28.135426	20.315345	28.835584	19.816424	30.027295	28.820232	28.022392	13.539451	25.051981	29.763507
28.800943	18.849090	16.971310	30.351729	26.461169	28.354601	20.271873	28.744154	28.745130	29.663664	27.664840	16.655610	12.047122	26.112392	31.177499	25.403350	27.080070	28.181230	17.418413	12.794518	27.152744	16.070532	15.764346	18.883976	31.068830	18.991187	17.618208	30.853111	27.141375	28.105508	22.733143	22.765370	27.165441	24.764685	21.087296	21.536730	23.746284	14.177057	14.885338	27.006832	31.295943	18.782680	11.721705	28.868583	21.720669	31.515436	19.774483	13.854251	28.004761	11.690161	23.591695	23.752164	25.059886	27.070504	20.167960	25.263032	22.350850	11.048752	25.014608	30.543445	16.367404	30.133040	28.136795	23.308892	17.519448	28.802886	30.646293	20.734904	18.167195	14.489331	19.427204	27.170606	18.282571	26.452449	31.304719	22.071990	28.906169	15.087908	24.067416	13.234989	17.936180	20.164816
30.398182	30.994277	14.441543	31.273925	26.251115	30.683410	21.384785	28.990064	18.407582	26.427721	24.984230	28.805680	21.422822	17.736437	27.624720	17.857866	28.231586	31.324220	20.832193	31.206989	30.030777	29.930925	19.676712	15.674557	28.086989	26.729715	24.119634	20.384600	28.434930	25.614169	30.661937	31.079587	20.403132	31.513079	16.243399	27.719009	24.794259	30.769587	21.435120	31.056709	26.747405	18.077007	19.870464	20.199950	28.641080	31.205975	27.379588	27.709998	28.689538	26.974252	16.800969	28.715907	31.052261	31.392470	11.303400	31.325735	17.494201	12.483132	13.278261	30.681775	26.385906	22.038354	25.296373	26.676800	31.322019	18.416989	23.154934	30.310491	26.516556	31.180962	24.588073	24.384068	29.299032	12.746594	23.338152	30.646203	31.107963	24.291162	30.869573	19.698402	30.812556	25.542967
17.413563	9.006833	21.747974	27.316654	29.974812	28.765780	21.623750	29.642908	30.580446	25.647981	20.531057	30.237219	29.981635	27.342027	24.737602	23.195901	29.764015	28.563639	30.825526	20.652375	28.899717	28.669564	24.686928	17.378187	28.981535	30.949618	27.465420	31.369845	30.325410	13.354076	7.733836	29.293743	22.301585	30.546735	19.997198	26.573170	31.396556	26.068012	24.265236	19.839665	24.035534	21.259175	28.947689	23.607307	29.602217	26.994871	22.360166	19.408936	13.893228	15.522889	29.117332	28.856851	17.050690	15.682505	22.942057	31.429885	13.781879	28.484108	20.267037	24.235336	21.279286	28.520726	15.613856	31.324538	27.793934	28.996325	30.827885	31.478705	29.670972	30.665705	25.478222	29.045500	24.371722	21.688342	13.383085	30.060820	28.581269	31.302980	29.664463	25.631455	29.426504	24.426025
18.918347	9.423522	30.588637	29.039793	28.227195	20.806685	15.133911	18.449243	21.350852	19.912056	27.314706	18.610983	19.829353	22.142419	30.275787	31.249318	15.161135	30.612393	11.555882	24.383202	30.058380	27.019783	31.008619	16.411139	26.175320	30.909117	29.659480	30.695756	31.145658	18.630362	31.083520	20.380222	13.216293	22.648622	28.009758	19.170944	23.336489	27.246224	25.057111	28.559859	30.674796	9.614270	28.929679	31.505509	30.208722	30.202390	30.258372	26.639804	29.408524	31.227074	22.864248	11.827882	28.580810	29.375725	23.419907	23.199810	22.723059	24.086167	22.396657	28.671926	25.455566	16.778910	18.559936	30.395836	31.063853	27.945929	19.593427	27.446566	24.376513	31.020866	24.618166	28.935332	28.949871	31.305412	29.473677	25.052251	30.617140	8.862004	28.823189	30.195472	30.868346	21.825249
14.278820	24.314042	20.867870	29.202882	30.534964	25.285223	27.711531	26.037761	27.663243	31.083846	27.749286	31.529302	28.994608	26.724435	30.236677	27.950981	29.542205	30.868039	30.757297	30.145361	30.810799	28.320713	23.172855	31.044673	23.840412	28.433365	29.202387	20.033680	25.938543	28.951344	20.356332	24.232665	30.728750	21.681814	26.396808	19.890935	31.345854	23.180255	24.833778	31.035817	29.709199	31.130104	31.145235	31.174218	29.576024	21.864188	17.660027	23.529027	22.289263	31.336849	18.272551	29.741946	25.493777	26.577590	24.928399	30.762959	19.023059	25.059177	31.321349	23.288982	27.892138	23.392090	11.710450	23.128592	28.099488	27.977239	29.052132	30.525589	30.325386	31.298285	31.514906	16.634487	27.811549	29.510172	17.881513	28.615028	26.400180	22.117559	18.155813	27.097939	28.460621	20.389169
28.068991	25.291665	30.260377	25.091394	26.122917	17.608472	21.188089	29.908679	30.081712	16.488889	23.568686	11.879835	31.376541	28.746200	24.462148	24.151514	30.128602	28.186725	30.731943	15.959767	19.502130	31.356387	31.494085	21.869610	31.235144	17.057304	29.997514	20.005659	22.145473	25.089519	29.256236	22.763109	16.252672	14.146897	28.160536	28.213070	30.224822	27.146427	22.151896	27.826051	23.202436	27.113309	31.376033	13.870079	29.694213	27.210317	30.925895	11.272043	27.361992	31.377120	24.441806	18.136277	30.415748	26.500216	26.965403	25.359706	17.068036	28.447418	23.186941	25.022179	30.740194	23.153676	21.909815	9.437563	11.917663	22.687300	26.967284	17.526556	17.743686	21.885379	25.023101	27.077704	30.090973	25.129165	15.690489	27.949632	9.138763	24.492786	22.414017	30.167838	6.455128	23.958164
25.586232	27.551978	25.958601	31.108777	18.706011	30.944970	19.629230	31.304336	21.428513	9.541719	31.502473	12.238112	22.356322	29.330124	27.874295	28.825848	22.903467	31.457315	20.212252	14.813451	25.255936	28.594080	30.507994	29.074496	28.949400	26.839603	13.891894	29.374583	16.440957	30.477670	21.810378	26.292205	30.660234	15.743155	30.784308	25.021089	31.244871	22.798071	16.972106	20.637486	17.823227	30.496400	24.398088	31.273676	30.878434	14.274646	15.038264	25.431804	21.298806	28.494444	30.827621	12.731953	25.789253	25.527379	30.905446	31.529657	29.300980	18.795201	27.574058	27.441425	28.960454	24.410171	29.931131	28.713100	13.724060	16.532107	25.249584	19.381346	12.230620	28.670159	25.146695	27.132969	28.684708	31.506566	25.887950	11.789497	23.251107	28.945734	12.092143	29.976305	27.689779	23.468729
30.676253	29.954223	25.942483	23.487879	29.624876	29.744947	30.856655	31.171129	28.229200	29.771833	30.202185	29.404508	23.335233	11.680126	27.053020	26.994828	30.007985	15.211150	23.752090	31.510500	22.918975	12.398437	24.639778	31.063051	23.426572	24.070946	29.609270	29.874693	25.265496	30.848839	27.698601	28.534451	31.296498	17.846647	29.732124	31.327210	16.916714	20.406276	23.597606	24.816136	20.253072	30.417827	31.092094	26.152991	27.803551	23.724149	8.927561	11.545959	14.787478	27.602025	22.254430	31.098669	13.914500	10.269418	16.313520	25.920638	31.191810	29.992495	19.946007	30.680005	30.740183	31.319382	28.851413	28.970129	12.930077	30.870207	24.900765	26.110806	31.446859	22.726083	28.766279	25.099363	21.410516	30.401929	31.100935	31.449056	15.164835	19.349727	8.429917	23.110581	25.985583	14.021744
17.198782	25.514899	30.565822	26.897616	30.246382	24.340103	27.383247	29.322674	28.259543	26.067906	23.043355	27.106460	17.372258	12.023329	27.031848	16.071488	31.180650	16.458732	28.778225	26.052889	29.916768	17.528954	20.734040	27.577074	31.356848	14.815647	15.224294	31.520093	31.434819	29.047519	31.374123	29.846408	17.718459	26.424204	22.126388	21.986674	24.640555	22.995911	22.966246	29.193790	21.107347	21.157193	30.110441	26.015670	30.855021	27.453787	27.974169	28.599862	25.254434	27.370614	15.385928	30.055733	25.270283	31.177627	30.221643	31.089202	25.100577	21.593387	17.759657	20.837980	15.428101	31.292414	12.800860	27.153179	22.687729	30.338982	31.131660	22.484534	29.832579	25.170599	17.047311	13.436711	31.179476	26.084191	8.796149	25.532116	26.704005	30.554726	29.201031	29.445620	30.333354	27.898441
31.485111	22.205573	28.447550	18.273922	24.335408	26.503669	31.249092	23.855505	23.083917	14.363957	30.035834	23.601470	19.415176	24.372773	9.805279	16.656900	19.203982	20.026488	30.950215	22.489322	19.502787	28.854931	31.244319	9.646656	25.764702	24.293414	29.252558	30.704935	23.535454	31.244924	17.501606	19.990421	29.425119	14.373676	28.206310	10.720454	18.380839	29.997194	28.779963	23.624598	29.940287	16.746060	23.197532	31.260185	19.926626	26.832873	23.820378	28.613657	27.973898	30.235381	28.800262	11.757113	27.869602	31.259315	22.550506	30.302992	14.053856	30.433441	20.834379	24.740356	29.395266	27.178303	29.881637	8.446113	23.303286	17.203498	31.490032	26.967924	30.936158	31.083969	28.755597	23.160979	22.695015	27.662099	21.030031	30.367747	18.445843	26.091871	30.860958	28.168558	28.062583	19.866177
25.759501	30.227061	30.210171	31.408032	16.372762	25.669359	30.308044	20.198146	31.053097	28.336626	30.959703	20.405760	28.608894	31.483036	20.731168	26.042127	28.596306	24.924372	28.217016	25.732303	31.431194	31.167080	28.271230	29.542248	26.419810	20.349233	29.831856	22.820798	24.045898	29.576448	31.521889	22.511481	31.525909	28.527991	19.623859	29.820533	24.454318	30.684861	17.313990	30.259324	21.683758	28.429130	27.139421	31.190470	27.387970	15.331944	30.982667	29.952461	13.790556	25.218935	16.707006	30.429749	29.832648	31.140429	31.519268	29.468330	15.936885	28.134502	27.713826	29.478888	23.925416	30.479930	26.441659	26.263805	29.528378	9.676947	13.113812	28.246852	29.936948	17.817817	22.902826	27.599809	18.837597	30.204937	27.322995	31.512214	30.140834	23.971682	30.985034	29.067169	28.234428	20.819697
27.286193	31.230255	28.143788	12.338999	27.975232	27.598308	31.370317	24.105158	30.285837	29.304313	20.917029	31.169684	25.022470	26.060031	24.889074	29.987490	22.625398	30.480445	31.513251	19.241313	24.970087	28.281978	21.636241	21.906925	28.083098	31.387080	31.453797	16.280716	15.947468	27.693814	29.921189	30.202911	30.045548	28.336701	28.407441	27.495865	22.584994	17.531915	29.410653	26.394394	23.864441	27.704309	30.401383	29.179351	24.891334	14.182545	19.371169	26.866522	25.047976	23.436746	19.477023	29.349647	30.747273	27.071364	20.957795	27.733990	19.787449	29.635323	29.920456	19.949804	29.894160	19.018796	30.335209	20.024382	27.717543	26.394237	19.417659	25.935398	31.480726	25.891092	27.834874	31.517843	13.767114	11.105746	30.246984	24.282820	27.569896	29.658454	28.640308	23.847582	16.598782	21.318217
25.165820	28.501188	16.107875	30.900245	30.406042	31.354018	31.474736	28.050626	20.865191	27.384094	29.212432	29.995578	11.953132	16.757962	16.126654	30.844530	30.633458	23.050757	17.643489	12.721845	23.973964	28.475261	27.836841	31.148024	22.753546	13.023905	29.509765	29.737946	25.358807	22.405828	10.820314	26.027359	31.217193	29.138764	29.410881	30.641215	29.745824	27.885702	21.623883	28.054031	22.289360	22.859068	29.183915	31.284517	30.079914	20.987580	27.145379	26.697200	30.705877	27.587276	23.063245	17.615252	24.851646	29.154673	12.623845	31.045381	20.761154	29.148349	25.280677	25.327378	30.517881	31.181673	16.236798	29.428933	12.009833	19.771308	30.298857	26.043842	22.705163	24.539454	29.216299	24.275800	30.152264	31.432706	23.510237	18.835416	30.011518	21.073573	31.210458	29.342861	30.653394	13.703074
30.092627	29.162865	31.275781	27.148994	27.606659	26.590794	25.321048	29.198235	27.715511	24.864472	28.522526	16.058067	26.908109	20.266679	19.775088	27.183016	27.117785	29.393863	26.172301	19.461884	17.998249	27.568142	19.734030	28.814978	22.163063	17.851148	18.204745	31.177624	29.309067	30.339011	31.524743	28.502572	31.389551	29.739614	30.705522	29.415702	30.508993	18.600419	30.311808	25.498673	26.116253	31.071082	30.530974	19.090479	20.640664	28.172829	31.026750	30.057862	30.213636	29.093181	31.509795	24.256311	29.802640	25.549254	20.547008	20.973029	29.695765	15.161501	29.593532	27.872546	29.299615	19.983359	24.747320	30.814188	17.982966	30.443899	31.433105	26.592173	24.700256	19.519502	17.493748	24.212737	31.427497	21.720365	22.368663	24.307209	18.876743	17.899378	10.635459	29.955823	30.407274	30.160247
26.402643	30.924944	28.362866	29.370697	24.606982	28.293934	21.587451	18.693126	16.627468	29.109533	27.634712	24.735322	25.488540	28.466983	31.020716	25.287247	29.557931	24.550237	17.927921	27.595430	22.642687	27.803926	27.558961	31.096612	27.764894	16.903661	20.647419	23.034953	27.896687	23.706933	23.455614	31.063808	31.277299	30.935697	30.926634	30.481864	28.610312	30.746698	28.264591	14.642493	24.678824	15.999363	21.836712	30.777011	28.130424	30.385442	27.011058	22.204868	29.670682	27.570412	20.789060	28.826857	30.479437	23.319044	26.804519	19.072599	18.010678	13.867121	19.563884	27.659704	18.113050	24.624705	28.813363	14.622150	25.391103	18.194916	25.983811	24.867354	29.092146	25.244345	29.221183	30.808051	18.403335	20.875757	26.217447	13.973173	19.417944	16.609870	28.989939	27.109658	30.891488	28.805424
30.304299	18.822104	28.349967	30.813607	21.240352	27.757081	31.469570	21.383570	25.333659	21.195533	21.097074	29.526484	31.335473	31.126421	24.555402	30.883847	29.615295	26.194828	30.470389	30.395763	15.599530	30.276038	17.198053	30.790040	30.634583	20.463698	12.003688	24.752150	30.118477	22.338978	26.610521	30.641216	31.411876	31.081539	29.815937	25.684819	24.502353	27.577778	28.720064	22.640436	24.859104	27.615687	31.104296	24.190257	17.780207	25.389394	27.043277	30.374642	23.257787	9.258352	12.920377	29.395527	30.447612	29.073015	31.399183	25.294735	28.001096	9.067852	23.547061	30.145872	22.683075	28.774611	21.072337	31.074975	20.799717	30.945775	29.280485	30.951711	23.694616	25.959449	29.438184	23.016286	29.713344	30.388652	18.376080	19.517670	15.407317	27.613258	31.085044	17.895483	31.294202	31.032123
29.273852	7.946449	22.050733	28.863300	17.333904	31.147563	27.987827	20.093688	28.447670	24.841961	25.675318	13.826372	29.564733	22.401049	28.076239	30.401024	27.041790	12.315393	22.144559	18.041727	26.015754	28.119164	28.912995	29.598481	29.473030	25.083904	30.675496	27.679121	30.719953	30.634517	13.885455	29.604218	29.661446	22.588790	29.915581	28.821861	29.512742	31.239315	27.756655	30.470541	19.928909	23.113415	20.483398	29.653185	30.851655	21.283820	29.173943	30.971400	27.176976	31.472243	30.750863	30.516964	31.488430	27.142641	30.756610	29.026313	30.666735	27.693013	31.465328	31.522819	22.172339	27.095937	24.004698	26.983693	31.015746	28.277245	23.209802	22.551186	17.050369	28.524854	30.713615	15.579678	16.915117	24.284361	27.007278	28.372014	26.722634	24.648784	15.284801	25.691020	27.924434	21.924081
31.456579	23.630355	25.017736	25.375999	28.352654	28.056166	31.343564	9.044555	27.613295	24.124332	23.403573	8.006657	31.265254	31.492597	29.183834	21.514518	19.698301	27.097079	31.186868	30.884776	26.697103	23.294994	30.311862	30.865598	11.034600	25.202965	28.803071	31.112133	30.772766	31.495701	27.296909	28.503487	21.328541	30.069263	28.263944	30.344477	18.101709	26.425862	24.075200	27.037697	16.957507	29.519376	30.510897	30.762811	22.201538	25.031289	31.229308	29.744814	27.547763	24.096827	24.788783	23.121774	27.594165	18.231931	29.187445	29.974494	22.104533	18.750022	29.197403	28.193245	30.252108	29.685188	30.334043	28.207083	21.068017	27.441338	20.143503	25.878409	23.242983	29.696615	31.496064	17.182886	31.175622	12.619176	26.374713	29.323663	29.352881	27.884086	21.760896	31.331402	21.834463	30.992140
31.294860	14.723032	30.979386	30.055163	25.843639	26.053780	21.824734	29.772731	22.108078	26.684755	24.263587	27.962052	31.120691	30.049128	26.094050	24.183391	27.744075	25.819759	30.322407	16.731135	29.909846	22.457364	31.400351	30.637923	29.403043	31.092281	29.561586	30.450202	19.010347	31.343056	16.481541	28.362616	22.152165	30.437466	27.029365	12.904819	25.636316	26.723088	20.460048	25.077147	29.791552	24.495161	23.655606	19.820785	22.407031	18.360062	29.188856	29.355194	30.054376	28.549885	29.017721	31.221416	19.145108	28.158540	16.802082	24.655145	19.320670	30.880966	30.655236	24.413912	27.547535	25.292028	31.509964	22.855068	25.228961	31.214278	24.797555	27.783645	27.572630	26.421613	9.550641	18.772941	25.690448	30.076154	27.112777	31.500126	14.547759	28.368448	29.154683	31.126119	30.655610	21.503862
19.513657	30.814980	30.658037	23.438488	30.586313	17.264255	28.047823	27.042147	14.401403	18.611628	27.413547	30.898831	20.846567	28.257997	30.481519	29.978169	23.532958	31.528047	28.896867	20.434074	15.575074	30.537712	31.456498	31.369245	24.274360	26.755248	31.482537	31.055808	23.878225	29.239928	30.563961	29.126396	26.721671	23.671178	25.229684	14.453251	27.589073	19.642440	31.317199	16.232565	28.517803	31.445212	30.677645	7.393646	17.033621	20.026552	24.714325	21.641974	26.175607	23.110034	31.391746	30.335781	26.541197	27.628404	29.872932	30.021017	8.708932	20.043072	29.338287	27.977832	19.634508	29.666057	31.389115	22.812302	27.391022	26.806514	31.069494	26.415269	20.766384	30.584814	25.644597	25.531247	13.208559	19.991253	29.050682	24.116785	20.976232	31.027640	19.801988	29.706699	19.664720	25.706534
31.135673	25.751748	24.029215	17.888113	29.951591	28.658722	30.773067	31.446922	27.131729	30.452009	29.060242	30.326787	20.883491	19.815375	26.406333	28.060321	24.289904	17.604823	28.043942	27.881681	25.603969	10.135314	16.107128	26.347206	29.770991	27.006873	30.342795	30.255006	29.738059	28.445407	28.699740	28.341169	31.117289	21.670091	28.228634	20.925783	30.545804	30.698818	31.187199	24.210093	29.578889	27.250064	25.310104	29.212458	28.450165	30.230927	28.615411	31.373651	21.685957	16.017048	31.035430	27.943202	15.322440	31.190037	22.527031	31.389919	18.911519	23.185722	31.294786	26.004126	30.717417	31.504740	26.639338	27.311744	24.671827	17.980443	28.334564	28.075232	26.993900	19.957948	19.329279	26.269538	30.933259	17.186872	16.334761	29.177005	28.256617	31.127531	24.598420	13.968599	22.278301	18.707347
24.886516	30.844649	25.298106	24.862177	30.431248	24.277856	27.347918	20.258841	21.971825	27.800788	14.962615	24.311747	22.880993	30.087034	30.479616	26.499598	25.509470	29.949869	26.527637	22.312062	30.286381	28.377139	20.507678	25.672731	27.671596	30.783311	27.540028	26.987195	20.875357	21.343707	31.358852	30.529445	22.277180	22.558623	30.759281	24.209444	30.997416	30.774475	13.068115	26.411500	22.369842	26.908835	31.446774	26.168483	23.048900	31.443612	23.929567	20.699608	28.642317	25.450200	26.907884	22.500976	31.522647	26.551413	25.114407	22.005473	23.231380	30.520808	28.240287	30.264311	24.540395	28.682740	29.219127	22.410826	30.855282	29.621498	30.507596	29.297184	12.333920	29.833965	22.915336	29.530111	28.149281	28.666771	30.402446	26.365286	18.679791	30.971634	19.760295	29.056579	26.472700	24.304146
28.201626	27.306424	18.509963	30.861744	31.142501	30.746779	22.999189	21.730911	22.468793	31.317767	31.487006	14.496446	26.024759	17.472742	27.559602	19.557079	15.190677	30.787516	30.364367	30.351105	25.327162	6.422000	28.994500	29.631170	28.486582	17.724407	29.555668	10.856052	30.321806	24.645789	15.628225	28.489243	15.162888	16.648797	30.393941	23.498126	29.238628	7.226999	24.726333	27.254835	23.299619	17.790385	26.829190	13.830585	19.266985	19.883345	28.253994	30.269294	31.250329	24.818691	16.398717	21.687154	27.373290	25.198105	30.772758	26.373445	31.139488	22.338356	29.599406	31.047170	22.602967	28.657543	31.265050	25.986512	21.934636	31.464874	30.611313	29.557305	16.897597	31.178370	14.822252	28.497768	21.097036	25.766198	22.534024	31.197924	22.777049	23.560765	30.226214	31.480902	31.352186	21.509506
19.757240	30.321341	23.134638	11.102349	29.066735	19.556225	29.973222	28.618702	22.160880	25.178012	21.651329	14.319127	25.985576	14.779073	30.988303	27.044000	30.405020	31.396128	29.629703	30.357958	12.724259	26.119145	24.770255	17.678263	23.555020	27.376419	26.204193	29.148010	29.744562	27.206451	27.602133	29.697214	22.901391	24.473216	31.427957	26.030579	27.393879	26.938507	24.070315	29.011096	31.523286	29.000385	26.259675	14.121539	28.712773	18.444377	29.278037	18.115091	31.498116	20.951039	26.092516	29.921485	27.173453	27.953044	14.376980	8.184210	26.809184	27.616350	23.040070	26.830243	24.309873	28.270295	27.849074	29.154229	30.628317	24.114678	31.243521	27.997639	7.321934	27.057628	31.256594	13.297905	27.377222	31.241132	26.644801	26.829990	28.193527	29.191397	24.539019	25.735065	28.893641	21.491705
30.985977	22.781652	30.256200	23.160636	30.953903	26.261381	30.163302	30.939475	23.191525	20.703487	19.537712	29.309146	20.421259	31.336595	30.049169	30.926693	31.052102	22.786274	27.986091	20.468937	25.057849	30.590969	29.636495	29.010137	25.263021	9.212327	18.420647	21.927058	29.534894	27.002740	27.488976	17.138128	20.879590	30.492780	30.587500	29.962871	28.395325	26.248510	14.238930	27.169104	31.188635	31.459291	30.761225	22.575515	26.375996	26.872356	24.091159	30.835445	21.013970	31.485839	16.430319	27.856295	24.282014	30.283920	26.495199	24.216874	18.545596	20.335526	27.586743	25.170730	17.902996	18.927255	26.492393	16.442746	22.868423	21.196323	24.314565	22.773915	31.068333	31.251397	27.190226	31.212318	25.187673	18.800999	22.731388	27.476928	29.781620	24.967109	18.707136	27.720303	31.223350	27.171152
23.989629	23.479565	29.712956	29.774870	26.087708	31.024639	9.016638	27.211340	23.011029	28.610389	30.428790	30.406664	27.741035	31.069847	19.540912	29.069223	26.801212	19.783472	8.217946	17.965105	30.462581	23.479363	30.785918	28.347218	30.317292	25.969874	25.144933	21.956637	28.466985	29.023361	28.991884	20.760305	25.498677	29.304417	24.521749	22.080541	23.480961	30.772686	27.130439	8.401252	15.660727	27.588206	30.799301	15.940486	25.926289	31.016028	30.015906	21.374825	31.054040	27.597311	30.227237	16.302338	26.325488	26.162534	20.489563	16.381612	18.153407	28.707606	27.390417	22.909465	18.029598	19.191981	27.774635	22.172865	21.864110	30.212011	20.945446	31.078369	25.880284	21.929690	14.791015	29.510309	29.255730	25.843845	14.297074	30.148437	28.133072	28.836428	23.639495	29.424148	30.646243	22.567610
25.074210	27.957135	15.605503	29.924110	21.050641	13.253076	29.827412	16.811078	23.825803	20.897177	27.426603	25.656286	27.175866	25.851004	12.248859	14.895073	23.690348	10.381230	27.764608	31.006306	20.866545	22.510922	31.528280	23.367981	12.023624	26.360657	14.485003	27.184791	30.145109	21.954444	27.366591	27.343035	26.372647	20.215945	12.164971	22.799874	28.019039	14.038828	21.900831	30.124784	23.351684	26.358086	29.340565	25.692281	20.159866	31.114250	25.749230	30.019036	26.703908	31.315295	30.903244	30.812697	19.161528	29.919744	28.103842	27.382018	21.969755	31.503907	26.135998	30.615027	19.861053	20.767157	31.186841	30.157187	23.119590	27.178714	29.783538	31.338774	24.123677	25.240030	26.966832	10.868092	25.103408	29.659450	14.686159	30.777837	11.110167	23.820517	29.677848	17.616990	29.511306	23.526848
19.751569	31.191281	30.064468	28.778184	26.780381	25.773815	30.805752	17.022527	23.191789	29.942572	31.483600	24.392707	19.279541	29.103977	28.981747	30.340546	30.904917	31.139052	30.574509	28.583440	29.575714	26.970854	19.632526	20.155363	30.770263	24.891012	18.868768	24.457201	25.847982	26.602104	20.001657	31.284721	31.490758	30.478822	23.837766	31.240321	24.121436	16.081545	27.410767	29.264144	22.264921	21.822789	28.739814	30.413420	14.784594	20.826105	28.262952	28.065770	30.664920	24.326481	12.517494	15.432114	25.518498	29.104306	28.020557	16.856528	28.480447	18.749495	29.797544	30.956288	30.639827	30.429613	30.782918	12.410291	31.056378	30.598043	29.574745	31.487181	30.503322	28.336016	27.927254	25.518057	30.810151	25.243156	28.265924	27.934487	26.390844	28.149724	10.949458	28.708388	27.796229	11.100217
19.180083	27.170421	16.618053	28.422009	27.773812	28.210108	22.005616	24.494173	22.886884	28.755442	31.525004	28.311764	29.818860	30.385109	12.668557	28.659919	21.243661	16.999936	24.602308	30.691416	21.828389	26.916156	24.453760	11.861327	29.974580	23.311374	28.689486	23.430591	31.311162	18.762917	29.315263	31.451346	27.194305	25.135321	31.422848	31.260432	11.337988	27.820176	27.892911	23.223783	20.982244	29.678450	29.537553	27.254792	22.756443	29.450135	24.563871	24.390229	27.447772	9.141762	17.622630	10.187230	30.535941	31.225191	26.517290	28.672399	31.077898	29.960827	27.731942	26.940973	24.026774	22.922284	26.482883	28.099928	28.547938	23.964615	31.338942	27.289200	31.390884	30.814982	25.868053	24.015666	25.693150	25.669514	23.796123	30.712353	27.620291	25.049676	11.758158	26.115003	30.946347	26.155895
14.834650	30.289397	26.688143	23.242512	29.229252	27.335147	28.444618	29.118524	25.369439	28.577272	30.716155	12.872195	30.395335	24.977215	29.228633	19.265229	28.827649	26.920886	27.796073	16.153689	20.379257	24.858189	25.315183	25.867401	7.062095	24.280983	25.302826	28.674337	15.630130	16.142481	29.836832	29.717672	26.917308	29.373521	20.774926	15.808503	31.492659	30.754091	29.240412	14.760413	27.193346	22.669957	31.112227	29.225426	29.937090	17.407749	25.689798	29.106755	31.384984	18.907003	16.624974	24.547419	10.799824	20.563169	25.656639	26.263952	30.496105	31.083256	14.060208	28.599925	25.725404	30.693192	28.843329	17.047571	10.687464	24.774747	10.853177	24.234773	30.293547	27.243874	29.874150	24.254396	12.560168	30.899803	23.932793	31.311310	30.613942	29.276244	16.060168	21.101464	29.944054	26.896871
18.788013	25.484329	13.503703	9.704117	23.395271	26.207920	29.421851	29.495343	29.583939	20.316158	18.097015	13.098694	25.286283	27.848454	26.172063	30.622543	29.218904	21.509700	13.429233	22.036902	21.413659	21.268434	30.187858	31.408302	26.756361	27.670877	31.451660	29.316543	27.060641	18.919363	16.503387	22.874677	16.564816	30.534177	27.562715	23.738696	27.458783	26.971150	30.083434	30.289019	23.651743	26.565208	18.732817	31.385607	30.846933	16.674538	28.071276	28.302731	27.126494	27.559030	20.008143	30.118937	30.817703	30.801508	27.121920	22.485306	20.769528	11.848209	24.270391	31.517376	28.215484	30.469550	28.636708	23.510755	29.134178	22.076864	28.734934	29.200908	29.326328	13.229502	19.997621	20.523074	25.511942	16.478698	27.559606	31.474555	19.827745	31.113065	27.166953	29.610491	27.687434	23.325084
30.021550	19.771851	25.144364	20.012249	26.559359	25.034249	31.257063	22.739280	31.516035	13.767225	25.120543	31.061775	19.901321	27.641607	25.700541	11.257746	23.248124	16.797919	29.957975	17.719109	24.032120	13.928357	31.179653	20.670729	25.760140	28.093223	17.928924	22.343464	29.575460	24.352767	29.102896	9.428742	14.106779	19.471504	23.481093	30.390277	19.769307	29.021930	26.237625	28.628878	26.068683	30.023645	24.256270	31.290060	28.123054	26.702367	28.994163	21.814614	29.882425	30.792121	27.854118	19.587742	25.528791	31.441989	31.174547	29.896639	31.405626	25.290616	18.031063	30.867646	28.083459	29.607835	24.842152	30.258495	24.134856	30.355237	28.476646	20.515184	28.326490	30.287629	22.672845	22.645921	29.560212	25.436915	27.235524	31.368132	16.271444	21.414104	26.324506	31.475012	22.575383	24.382818
31.291647	31.486244	14.499376	31.241731	30.909735	28.433491	29.611933	30.868162	30.509340	16.763149	20.631960	27.952180	25.623423	25.845041	20.214124	27.201289	30.835191	26.281134	18.763525	25.699531	14.649826	31.427816	29.374622	27.544983	30.766839	22.400122	26.889758	31.147453	25.369862	20.525905	7.851084	26.674136	24.141185	26.672759	28.025609	22.354884	17.857310	24.051704	31.238044	29.673534	30.413302	14.562980	26.352498	16.156620	12.006225	30.199215	30.262796	21.354212	29.128787	30.202997	21.832421	30.819500	29.325661	21.305463	14.931484	31.398655	28.532315	18.537306	19.173585	29.629903	25.542468	24.012627	9.559127	26.885715	25.639819	31.310024	28.306358	22.280947	30.881845	19.805363	13.620269	23.170942	26.535281	25.748104	27.967069	24.408862	23.269061	13.093184	31.474468	30.770795	19.840524	18.101904
21.864208	30.462571	27.401754	28.832164	19.101948	23.997649	19.977980	30.071794	17.090258	22.576422	30.128091	27.017069	17.045439	28.960150	27.858901	18.441810	25.637570	29.946824	29.795172	23.888882	30.829887	19.648676	28.640641	18.438083	25.179703	24.545186	31.419168	31.122636	24.258022	24.562727	13.036054	20.693212	13.706115	31.523631	27.425179	31.225071	29.899132	17.542071	30.932064	30.993746	21.550684	26.863901	30.131492	22.418707	21.856054	8.103671	28.719413	29.967741	28.860721	17.438914	26.499317	29.611630	21.708820	29.288159	28.369236	19.644287	30.998744	21.799435	25.792464	23.525479	31.431428	11.836237	25.190825	28.792130	25.410006	30.090222	12.550119	29.085871	18.703543	19.259251	25.739515	29.492427	22.508402	26.979649	24.443595	29.900499	31.031030	15.400423	6.926287	26.605062	29.293237	29.040050
24.540649	31.219258	29.287279	24.919680	23.903723	14.350169	28.033166	31.026826	26.365334	26.844280	19.608314	24.705930	21.357270	29.395651	27.595519	11.277200	11.225605	29.993798	29.755585	30.197205	21.140438	31.143124	23.245948	30.764533	24.411399	28.441207	29.610731	31.457435	19.541822	31.467847	30.311404	25.898150	19.604126	31.076543	31.369348	25.218015	25.590928	28.909716	30.082052	31.064710	31.169130	18.856929	31.046959	31.121994	27.502438	23.790651	18.718640	23.856698	25.014134	15.138283	22.740121	25.826120	26.330377	23.437913	27.302984	29.959077	15.979735	27.044556	22.592926	30.061860	25.005779	23.167468	31.139236	25.808258	21.972388	19.712651	28.397167	31.495819	24.876598	16.392423	27.775843	29.767010	26.667581	29.882532	27.169420	18.183272	29.469518	31.490736	23.240956	23.165774	22.784157	17.101358
20.524243	31.309937	28.072411	25.855544	30.617598	30.080580	23.914426	23.507488	30.142308	18.259583	28.650699	30.996097	26.337237	28.269494	30.866184	28.437047	16.440942	27.525930	22.146997	12.018542	30.446247	20.735582	29.357581	20.707418	26.374103	29.785079	22.237859	26.024927	26.520831	23.050915	29.981928	22.689024	25.836567	10.514934	29.286856	26.381268	30.851445	20.954614	26.938907	29.660911	27.080925	28.387866	24.244244	28.615646	25.010756	24.596581	26.318643	23.411869	30.106154	23.117714	29.996165	31.286450	14.853693	31.177238	24.037768	31.185482	30.647227	22.567258	31.396999	29.102479	27.023753	24.334583	10.592074	23.392400	29.992006	20.943696	25.026047	24.038216	14.044761	30.463131	26.507693	29.542009	31.263680	19.979561	20.229397	22.993876	21.857836	25.793258	16.812520	27.519422	31.006136	28.662829
27.466046	26.095182	28.343941	18.210103	26.838807	31.392594	27.071486	29.600526	26.688101	24.140840	30.952273	29.805462	16.093755	15.795733	17.483685	27.086076	27.804153	31.100854	30.589867	30.043073	20.792080	30.906730	14.947484	30.341368	9.304712	14.228831	24.265192	28.692565	31.500447	31.278598	31.495952	30.811903	29.360403	30.265788	23.737228	30.674672	31.501136	28.510663	23.774181	19.568385	17.850079	25.042582	30.816766	26.027647	31.441148	28.197786	28.913557	30.360053	28.887661	30.604185	26.041044	26.067693	30.155370	31.014160	24.843043	28.291276	29.388955	23.409985	16.983248	27.337982	16.349231	21.547124	23.398954	24.629372	26.618274	30.100903	28.403720	27.392332	30.039693	31.317685	31.168708	11.436850	22.600834	20.318613	29.960217	15.062133	27.036864	26.712168	29.205703	30.136832	13.919400	11.382056
28.171079	8.554537	31.493950	26.339580	18.842157	27.433581	25.463727	24.351683	8.085360	21.042303	29.700367	31.214814	29.310841	29.423070	22.004918	31.293312	21.756946	27.691794	20.084133	27.150986	25.749803	23.674493	30.104080	25.853833	12.356002	26.358058	30.658381	29.456590	15.109692	10.848931	29.890463	26.425856	23.527363	23.265858	24.359913	20.747555	30.324201	24.670457	28.415608	14.497348	25.172386	30.817973	29.880165	29.614846	23.575605	30.543697	17.458005	24.716420	23.531077	28.939380	23.962698	27.199408	19.328182	26.410692	31.153236	16.124688	20.601588	20.556896	27.593948	23.040517	28.783077	28.608824	11.385396	23.395679	29.019115	21.025912	28.430431	28.131982	25.445497	29.589625	26.082323	16.393467	18.997549	30.612159	25.150064	29.090244	17.295059	8.073977	10.550904	31.033385	30.390406	22.851125
16.077438	30.257025	14.808161	30.499368	27.972402	29.883849	31.484729	28.866749	31.411190	16.951402	19.495695	26.650772	28.199715	30.295907	26.386606	24.449168	25.746846	31.308799	18.776945	31.301954	21.400671	23.866920	28.305009	29.983788	20.111375	25.491026	30.388797	28.255378	24.303816	30.939904	22.481058	22.135987	25.423943	21.264415	30.741548	29.246475	10.138820	27.600105	29.046779	9.822476	31.168803	26.343953	23.588185	23.146546	30.525699	21.649702	8.927934	31.037524	19.131841	27.719573	17.017605	23.325597	29.376964	25.209402	14.657491	30.613653	24.550876	29.458918	31.156732	18.206819	28.491442	28.856314	27.169242	31.187242	29.560704	30.299344	26.860448	22.042191	17.649043	22.288250	30.712863	27.316600	28.280025	31.518651	18.280681	21.979559	25.044467	24.422290	28.160341	19.340747	29.857345	28.954365
24.358990	28.558694	25.256904	30.639909	26.219806	25.917473	24.424738	24.913484	22.462516	26.539847	30.125245	29.864372	29.263147	18.687391	25.910036	26.255757	29.096869	28.582677	12.461842	26.397835	23.341318	23.504583	25.713783	29.153982	29.725926	20.219025	23.083444	24.070779	30.691734	31.084057	25.031802	27.606309	30.044364	28.474924	19.740482	25.986820	18.118009	21.643125	24.235832	20.540348	30.855446	8.967356	26.852370	30.392419	20.616140	29.703223	24.540835	30.998309	22.385530	26.781872	30.474537	29.257406	27.447678	24.321017	28.250678	24.404322	29.370596	30.749669	30.050817	24.261369	29.477423	30.248466	21.823247	17.810041	26.333025	27.608879	30.139929	14.451330	24.651797	18.109215	23.302787	22.036875	31.084955	29.695580	23.828581	23.924631	30.984446	30.414284	16.434246	24.143287	17.249295	30.393519
29.965142	23.535730	24.938339	24.491544	29.303811	17.337070	24.622557	29.852345	19.899318	26.108141	28.128676	23.675665	25.861782	30.106791	30.671323	28.880985	29.198839	26.990514	30.381593	14.381555	27.259637	20.883245	30.470701	27.041086	30.394505	28.939133	30.464526	30.726008	26.558484	17.498298	12.370290	31.494918	29.945761	26.118625	27.308425	29.579116	29.664006	30.653247	29.763025	28.692721	24.941661	30.987943	23.348941	31.318688	19.057653	23.400428	28.347739	18.964466	29.480369	16.430400	22.405815	26.088156	30.598870	22.056230	13.728797	31.486952	31.201081	31.097904	28.886523	27.412213	14.208162	27.556421	28.024891	27.428691	15.420620	21.489362	31.347743	30.146397	30.460193	28.079876	19.287791	30.547532	22.224392	28.846007	30.559727	16.014684	28.929985	31.182078	23.359567	12.506787	8.221290	29.738186
27.709586	31.038766	31.335359	23.186166	19.735894	27.937476	31.329511	24.580196	14.851566	24.668308	29.284329	30.838583	16.598428	26.070403	18.935320	28.625262	18.827594	21.069933	28.290723	29.129973	22.391899	28.709744	19.568678	22.109952	29.645498	25.375704	15.107854	11.484157	24.842913	20.898930	23.113790	25.249600	31.466291	14.338187	24.515869	16.723482	29.352274	19.265701	13.734896	21.503366	26.652513	20.466560	29.550038	25.077890	31.501085	31.075828	30.123318	17.691937	21.292916	30.139706	28.004278	30.318821	25.741850	20.980140	23.724833	19.318827	21.340019	28.660182	24.068890	31.037714	23.331293	29.433442	10.107737	30.738036	30.551860	27.610479	30.662674	31.286861	31.357054	29.679910	15.343676	24.623747	9.798372	23.361021	15.817155	20.782352	26.047534	23.016704	27.164879	29.373887	28.572907	31.059652
31.227848	26.496142	15.875440	29.871921	28.561076	30.355146	27.511286	23.755310	31.487749	25.465471	29.800029	25.802944	26.185007	29.443091	29.036450	30.801766	21.822015	27.694314	17.297582	29.093608	19.703276	15.630241	18.487418	20.252668	29.625244	19.368800	22.585199	19.444439	22.684495	25.818001	29.517959	29.469521	23.702859	11.754554	24.817258	29.533498	22.767474	31.201986	26.198600	25.763304	27.433333	31.244728	10.006712	17.585047	28.407666	29.960196	23.258208	24.340101	23.849920	22.970284	31.040943	18.885055	22.726913	29.409948	24.169840	15.381838	14.683438	29.322139	26.260771	25.396005	27.550032	23.702217	23.865312	26.184155	28.412355	31.524201	25.898887	20.758642	28.830715	28.593850	29.738980	28.154033	21.997447	29.072977	31.103354	27.349624	23.780210	28.177422	28.165890	20.187705	26.948753	29.695038
29.903579	31.445723	21.203872	16.921121	13.967993	26.663460	23.774316	25.452658	27.987921	20.744973	19.209624	30.669793	28.853484	29.918522	29.844832	7.564464	16.056679	14.977346	21.138583	23.526905	12.197437	31.279926	20.090081	26.576029	28.148426	21.780976	27.160107	29.765904	20.218549	25.645035	29.335357	25.236187	31.070864	29.108836	29.629226	15.576690	24.174140	25.423627	17.082985	27.403739	30.582871	29.916426	21.704014	28.018115	28.785662	30.680202	28.012793	17.227357	29.894149	27.582099	29.023477	28.349836	18.126254	31.429076	29.449913	16.052826	24.980256	28.359341	19.723659	20.862396	30.777046	25.159484	24.576863	25.700368	29.299462	17.976955	28.909802	18.903591	24.819208	26.600597	20.363073	28.233384	9.013398	26.373642	28.293803	29.871538	26.519190	15.510073	31.248216	29.357760	26.676789	19.649514
30.472701	25.891238	18.491268	30.817836	24.843268	21.541073	28.598493	26.147282	15.180377	29.164373	27.914024	23.937475	16.987660	31.131402	27.099005	27.619845	23.403571	29.029795	30.698398	31.507025	29.029673	27.953780	25.676228	22.119655	27.018440	30.801206	27.439578	30.894385	28.693247	27.932562	16.798755	28.492210	26.353042	19.424834	29.067946	21.732298	28.602686	31.393157	21.512725	31.172510	15.244305	9.351536	21.848917	11.000582	31.433760	15.928432	22.884520	27.046000	27.447927	27.563698	30.174003	26.941601	30.616578	31.324905	23.986752	31.135041	18.115602	31.302734	30.003271	27.213882	22.198753	24.627650	14.587494	31.456020	21.329531	26.538866	30.109262	26.715364	24.913170	30.953681	23.513373	20.796155	30.402688	18.946764	27.952922	9.347509	25.083919	30.942680	25.912671	31.398843	23.917973	16.016740
20.502955	30.375743	13.861320	14.593907	24.242787	12.220973	24.413414	18.827924	18.449969	29.914276	24.300728	29.572105	13.328192	30.865209	29.736972	31.162383	23.454551	28.298455	15.575271	28.962992	21.575791	28.813614	28.560042	28.334827	22.888975	30.981201	27.246294	17.041623	14.348635	25.353614	26.055787	26.806655	31.202951	29.995114	23.462381	30.033980	22.741964	28.954056	25.026209	29.876417	12.456554	28.863669	28.559341	13.499409	29.793200	27.540216	26.252295	26.923010	28.278534	22.934166	29.928807	29.458662	29.528643	29.722205	29.443097	30.660496	10.843826	26.227692	18.016384	31.109336	29.861476	28.426864	24.732720	26.155228	19.466497	28.202535	29.441932	22.108003	26.129235	31.196371	30.959773	21.643116	30.264396	26.877583	31.206356	27.403372	14.843402	31.507055	29.187080	27.504237	20.980121	18.316745
19.751646	29.529206	25.571269	18.329807	24.059430	31.386260	24.102978	24.488026	27.763852	31.452166	19.962249	16.526648	15.846945	28.549184	31.417005	20.488346	28.907944	31.180643	24.611071	31.505635	31.152413	24.086120	9.864361	27.677564	31.354375	30.137311	30.889652	28.025736	17.380935	24.706033	27.045544	27.702217	23.253152	26.732053	26.895484	29.850584	29.107142	15.950562	10.506618	30.002698	19.726040	28.386026	22.717109	30.079508	30.806657	21.733599	31.079829	29.408914	18.199535	29.947467	25.247296	20.387040	31.297122	12.119866	20.615092	31.346560	26.896077	22.257892	17.231387	26.165119	27.786712	24.356717	13.197887	9.177713	21.824389	12.360651	30.675149	30.475176	30.156211	21.130368	28.818335	25.611564	31.345563	30.594462	23.954316	30.808195	27.859556	19.873025	25.842476	27.453012	23.365563	27.515571
30.413319	19.777104	25.498364	13.819941	28.057029	29.534276	28.616086	21.140098	29.034094	28.685622	27.872186	29.371996	30.652377	31.125023	25.524857	24.494304	29.702940	15.604797	18.283928	19.399336	26.751320	29.741754	21.470919	23.692887	22.624198	30.809194	29.812119	9.796621	9.514174	30.580443	19.545968	22.436329	21.708577	27.633658	13.519797	23.769430	29.148927	25.114304	10.706220	23.631253	28.644351	31.121579	24.394703	24.655380	29.707481	29.321042	30.948425	15.644734	19.815792	26.690295	29.266939	28.051054	31.219897	23.891177	15.126816	31.267778	31.192176	18.906778	29.422205	28.491488	24.936090	22.582203	31.491287	28.924530	31.096289	27.733715	12.333603	15.221334	29.307638	30.528890	27.804348	20.964667	13.660033	22.941514	26.947665	30.524912	31.416616	31.412786	31.404792	21.453475	25.880514	24.449657
31.466132	30.301024	31.200167	29.025621	25.203603	17.667485	29.992194	30.768396	31.262465	12.441607	26.831188	11.616213	31.487119	27.038026	27.862106	30.642977	28.672937	24.941689	24.523605	26.153878	29.795077	25.649938	26.344722	30.635231	25.312364	25.519618	29.040620	27.709035	29.700052	28.324982	30.925506	22.810079	27.812063	30.082640	30.567343	31.074531	11.297139	27.257627	28.253463	30.820931	31.367889	31.111732	27.694550	27.242915	26.246798	21.573185	29.790198	17.532664	26.937612	23.486812	13.337392	29.639480	20.795635	30.480319	16.004820	23.325519	14.569337	12.968283	27.402414	23.274116	21.542157	16.729872	29.181599	21.069187	22.171261	24.063610	27.214558	13.578823	21.442082	26.481952	24.415025	22.445823	24.917287	30.649788	28.138139	30.284882	20.879710	27.579652	28.649703	28.846251	19.536157	15.878606
31.022809	31.409223	10.921050	31.454752	27.408052	30.164865	17.665598	20.641742	30.465138	20.850077	29.064858	28.374892	30.361026	19.005863	30.657507	30.860157	29.757401	18.609597	30.810201	31.249752	20.651642	30.951303	24.919101	15.347186	27.597349	26.912165	21.561995	25.065828	31.171148	20.751391	19.054391	23.225267	28.465110	31.518694	31.137702	27.681321	24.147767	27.428288	21.121541	17.766206	30.254876	22.945079	31.356947	30.295067	23.955125	19.666304	31.502342	25.312789	28.955916	20.100699	26.956241	21.956408	28.700380	21.841096	27.807426	30.759002	14.763078	28.148046	23.930875	24.114220	20.930420	26.768656	28.494925	14.525599	24.506673	19.961148	26.445346	26.308508	27.447798	25.741634	20.507268	10.834737	23.272212	30.712227	23.450070	19.178650	27.324463	25.564798	24.180277	27.913472	25.676919	20.937958
23.873316	30.140934	30.806129	29.264282	25.568455	15.393277	27.689369	22.260679	29.128839	31.264391	31.437753	29.947953	25.682926	30.821382	28.799352	22.189682	28.928245	21.041654	13.088589	26.887151	24.331819	28.667775	29.106251	25.989225	28.181940	26.706365	23.743598	29.792029	28.377424	31.404716	31.256573	26.654384	30.368742	30.893398	23.731853	11.355572	20.181516	24.722007	31.183204	19.496473	11.287792	26.819425	26.744149	23.171306	30.668172	22.385974	13.399057	30.918160	30.380678	27.054365	13.603179	27.496163	19.794570	15.134568	22.321252	28.856728	29.183797	30.332378	29.620559	23.251885	28.929121	22.580192	31.189744	23.493804	26.039159	27.493023	12.449292	30.543186	26.131616	24.626283	31.120661	17.523710	15.448481	28.375782	27.874269	16.637755	30.399477	26.153801	22.095554	30.327795	29.690722	25.636975
23.854990	30.665161	31.227945	25.786029	29.458354	15.092892	28.098901	19.705288	29.612366	20.120705	29.294619	26.526928	22.054042	31.033547	29.865955	25.189536	11.797294	23.913965	31.399545	31.461055	28.169628	30.539467	12.961678	29.782391	31.372968	29.690878	28.611076	21.051298	21.670237	28.251545	12.376116	23.439348	31.203863	31.319060	13.607020	21.552696	17.602343	31.126619	20.718719	30.690463	26.741075	26.939602	31.181718	21.874249	23.872555	31.283775	20.327062	11.010331	23.209930	10.622761	12.803216	30.068099	29.149330	20.316566	29.337001	18.564601	29.041322	27.459604	31.244282	31.220134	30.831389	29.833379	27.344933	26.398576	11.055761	31.031606	24.646404	24.210896	30.759723	19.648847	30.654918	21.899575	30.860965	26.546634	14.473675	30.139895	30.368211	24.552705	30.853292	21.319785	17.281868	27.221730
31.092600	21.515982	31.175934	24.465029	13.982350	29.523263	24.404002	28.581730	30.365718	23.510587	25.937933	29.381863	29.522858	24.112789	26.983380	29.677784	30.477319	22.234093	31.422480	25.990863	30.922543	17.591948	31.015382	20.017043	18.519076	31.161560	31.529507	30.911628	22.161402	29.947008	16.888705	30.181606	28.949213	25.735160	25.941719	20.672325	25.903215	30.370745	28.670765	30.236770	29.729805	31.362626	31.197034	25.767438	29.055801	28.231363	30.666356	29.897483	21.743740	22.117543	14.397826	21.560546	28.301155	30.299404	30.356052	30.256459	18.527281	30.925580	30.433980	26.437943	26.932393	11.461597	30.186750	21.505723	22.776515	30.521074	31.269744	15.268352	28.833998	26.751807	24.660738	31.261692	25.635942	11.084214	13.593354	13.994179	19.793141	29.875368	25.852759	30.888053	31.210736	28.444800
27.366923	29.558103	21.177541	29.536982	28.744070	28.957428	28.021973	28.745952	31.404551	23.851014	27.762932	31.018056	30.384930	22.630168	20.568145	29.314962	28.857448	31.363901	31.502473	25.515719	12.114621	30.790327	28.278281	20.177457	24.279382	29.628327	14.030533	23.308368	22.204032	26.014944	31.275526	29.394103	31.208442	14.982238	17.210339	30.334068	27.717466	30.430175	19.857335	28.763623	24.003226	27.611994	21.323288	19.757874	28.076726	25.910925	30.699227	25.679233	22.919391	28.762748	21.362527	29.519925	28.252982	31.041106	29.535200	31.292821	31.289438	11.893400	20.798164	31.230867	30.457558	31.211271	30.663446	25.075367	16.049792	31.233538	30.248683	22.783988	31.193738	30.961060	14.251760	30.308279	30.348808	30.167046	30.584827	29.066806	26.268694	15.901032	26.294198	29.525653	26.084986	13.956364
24.700511	23.525882	20.974954	28.575582	16.572338	12.370744	31.324165	30.632225	13.912052	29.433621	28.409742	26.377939	28.379203	22.075485	12.917943	18.907227	26.704710	29.075709	29.069548	27.493148	25.980378	29.062500	27.724318	20.770077	21.477487	29.732250	22.741370	30.243396	27.758953	28.697961	31.459118	29.842926	28.416679	29.738140	29.063414	14.199305	26.909712	29.154712	25.017029	28.371388	24.848527	16.541096	23.677977	19.137405	19.079212	24.887005	20.905892	29.293216	22.099933	21.038538	28.256144	30.157857	12.125167	20.675526	23.929184	10.502456	28.251866	17.459532	22.963422	30.784066	22.214629	16.044370	31.138622	30.514978	9.424232	30.502041	28.582361	13.086642	29.830839	22.577061	28.772348	26.643037	25.838862	31.041957	17.763718	28.697830	31.528801	29.752037	16.127150	31.207957	29.754843	27.315487
14.812852	28.341632	29.447897	30.544915	12.547131	31.351660	24.947244	20.748994	22.619306	20.505374	28.243094	26.238143	17.207107	17.362965	30.302861	20.718994	28.032109	23.554515	29.971958	27.698106	19.678449	25.995985	28.661152	26.215738	24.287620	29.085241	29.893606	27.895021	29.370655	25.669682	29.385395	23.344025	30.802628	24.593016	31.059085	24.195160	25.392114	23.016371	30.813284	19.327406	25.849029	27.590089	15.497665	26.241611	14.674579	20.794752	27.466945	28.476334	30.158484	26.350845	19.967904	27.873491	15.793431	30.461173	31.340275	9.406525	20.160548	25.042765	24.942928	17.045547	25.715002	20.450147	22.248545	22.334337	28.447171	28.433112	31.142401	29.974362	19.461226	28.935468	29.091271	30.122284	24.115820	28.686593	19.987165	23.086833	28.451279	25.239908	31.303889	27.542157	30.286426	18.368980
23.131375	29.202890	27.725286	20.596862	31.493205	22.496412	21.848921	24.716490	22.291024	25.098687	30.430121	27.413795	31.407682	30.200586	24.463573	30.232621	30.988856	31.239547	29.435342	31.148073	23.074782	24.898548	6.608778	30.275995	31.375907	19.584633	26.091638	29.899243	17.698897	30.068546	20.573463	29.183775	30.703861	27.767886	16.403639	28.153341	21.677605	28.866551	17.217098	26.228069	31.527509	18.177546	17.283811	11.821089	29.898485	22.119879	30.969450	31.524619	31.401496	28.881209	28.774120	20.165040	25.700965	25.484289	14.914288	26.378283	28.788822	21.054418	18.195378	20.460922	29.610595	31.400454	24.973717	30.910882	26.088151	30.246858	29.193581	24.761640	19.551333	23.740973	25.768718	25.322705	27.425276	29.063377	31.461937	29.927873	28.202585	31.358290	31.095620	29.336452	14.595926	24.583714
22.381423	29.593798	28.186564	23.219049	27.890965	31.479594	19.952521	27.115364	27.064796	30.316839	28.529255	31.207941	28.686349	19.215926	24.893183	31.126419	25.659807	28.378398	25.375328	22.666468	30.734557	28.582740	31.313923	29.534043	24.134837	9.573642	20.366648	25.678038	26.598643	25.210511	25.945114	30.276520	13.701795	24.216493	17.033095	16.534377	28.610882	28.225989	11.499172	29.807149	24.507552	23.268507	21.213074	30.497096	13.894163	28.153066	27.651283	25.714916	31.490581	24.909992	26.062726	28.928868	29.719911	28.346802	9.727817	30.650702	29.936374	30.172177	30.170124	17.700367	24.485991	27.363558	30.390692	27.645755	29.310863	25.029609	29.833375	25.804811	29.757716	30.121925	11.695510	31.252047	17.844335	28.529915	12.837699	13.908386	26.568613	23.833836	21.023720	27.787045	29.303323	26.373583
22.020804	29.999550	28.194970	31.151336	21.896132	30.912800	31.238786	29.173071	26.412075	16.356375	31.517471	20.319233	28.609254	31.374940	28.944440	28.805326	10.743002	20.777221	30.176596	16.970301	9.395050	20.815955	14.499615	27.467546	30.156909	12.414212	27.246416	19.345811	19.735920	31.084243	15.542851	30.244631	29.502238	25.668058	29.403795	31.525273	27.542895	31.064913	31.514461	28.405413	29.302415	31.428724	28.682125	29.014071	31.363918	15.374368	26.739559	30.618092	14.833839	17.193118	27.087497	19.150345	31.048216	28.663080	31.059215	31.107513	28.533209	31.411782	24.765736	30.796130	20.857613	31.500237	23.402865	31.250222	31.091175	24.120057	17.555992	14.348397	25.353534	31.504135	31.060178	15.243600	27.487573	31.455170	15.058066	17.924484	31.238024	26.597721	12.604608	26.525909	23.278973	8.720713
31.394325	21.722053	26.720855	29.742805	27.867626	30.464340	31.437010	27.884933	29.578989	29.460646	26.117216	19.059622	23.048479	30.911768	30.927777	30.912375	29.470611	25.549726	11.578322	24.125398	21.116819	23.323250	28.447231	13.971609	15.625139	24.142378	21.846214	19.769855	31.068198	23.952832	28.307497	22.146319	30.365213	15.094779	16.994923	26.080286	23.337960	27.313633	30.673028	20.161489	27.476933	12.539874	9.980337	26.755577	23.099379	30.829305	25.788425	30.677820	31.521913	29.751124	25.422320	24.877354	17.817047	24.153442	26.958016	31.010540	26.333293	24.117378	29.965499	26.161281	28.406337	26.639163	27.356467	31.195440	29.408530	16.022766	21.584133	20.797365	27.491270	31.484833	31.461614	31.043633	19.359169	21.741420	25.749802	12.613655	18.736487	23.229416	30.400396	18.470515	30.964139	26.302136
26.522220	29.131094	14.668567	19.959353	23.968577	30.095085	30.657987	29.072340	25.055203	28.074005	19.587569	27.600660	26.590925	25.101263	31.527507	30.641508	24.308014	14.368087	21.611609	13.914716	13.827684	26.825307	19.551627	25.897832	30.762868	21.690731	29.086521	22.033561	25.144313	11.820373	16.166560	21.765928	14.701508	24.227994	23.642611	27.672176	31.527220	30.437843	23.790814	24.440217	18.269730	17.768484	11.709811	18.832688	27.807059	29.972019	17.746634	24.836876	22.408756	28.988886	28.260810	31.266312	26.516009	16.015784	18.906076	31.204809	24.289679	23.100523	19.711242	21.097399	21.784844	30.930516	22.857738	15.812949	28.368679	23.993509	30.141685	31.492242	27.324408	31.064621	11.803909	27.953687	31.436294	17.022927	30.790168	29.693810	27.605802	28.259243	31.223173	15.841382	26.408599	21.492998
19.981991	25.057247	29.054056	20.864853	26.824065	28.977304	31.518033	29.631733	31.184182	16.500863	13.002213	23.695683	27.694755	27.455786	25.702464	21.682497	27.657139	19.486998	26.363148	27.137243	22.688785	26.121068	27.996494	21.956393	22.509634	18.224437	28.344997	16.499410	28.435488	31.271452	22.481890	18.653528	23.663028	27.541727	28.299540	15.850827	24.018746	25.253865	22.493879	23.438828	20.658113	24.330697	29.825541	22.759565	21.325457	26.658934	23.099026	30.496468	14.468245	26.272272	23.220365	24.534496	22.303195	17.913082	24.318788	9.435237	29.955259	12.254623	30.926565	29.234468	31.276295	31.193639	27.005997	24.503155	28.508157	29.643387	28.649636	27.130886	29.858256	19.244408	28.568577	30.327016	21.033643	31.205239	31.275587	28.744774	26.397727	29.935062	27.657880	30.007532	26.470736	25.283543
31.397604	31.399393	23.968577	29.289595	18.374145	18.741135	22.318455	21.920176	26.768469	17.676612	17.762307	28.864205	21.965318	27.128763	28.605123	27.420911	29.554394	31.443963	24.961617	30.140980	21.442984	31.041393	27.498724	23.895932	23.225607	17.607516	26.286706	27.680776	27.080733	30.608935	28.402104	21.883909	19.240897	20.743379	28.235711	28.914029	25.648400	30.838168	27.453712	26.505684	14.696841	10.018369	26.737029	22.244219	30.257581	13.662223	29.615421	28.360438	30.779719	31.359704	27.509320	27.356763	30.331602	26.464868	26.946231	31.291581	29.561046	28.022423	30.495761	27.192960	22.648992	26.319724	31.274235	21.299575	20.853319	24.220892	29.200866	16.826004	24.107986	27.107014	9.798321	31.188781	20.107204	21.071009	30.786184	24.944593	16.372532	25.464321	23.841305	14.964015	22.675301	17.531671
17.126607	14.551686	31.411123	23.062444	30.869196	30.175330	7.790374	27.992290	30.238184	21.537934	16.824792	29.721876	25.953637	29.400047	18.180886	21.974525	23.449804	28.943621	15.390522	25.995354	31.064862	27.841620	30.204185	29.677090	10.318214	30.251176	15.796852	24.739230	26.308158	30.547476	27.724448	31.140134	23.670112	28.051663	30.325583	7.861548	29.777389	31.190859	30.974704	14.131963	30.453599	29.483688	30.058528	28.397046	21.625675	28.826944	25.549082	28.458859	23.876608	23.606345	23.649631	27.417643	20.738010	29.378064	20.194920	28.933154	27.515469	22.405492	31.179746	28.180354	27.459698	20.775863	30.906239	26.503441	31.490248	12.240906	30.399227	22.377595	24.542214	24.080396	24.648564	13.132231	19.909063	12.815299	20.752109	23.958840	15.763601	25.520675	28.401834	24.945733	28.850684	31.458038
31.506320	23.779018	28.046789	29.832372	24.337576	27.365437	29.407729	22.270369	23.766867	31.477688	30.479052	14.566721	14.769687	22.463009	20.185400	30.664017	28.360751	22.696771	26.653971	29.406355	25.623043	28.203178	18.634421	12.684993	29.757848	26.883828	30.496137	29.111724	27.478227	29.586699	20.701225	18.302105	25.699407	21.793504	21.405469	24.421418	13.762281	24.576882	29.149915	28.865459	26.038169	19.062825	31.032677	29.231409	22.206677	31.466389	15.853376	15.797406	30.489211	28.477062	18.304458	20.768547	28.143689	26.364208	27.336841	10.715363	29.934080	31.014423	29.377920	30.765033	22.736952	26.992106	30.310789	29.292244	22.365399	30.981629	23.384266	18.283937	26.452042	22.947921	30.980845	31.399189	23.975679	31.526727	24.548338	25.217738	22.457428	31.431649	31.477055	19.133627	30.112508	25.609154
20.184788	26.220499	27.379541	31.497127	24.421614	31.412565	30.847050	18.493283	27.489498	20.354824	25.968128	20.923068	27.860568	21.225605	28.875023	27.841045	26.421840	26.349538	15.202158	31.131710	31.352904	30.763426	26.836405	29.517736	27.750140	24.534661	26.779900	9.505779	31.013587	28.635397	20.688768	28.002463	24.651729	27.135091	21.093222	30.286340	23.252059	30.850485	31.263557	27.577793	31.432841	8.054100	31.219337	20.686894	21.358977	25.254522	23.973734	23.974976	22.777633	23.795212	22.099353	31.241469	23.907644	30.970012	31.269130	13.953581	30.028237	24.595377	26.427059	17.247377	30.412019	29.662959	24.224473	30.507652	30.925018	27.293413	19.638824	23.955093	20.548994	29.172303	30.365971	31.512126	12.572374	14.983470	27.908011	12.961858	28.537945	30.563738	30.026163	27.196862	27.099189	31.515724
27.673862	27.558638	24.943907	23.052678	25.729061	26.359957	31.275355	28.725234	29.858951	16.601465	21.439356	20.867755	14.966782	14.739196	16.563678	10.334897	28.881821	27.342880	21.087239	28.282288	20.466444	28.126644	27.871301	29.764279	30.884441	26.576917	29.436531	28.886686	30.496805	19.036882	17.531838	21.688841	28.739408	29.715763	25.908729	29.249464	17.824252	25.348145	31.521975	30.266483	18.661868	30.561865	28.841997	28.889273	24.531137	21.089460	29.622812	13.027107	31.169182	31.208737	23.297056	21.021498	22.086714	19.810858	29.986804	31.324972	29.714001	29.692445	28.004838	28.237762	21.678879	30.090627	31.165163	30.763253	18.658213	30.340072	25.701951	29.228874	13.594739	28.020410	28.463581	17.763523	17.093883	16.583023	24.187732	26.368244	16.769495	23.124721	31.356133	23.031139	25.669194	27.028396
29.103662	23.242847	22.813965	29.604345	30.769218	28.997262	31.428861	17.372322	29.837456	28.742048	26.466022	24.585949	26.528314	30.855119	26.124735	25.444148	26.772252	13.428877	31.414952	30.661246	26.113074	31.120200	31.520041	21.703677	15.899761	27.240893	28.705052	30.756565	25.118568	28.770756	29.317767	31.301987	24.124191	28.012285	26.946469	24.471543	26.431919	29.312430	25.684098	30.533097	29.614433	29.625481	11.485390	22.124669	18.047574	29.536180	18.894627	29.864771	29.825776	24.005361	25.836759	31.130687	24.674597	21.323053	26.764291	16.064914	30.138801	25.405706	26.871171	29.419554	27.118974	15.814120	20.162959	23.152520	27.683387	25.878800	27.093458	30.211074	31.399262	31.363671	26.009772	28.620286	25.256313	29.136968	21.550864	28.724304	25.331630	20.559075	30.473407	17.143358	21.263802	31.404810
