0.000000	29.871887	18.935843	25.464176	23.853420	25.199969	27.010030	27.951066	29.377392	22.828359	28.546442	18.616458	27.179091	28.132714	9.138332	27.061625	26.151991	26.847709	29.075147	28.423345	18.416091	27.523034	27.557216	16.565648	20.712344	14.801145	27.658550	28.105181	23.579577	29.229520	23.921359	27.117161	17.976595	28.801287	27.273382	21.882989	28.055961	27.265393	23.592198	22.511466	20.384264	24.800935	20.895098	29.764129	26.598971	29.859186	21.641706	29.132091	25.302001	22.051761	27.926159	28.752825	29.933882	22.174532	20.588921	11.365847	13.810396	29.684472	15.268126	13.754050	26.367930	28.240574
27.941037	0.000000	24.170967	25.727562	23.988889	20.855140	25.836149	26.763080	26.598326	29.918232	19.986542	25.557370	26.780325	29.684715	7.271762	20.841676	24.537969	11.902458	26.530005	28.100506	9.588727	13.148250	23.039198	13.778298	25.050826	26.237837	10.993135	25.716399	24.997007	12.438800	29.569059	26.044453	27.599587	21.285228	14.158720	29.793034	25.132978	10.862229	23.618387	28.024320	16.417245	26.863501	26.866761	20.614643	26.223522	24.777899	29.746126	17.566151	23.834738	26.005829	25.744287	22.418498	24.861615	29.019585	15.074974	29.659989	28.972727	24.428949	27.833133	27.859027	17.324192	29.904822
24.015322	21.846822	0.000000	28.612174	24.424163	11.878605	26.659218	29.674594	23.390423	29.164835	23.455555	27.688253	21.586319	19.285530	19.322317	16.309705	25.543216	22.869651	23.234579	23.020686	29.383874	23.831741	28.040208	23.040126	19.795977	27.914632	28.327512	28.994796	28.445955	28.649813	23.366397	17.388220	29.307843	23.075420	25.176646	28.060309	21.210876	28.229425	29.484424	28.901398	12.408899	29.906397	16.715686	17.486850	29.919918	20.566464	29.885738	29.671460	29.787552	28.520127	26.460816	22.607229	24.390311	18.847557	13.575083	29.631087	21.517117	22.824047	19.695197	29.583323	29.439473	29.303048
29.934769	16.654321	27.562406	0.000000	13.563090	25.396496	28.390119	19.648514	25.316089	26.495676	17.560622	26.111036	25.364054	24.295999	12.514281	29.322120	22.487159	29.112727	27.658224	29.419368	28.432251	16.253012	26.949463	27.357634	25.813861	23.592095	24.325604	17.346910	22.976611	29.514211	28.504665	24.413214	19.272824	28.596296	25.858996	25.733158	28.624846	25.770135	29.311901	29.672359	16.413335	28.678594	29.482821	20.098501	28.694357	26.325731	23.839234	12.896163	28.607049	21.651857	26.415532	13.220211	10.146005	24.300993	22.436017	22.714461	24.299042	29.916399	23.063770	26.269544	19.369232	23.954768
29.860088	27.946789	26.566362	28.667002	0.000000	28.758842	21.178190	29.245667	25.079475	16.990513	27.682398	25.290014	23.259737	29.743998	20.676866	29.510516	25.232725	29.152103	17.810352	18.878321	28.656125	25.488851	29.603001	26.749466	14.298215	25.522147	12.961831	21.491413	19.279559	25.321682	28.040922	20.831898	23.943187	27.777171	29.729284	26.203486	13.098111	29.343617	22.783762	25.288211	28.692638	14.954175	12.582334	23.182195	29.484564	25.624221	13.298852	25.935344	29.778346	19.972143	29.598516	16.970969	23.714387	27.390049	21.021221	29.579937	24.853076	12.389483	14.734649	13.727208	27.590963	19.814168
16.764205	22.123286	12.670550	29.855644	24.243284	0.000000	28.095698	9.139254	28.715079	29.897572	20.948925	28.718460	18.373797	24.795453	28.444466	25.308997	23.756821	14.514527	29.857410	18.033779	10.158117	23.282010	22.113921	25.057743	29.881680	19.351110	20.861941	29.341585	17.028555	26.643911	25.376506	24.661290	22.421954	27.563682	19.201753	29.556235	25.037877	27.346152	28.864159	22.713471	24.264776	26.743019	29.206272	24.064410	11.361981	24.581425	27.158303	29.029123	20.449421	19.901359	28.766033	18.939706	22.518931	19.682651	27.253204	28.522020	15.821447	27.170197	26.109632	21.520746	25.600318	14.447950
24.712108	27.945444	21.868637	18.501081	25.355127	24.078028	0.000000	25.410997	20.864521	24.090043	18.592055	29.375922	10.419765	24.832936	27.093590	26.955640	26.761685	26.642145	28.038585	23.982629	28.408135	24.533375	22.120925	25.907114	27.537816	27.988033	29.119181	24.727439	17.114288	20.274522	20.258798	23.239492	25.050772	23.665296	28.597049	26.385204	19.603588	25.621915	26.161514	29.561923	29.683469	29.354338	22.610322	28.925798	24.750154	25.127371	21.121127	24.015496	28.888297	28.537680	27.293077	23.690896	29.372086	29.252931	24.988716	25.056589	27.347879	19.691038	29.589349	24.498059	16.802594	29.035329
29.930196	19.498446	25.693732	19.981471	29.889775	22.948353	29.234427	0.000000	29.292029	22.855709	17.478879	26.813616	28.278075	23.874750	21.978374	15.396499	29.749521	16.200063	19.897294	28.467781	20.624346	16.028825	24.679328	27.818644	28.887477	26.266149	27.017094	23.559421	25.998189	19.307617	26.464676	29.457256	27.351297	27.854448	26.047261	29.894727	20.423987	19.986198	25.143541	14.510843	12.566145	25.287343	29.716938	13.206815	29.810210	28.345199	29.397362	23.494059	21.734364	25.241586	27.136230	12.290646	27.519976	21.670225	12.557925	28.567065	26.242835	29.756981	22.349255	23.562071	29.251612	28.364948
21.149733	24.209682	10.777585	22.480561	25.834850	29.327092	24.419900	19.771919	0.000000	29.231370	22.849853	27.691066	29.805779	8.582875	28.612175	29.454311	26.468244	22.009417	28.342784	26.243141	28.729439	29.095626	19.368908	27.758733	29.243263	16.446217	25.352716	28.167946	21.649263	27.221772	29.920192	15.623148	16.396931	14.987509	6.719649	22.813701	29.299415	14.322243	26.660028	28.914416	23.368309	25.502784	24.421722	12.150904	29.248613	26.033340	26.588158	29.094292	11.666271	17.099102	27.828630	22.182702	20.495082	29.326328	29.175441	18.398094	28.761963	18.533138	29.340473	29.572831	28.537428	29.106135
28.289382	27.020970	29.575796	26.260340	13.169321	20.747244	29.752385	21.952846	13.773690	0.000000	20.918510	29.837824	29.149282	26.207048	28.234182	21.359999	16.873704	16.927417	13.059867	15.570264	21.963279	27.194833	16.817585	17.723402	18.947185	27.561348	22.337563	21.256098	18.409501	25.706856	29.677275	20.615535	29.865608	25.290554	21.158181	28.222087	25.548823	19.610793	28.002994	27.633659	19.714669	23.084746	28.741272	17.017028	22.815554	24.537477	20.996879	28.875233	13.643135	25.785165	22.826496	24.574411	26.440729	29.730604	13.876799	28.704333	17.679848	29.545593	27.682704	27.053420	28.659514	20.365610
27.394157	29.782909	26.348154	29.197205	21.344732	27.129399	20.701485	24.605217	18.628935	27.561139	0.000000	26.949828	26.653995	25.996288	20.248006	20.060127	22.763567	29.896814	27.316762	26.882963	27.585255	29.251357	21.145554	28.015470	15.252302	29.403427	25.562047	14.710956	28.644826	14.755300	22.272749	27.777388	18.905531	29.560591	29.053274	29.004835	23.506369	25.813422	11.130315	25.464062	19.925280	29.165023	25.850125	24.155646	18.007312	26.492396	29.830963	29.676646	26.732122	29.767998	29.770615	25.099718	23.427434	29.499317	17.223375	21.759168	23.530487	26.435556	13.625162	13.932660	24.519479	26.951352
27.746572	22.310120	29.034296	27.471074	23.118697	29.195713	28.712145	27.314829	29.911426	15.580229	26.779934	0.000000	28.186306	29.860496	29.255808	14.645168	28.794712	27.336255	24.454510	11.123235	25.561119	26.659315	23.814241	28.284526	22.790675	22.254336	29.000862	23.220395	29.402809	16.800893	16.746280	20.738171	26.551571	29.116903	29.561306	28.083189	27.009760	23.904615	23.785377	19.364537	25.789414	27.002273	23.214758	26.453731	11.026413	23.906296	29.935339	25.760145	29.496171	27.520464	28.202425	14.183841	28.660948	28.573929	24.221023	19.541360	19.957382	25.484699	13.701059	29.774693	23.625335	20.386181
28.878772	23.640223	24.000330	15.865554	26.074094	29.783423	23.012815	29.576903	25.562695	26.628952	29.826231	29.253189	0.000000	17.398167	29.657376	28.138624	28.612323	25.394681	29.856029	19.371450	24.186321	7.217951	25.166991	28.331258	25.292970	29.570669	29.146653	21.574541	26.592582	24.777022	27.646432	12.454595	26.464966	28.574986	28.036701	27.989760	11.816225	24.287032	27.274052	24.184433	15.483133	28.419668	28.616200	26.905532	9.852093	26.755962	26.482475	27.835500	22.066504	19.127607	29.282285	27.642832	28.017232	29.307966	29.533123	23.077298	25.722855	8.425229	19.657274	16.537724	25.799278	29.099085
21.573192	28.919727	28.692830	27.090861	28.760196	29.222240	27.190754	25.854510	27.856382	11.614235	23.423631	25.676015	27.364092	0.000000	28.101798	6.782904	29.834427	21.042160	23.332097	28.891143	28.539562	29.586661	29.015298	26.979333	17.621782	27.089853	20.981967	25.818686	15.200857	29.333977	29.163420	20.571131	17.458031	24.248936	27.031072	25.112931	17.235459	28.502607	25.275266	28.297067	27.694896	28.391183	21.225550	26.969725	23.285139	22.655055	28.505708	24.650676	11.326787	22.725463	21.710538	8.056997	18.951972	26.801189	23.876490	27.365586	29.470753	27.737958	20.273993	29.286125	24.961822	28.899892
29.157477	23.279541	25.670885	29.671904	27.944247	29.461102	22.868139	29.085278	24.974161	22.080311	25.288860	15.336497	22.602178	12.979365	0.000000	29.681220	28.083916	28.124793	27.233695	24.048468	17.963225	10.657491	12.908422	25.066818	27.722389	28.221014	26.494870	27.327781	22.975742	28.574321	16.214043	28.847956	20.300802	25.411073	11.821822	22.887229	21.100170	25.385872	29.260641	26.133820	26.776375	16.002923	24.588190	27.072310	29.481530	23.140082	24.772507	21.657802	28.512474	27.863639	21.480392	19.480899	21.307230	18.770486	29.245869	27.477585	27.306923	19.113353	27.099521	29.934324	29.515392	23.992336
25.829809	16.907208	25.730140	23.920994	27.233590	25.182293	21.525492	19.716226	18.102583	29.863233	29.115478	27.351230	29.853780	27.427362	22.416008	0.000000	29.877223	28.770550	23.910010	29.145769	25.652170	21.062441	21.864953	26.030169	24.572163	29.324000	15.527819	24.171827	29.554962	28.818043	27.900682	25.691022	16.454404	22.154609	28.687936	28.926256	16.026864	20.019937	17.451688	29.779813	26.980930	23.719420	15.764741	29.545418	29.731429	20.928709	25.400650	22.655362	18.473111	23.370269	27.836978	26.495174	28.918864	23.013963	29.866765	29.791662	29.800123	27.210752	18.423855	14.631658	29.688435	23.321434
29.520740	21.996868	29.176377	26.128912	29.213285	29.707010	14.506021	28.892545	26.524860	20.965931	13.814546	24.633910	19.651221	22.387604	28.015960	18.945199	0.000000	20.192538	19.213662	20.410213	24.107658	24.393580	24.890652	11.918647	27.784082	10.687000	16.563833	18.517079	28.702777	26.993814	27.890405	29.355266	19.475358	26.364495	13.595875	29.374070	29.526791	26.387048	16.837190	22.809917	27.150120	25.197748	25.292357	28.313105	27.922666	29.233733	26.733131	29.582914	23.819197	10.248555	25.510711	28.146095	29.114138	18.278621	28.380051	21.182509	28.146963	25.953848	27.277106	27.085812	19.951471	9.528766
15.437252	27.658661	24.393359	26.084817	29.690812	27.473979	29.536184	20.314717	12.604770	28.049513	18.769790	12.094998	17.395590	20.625492	29.899864	23.825158	22.467045	0.000000	27.299165	13.441385	29.595508	19.349129	25.280217	28.841827	29.202988	29.064790	22.560678	19.429272	25.043839	16.997771	29.421338	26.519896	29.088375	29.204344	19.769545	19.395881	29.862325	28.506113	27.594133	25.198586	19.274075	27.195535	26.309464	29.929410	22.478261	29.927863	20.875947	23.404712	16.654994	24.807484	29.328064	24.985687	17.424611	29.306549	25.256184	17.928789	15.241951	25.597280	24.561705	29.699713	21.381031	29.734016
21.927153	28.650760	26.196809	22.973123	29.258753	23.546480	28.182555	13.473153	27.013211	29.931414	11.980973	24.029182	28.979181	27.891689	24.704453	8.929899	19.233679	13.645107	0.000000	18.192385	26.244809	13.894299	29.764537	26.425535	17.815083	27.565637	29.671796	28.544585	29.370829	20.432972	24.691821	27.739205	20.641233	29.243353	28.853731	27.846639	24.143190	28.769023	15.205879	29.611984	22.770752	25.768130	14.516404	29.741790	29.863828	26.612045	25.659193	27.746899	25.577437	23.336939	24.325272	29.185329	28.506853	17.592218	22.653645	29.803722	29.333910	27.507142	25.663564	19.887632	28.784768	27.434662
25.238436	28.238161	28.235186	21.431807	16.314872	15.254913	23.051346	29.581907	26.528215	22.908317	22.781790	7.518743	16.371478	29.026156	26.416334	16.589617	29.628844	21.671750	25.171353	0.000000	13.878833	14.808997	17.675829	19.713949	28.913891	27.939242	23.684766	27.638349	29.269176	14.431595	20.761793	27.757292	26.378131	29.697172	17.701254	27.010572	28.938754	24.292504	27.479796	15.668018	25.920586	21.489120	27.282540	25.207402	29.769013	29.939762	25.488566	27.097621	14.622948	24.212573	29.873581	14.102449	22.878146	12.945100	23.951460	15.846416	25.435081	29.524457	22.913617	26.562468	20.649210	17.860983
29.786705	28.634846	29.709086	26.997366	27.178898	29.233658	28.989131	16.587127	26.426651	28.301849	21.957020	26.282133	21.971352	29.931288	21.547704	27.737286	26.733405	16.426890	29.777397	29.769293	0.000000	28.214671	15.704209	20.587721	27.246650	19.327773	27.224638	21.099503	20.428941	26.482088	14.979166	19.723447	29.607269	24.699443	29.817478	28.650676	28.595207	28.305609	22.006631	26.724501	22.319706	23.100609	24.805545	22.726204	16.481043	17.711798	29.402283	24.375449	20.816282	16.470319	29.561793	29.205269	29.922129	27.236231	16.609355	13.113739	18.798216	22.624033	28.347305	17.223979	19.625252	27.768388
26.744455	13.134993	29.522843	23.103508	28.589945	28.963565	29.109339	16.094759	28.425244	28.942920	26.419642	24.481258	26.008959	12.435774	11.779179	24.075359	29.919155	22.587292	7.173456	18.564352	29.207063	0.000000	11.790124	22.769744	26.840452	11.292604	18.453123	29.633989	22.890921	25.097731	22.457605	14.220563	23.357216	21.206141	27.112542	16.287578	29.264685	29.631029	9.341022	27.746005	27.612915	12.376061	26.566779	22.361460	23.327106	28.639043	27.443939	22.622688	26.109892	28.526025	21.673515	21.423909	27.126093	23.595706	25.249394	23.569951	28.263195	25.231195	19.916353	19.666893	15.874982	24.453156
28.993504	27.241317	29.827130	23.467573	29.773960	24.538739	16.171322	21.694982	28.091697	20.292107	19.949026	26.013716	29.447371	25.689214	25.149248	16.260259	16.991268	27.294147	22.895144	27.895117	29.565253	29.060564	0.000000	28.970363	11.938229	28.188689	25.440710	27.670507	21.855116	19.004118	26.700248	28.293894	14.294139	29.240498	29.804277	20.116677	29.788440	28.871664	27.677351	24.521465	22.725746	23.324148	21.214980	28.409599	27.482477	24.168555	20.974944	24.823274	28.877457	26.503813	28.253683	25.903155	18.449428	28.055244	23.745308	29.809822	25.267147	26.311046	29.783277	27.482403	26.137060	22.844047
24.884035	23.808413	29.636656	27.965152	17.703405	17.485438	25.643561	22.589116	22.857991	29.009995	29.882503	21.831064	21.079375	13.425421	29.238461	25.408431	28.248741	28.398341	23.593643	22.045777	28.008271	17.069131	29.089799	0.000000	26.026694	29.923883	24.596300	29.506909	20.439814	25.274106	24.827311	24.039861	20.031669	29.109685	28.573695	28.260622	28.473820	26.341683	29.635124	25.274822	28.952970	24.663184	28.640517	22.864758	28.513761	25.164169	28.304046	24.975428	29.757991	20.207960	27.588486	28.409444	28.829276	17.280024	22.816684	16.395409	27.023153	24.011052	23.800470	29.676463	22.278268	16.165864
28.098622	26.781558	23.688741	19.804061	25.431763	28.573122	25.563710	18.658200	25.241567	28.378837	29.408576	26.454733	10.212359	29.349102	14.758961	28.706236	18.918506	24.065195	11.416194	26.342872	22.594275	23.556230	18.860363	21.289476	0.000000	29.611315	26.153391	19.584377	21.581639	15.395965	18.388676	28.455118	11.999719	21.363132	10.497530	25.110252	26.696471	26.729034	26.212464	29.379195	19.049182	16.342851	21.419127	29.271800	29.883424	18.741883	26.672350	24.375118	29.619981	29.437527	26.736848	27.623570	22.813954	24.567734	29.750755	28.465338	29.850754	29.856255	28.502137	27.275592	25.902655	21.083665
25.594825	18.760558	24.818595	27.198624	23.194535	27.599132	14.064827	17.768391	25.610852	22.785224	29.810205	21.383116	27.903284	23.324760	22.179104	28.832237	27.917955	24.986618	27.232167	23.636144	26.469312	29.262560	9.770512	28.925955	27.702370	0.000000	26.568225	25.443945	17.595544	25.119665	29.401930	25.587883	21.547074	22.815180	29.931507	25.710186	27.651502	28.610216	20.093622	29.384049	24.575693	17.633201	24.463797	25.601635	29.536671	26.541141	25.294943	28.555887	28.153248	29.896619	26.922649	22.439102	26.366727	29.937081	29.932013	23.643225	26.470872	27.887437	27.810243	18.257449	28.350856	29.750875
22.292474	22.740392	26.556457	24.431339	28.465374	20.428393	28.092122	25.480758	29.864047	24.033990	20.732774	29.295683	28.203514	26.832751	24.742414	13.766971	25.629243	28.628764	21.982709	28.449226	26.251304	15.267441	21.481942	13.185450	20.167562	25.333956	0.000000	8.335162	29.167982	28.621249	29.862329	22.454335	24.245670	28.507183	27.633182	17.749340	25.871136	26.721175	18.930245	13.240910	25.360499	12.927642	29.764643	13.067081	27.741542	24.878952	28.881767	27.741849	22.028010	26.008246	28.716953	27.230357	28.651436	27.506490	19.287556	28.152884	27.309135	29.564568	14.945642	19.106466	13.427457	11.415515
28.710183	23.661126	20.808081	28.255852	29.790371	23.585401	29.320290	14.543033	26.636349	29.116925	24.275727	17.604514	27.745286	21.424546	23.730343	10.052218	25.333795	16.875584	26.455497	25.033054	27.684574	16.385073	20.925615	10.783889	29.104354	28.179024	27.285751	0.000000	17.373138	21.987974	8.672103	27.682106	26.105223	20.663053	13.742236	29.437797	29.168997	29.699437	27.922340	22.514105	24.265977	19.840192	29.242337	26.035861	27.853146	20.623009	26.548409	25.228004	23.891065	9.997274	20.944318	23.155479	26.295223	24.228748	28.367147	28.395709	9.359140	28.455485	18.748351	25.708761	28.110702	29.772176
29.418080	25.926744	15.252057	23.066999	28.825745	24.166919	23.097765	17.794400	29.728166	20.510310	25.817663	28.261136	29.723234	24.321722	29.129125	28.427366	24.735310	27.571934	28.223848	21.052253	21.675041	29.042113	20.242843	28.844280	25.963357	12.874774	24.000800	15.411237	0.000000	29.843877	23.037447	8.346040	20.439847	29.781804	28.232499	15.449135	28.795970	16.172888	28.704288	28.529456	17.735343	26.527481	22.953932	15.841959	29.680641	24.718903	29.516683	7.432241	24.545527	28.968821	29.208905	29.904590	29.362467	29.625407	24.414147	27.948586	18.519323	14.873482	20.830967	28.828734	28.378358	26.107061
29.915484	9.256531	21.734299	13.495623	29.753869	15.020959	28.121148	17.777079	29.304892	16.982419	29.925992	26.010992	21.687722	27.409706	18.931447	27.702091	29.915629	22.726306	28.365050	15.478083	15.512172	27.378287	26.660818	19.671059	29.730139	27.608558	24.927870	21.525507	29.678445	0.000000	29.053981	28.064516	11.430585	25.012663	29.022225	29.891933	24.382711	22.772025	26.504712	19.517769	23.946229	29.112601	28.114733	27.686158	29.561277	29.322791	24.828887	29.149937	29.792507	26.499779	19.278578	20.631338	29.925783	20.434759	23.838916	24.764845	10.300246	25.049104	26.095990	17.802310	13.933326	27.467295
24.661862	26.001191	25.643546	18.687448	28.439944	28.226012	26.801333	26.102873	18.066813	15.901217	12.880908	28.389723	23.044797	17.339156	10.677404	25.632504	29.018729	27.331694	26.611397	27.845391	27.987386	29.424189	24.723206	27.465538	28.575015	29.075970	27.482516	22.465397	15.040617	26.135872	0.000000	18.295899	18.800456	19.500744	17.090939	29.084556	23.170349	28.633794	24.673342	22.375507	29.712816	22.999536	27.761821	13.438196	19.748399	27.369389	22.165975	22.289355	29.307406	27.467501	16.236109	26.629408	18.222790	25.980362	29.249847	28.580070	28.994996	18.245489	24.130981	15.665672	11.651152	29.340598
14.556825	29.360559	15.764159	27.865092	27.175253	20.649330	21.474501	27.595874	28.629329	22.430118	26.835709	28.127405	25.150297	24.746600	12.816445	29.690675	29.130793	11.753325	29.314444	29.903002	29.650276	29.051453	26.434927	29.859665	28.605336	29.665057	29.850505	29.633393	28.425330	25.281396	25.108452	0.000000	29.522163	13.236754	29.906832	28.315948	16.853845	16.399330	28.309413	29.161431	14.321634	17.655751	27.756718	29.135069	29.771778	28.215507	18.052748	23.074144	9.626888	13.498312	27.578937	25.961337	25.871611	26.918146	18.001991	28.071361	24.552949	26.008541	28.763353	29.904261	9.572603	15.845049
21.783848	26.233596	25.160515	23.578058	15.090027	20.881888	20.018840	26.605945	26.867697	25.629170	28.869971	29.766622	26.621940	28.295628	29.280624	26.680733	24.898314	29.462490	18.747437	20.549055	29.726089	20.221139	29.841208	19.694262	25.649556	16.747703	25.201958	13.384485	14.810808	21.829542	23.160761	14.008157	0.000000	26.681162	24.912798	27.197856	26.775644	27.508951	17.120813	25.488134	25.653895	28.722679	22.390485	23.613059	27.153000	27.048710	12.978349	21.389443	29.524120	26.519990	27.371853	29.592844	15.586579	18.787858	28.040144	26.720631	8.816924	26.225498	29.614635	29.221522	24.439259	27.718304
22.185869	27.333253	25.042529	27.674470	9.282417	17.499437	20.369294	28.901399	19.667760	21.112011	20.981312	20.720346	27.973619	26.981572	18.489752	24.162554	19.150584	14.310809	29.417881	20.042281	27.182247	21.274077	15.935495	28.811558	29.712829	27.943224	25.573510	18.677986	16.230037	21.330159	26.846089	29.476681	29.718132	0.000000	24.951644	14.213817	25.191098	20.104641	28.101779	26.054722	16.545607	27.377203	15.698522	29.854210	29.570025	21.876670	29.380425	21.616618	19.250063	15.582074	19.427842	24.262651	27.345863	25.224519	27.844911	22.401727	29.026438	19.084116	20.120862	24.946768	29.772054	12.190976
29.310621	25.654997	29.066131	23.201059	28.192861	28.004660	16.940723	26.297426	28.647234	28.557295	17.310381	26.502400	11.445620	22.105257	25.405877	29.045995	28.898411	26.754649	21.870619	25.874933	20.007409	26.395062	28.244905	21.556436	28.605847	26.017348	22.870996	14.269031	23.305328	21.392528	25.613347	27.049852	20.887672	27.133983	0.000000	21.347330	29.530670	28.379209	22.314745	27.796639	26.233488	18.970944	15.382510	17.573543	26.816711	23.029230	26.396947	14.977090	21.486475	13.225096	24.411787	22.729505	27.697144	24.800170	19.448526	14.480206	18.849843	23.007727	24.334278	28.147494	15.564881	24.533751
29.589707	26.875680	26.766129	10.421713	11.520348	19.825891	25.280779	19.792094	26.058386	28.698470	27.341204	27.592046	28.415463	25.535624	27.504421	19.661788	25.722765	17.420278	25.426823	29.928875	27.629541	29.639717	27.826579	29.796524	24.708530	27.189340	26.789777	29.545025	28.015931	28.644288	27.304085	29.038959	29.886894	29.318609	26.045492	0.000000	22.420448	25.378994	26.638444	29.250164	25.843846	29.405334	20.032759	28.142240	29.737303	29.751460	20.357859	29.037303	29.601347	12.132995	24.037093	25.936719	28.163596	29.643954	24.137107	28.124444	28.616725	22.953848	29.217913	21.762491	12.347382	29.916984
29.267211	27.656023	27.541335	29.499704	19.938363	21.803992	21.858208	23.962850	29.254927	29.914234	16.523006	21.961780	26.911314	29.868443	19.292701	25.988352	23.619704	25.503542	22.096955	18.438778	26.389225	22.527790	14.018843	15.723663	20.826072	29.331527	25.377277	27.964887	23.822864	28.487957	11.273618	29.932763	25.849515	25.776716	29.425663	19.582225	0.000000	24.488804	25.014604	19.756611	27.674193	24.981427	23.005688	29.068617	28.449106	26.675442	17.082105	29.701643	28.595003	29.384837	28.765128	17.422202	23.118107	29.740504	7.447249	19.987147	17.583822	19.196455	27.432510	21.669506	27.461348	23.984078
25.665081	28.416332	26.894608	29.896666	27.419285	29.617498	29.915167	21.796078	24.522671	28.361792	24.928009	27.257255	21.157342	26.294215	24.442598	28.082362	27.042697	27.191677	26.277811	28.235005	28.275498	18.835651	24.161769	23.912323	27.664019	20.323187	27.480011	28.402621	27.332156	23.199989	18.979962	29.442391	20.053423	26.182129	27.214115	27.562971	27.358421	0.000000	28.342143	17.137665	23.972325	21.981055	16.224452	27.063966	18.382905	21.983586	23.634001	19.469443	26.776515	21.303099	26.429249	28.411218	27.712915	22.339059	9.842347	18.996358	28.893451	25.351651	23.742376	28.502974	27.010225	17.025616
22.840561	25.877586	25.341811	25.578688	19.094670	29.381399	24.800094	25.616275	24.468673	13.881335	27.349733	16.143079	29.849118	23.050293	27.238232	27.810210	26.721188	22.363513	19.414267	27.136317	27.664148	29.631697	16.876170	19.779284	24.078165	29.064828	23.944072	18.869302	29.457471	11.486157	21.522458	27.395772	20.909147	29.939470	19.088210	26.552580	28.914648	15.440083	0.000000	29.890208	9.681237	25.116264	27.549533	16.953473	27.515250	21.328856	25.665958	21.697119	20.134346	29.459800	27.310405	29.602608	29.802806	26.630296	18.681113	24.737071	26.567103	23.349083	22.096542	12.623700	20.811078	29.607573
27.732494	29.920488	28.040121	29.761598	27.670530	29.879872	27.064957	24.037409	12.547213	27.045940	25.454867	9.551594	29.191419	19.574295	22.817088	28.647212	29.915545	22.803655	11.785995	21.712356	25.628738	22.825047	8.414868	24.591213	28.851065	20.450169	20.687498	21.183040	24.113189	28.875944	24.436232	29.579970	29.649187	10.919339	16.396249	21.172359	27.328508	19.596858	23.293588	0.000000	13.651650	29.406306	18.057678	26.775432	26.206284	29.881291	18.065565	28.538151	23.585438	9.653357	18.219784	22.366825	29.244249	28.462341	27.277885	29.687046	18.799336	28.413354	29.509473	23.340550	19.118380	29.773953
29.397597	22.338940	21.745315	14.750985	20.784304	19.974025	26.604607	21.650812	9.867246	28.211455	23.068232	22.669868	17.325517	16.920168	28.844906	25.253220	29.631436	25.880898	25.696516	28.090993	29.836138	26.577599	22.425755	23.594727	25.138389	27.825241	15.609858	27.302618	15.764666	25.091943	17.323567	29.907156	16.049286	15.195650	29.840234	17.288316	26.312759	22.678516	16.813088	25.312225	0.000000	26.802821	27.186164	26.002388	25.932993	28.447516	27.169007	18.611518	14.123126	29.757715	21.063113	26.445508	27.268155	21.821734	22.792117	28.479438	17.288693	27.490642	29.027923	20.761117	29.232636	29.000435
25.575252	16.003765	26.820887	24.849134	26.759526	28.643621	19.249276	29.890332	28.739417	9.982607	23.525381	23.290666	25.419049	24.293210	24.617170	24.053166	15.304291	27.223691	29.790046	18.649263	27.149384	18.177131	23.810486	17.915181	27.204776	24.585369	28.359443	15.576317	13.340339	24.797384	20.581754	28.978864	26.453112	28.147227	21.479550	27.378085	23.301001	29.113656	28.314635	27.058496	23.656199	0.000000	25.951719	28.561465	13.665059	29.729874	20.507408	22.204372	26.307996	22.866773	29.056877	28.536989	29.502637	28.104257	28.797534	11.057152	10.091402	22.447445	25.604340	10.832331	22.509573	24.931523
26.933097	23.414212	28.228135	19.392093	18.322745	19.638736	23.956380	16.553404	24.410899	14.539604	29.296582	18.849119	26.194357	25.683971	29.828702	28.225384	27.191074	23.301345	29.154553	28.211716	19.250323	22.853409	28.832916	14.279935	26.225885	19.862852	27.341318	17.102998	29.246057	29.619438	26.295141	26.903589	29.120567	12.783467	28.521014	23.308976	28.674266	27.330252	26.818844	20.596184	12.536214	25.147206	0.000000	28.725823	24.648993	25.902828	22.793286	29.277862	21.460431	13.435985	25.793925	28.533141	25.662959	29.219269	21.866714	29.835993	29.871299	25.703549	27.386893	26.353509	24.030090	22.325060
14.634772	22.216986	28.819587	27.071639	24.071524	25.299650	27.294622	15.779418	29.830798	20.574384	29.885343	28.393063	19.329235	29.672672	27.085770	26.285329	22.801224	29.449107	16.554760	28.979400	15.935147	27.656054	27.228097	27.817226	13.966013	22.941320	24.900351	24.682657	22.896446	29.732502	29.539212	24.239063	27.546089	16.879247	19.335481	15.604016	22.417309	22.230639	28.984893	15.899528	9.318235	25.374173	17.429052	0.000000	29.086579	27.014929	28.952962	11.133853	22.904529	27.158275	27.388321	27.166466	29.753240	28.512058	28.900793	23.471431	17.420175	29.741439	13.294713	25.794254	27.405308	28.831059
23.367065	28.922313	19.274544	28.188757	26.847710	18.212258	27.773897	9.164228	23.116929	28.019112	21.765352	29.697070	26.785422	28.713017	18.077006	23.624098	28.854997	18.868702	29.087516	11.186304	19.353054	27.304525	21.290259	21.747803	27.934028	29.560109	13.278061	23.154973	28.539145	22.570697	29.136204	17.012003	29.637812	17.224069	28.486999	26.203875	28.593475	19.863115	20.982400	14.949692	29.562813	29.904254	25.951882	28.992677	0.000000	20.341989	22.891650	25.689442	28.469011	14.853357	28.586221	18.748605	28.724238	29.246326	26.225532	25.641984	27.975410	13.483927	13.507177	29.440414	25.210867	26.377452
17.020271	21.852372	16.576231	13.488137	26.541820	25.333149	29.624661	28.975942	25.406363	15.799956	25.478747	23.277391	22.986595	18.728902	21.824329	19.710314	20.995186	29.424489	14.232081	28.825622	24.842439	29.580781	18.673703	19.742152	27.977860	24.690576	12.661565	28.445482	14.224089	29.678585	29.702247	15.430792	20.434472	27.185841	18.452737	14.419112	21.685466	29.199169	13.487217	11.486247	21.317336	26.989768	28.400678	19.236319	28.051633	0.000000	22.512856	23.675171	22.795169	24.711149	29.802333	28.226077	28.409133	23.057980	27.610093	16.611661	29.859849	29.187183	26.361863	9.711074	29.358945	10.581160
29.458891	19.110360	27.112654	20.785524	8.739804	28.528823	27.975202	27.076861	25.644321	18.926845	28.644258	29.075469	27.652550	17.004599	28.636673	27.454929	21.677535	14.753867	29.211904	22.439846	26.267426	23.007978	29.417264	26.719872	12.817266	22.427778	23.489355	12.954500	20.067918	23.102952	28.240777	21.709449	29.358771	28.745911	22.715795	27.401723	24.961495	26.409128	24.759582	22.794586	27.413159	26.740808	22.085742	25.963751	26.403093	29.841109	0.000000	16.893694	24.512620	28.631799	15.046073	19.192376	19.684520	24.375119	17.313333	25.083973	17.522811	22.536522	13.591075	22.215470	26.957429	7.865901
22.448101	27.403154	19.925338	19.552903	26.415539	15.465083	29.530524	29.081463	27.333683	19.100793	15.839834	22.802453	22.367317	22.299626	26.930259	18.878273	20.396343	22.002637	15.251125	29.897201	22.224282	23.121038	9.891991	20.646238	28.629508	18.193718	26.345463	20.760548	28.331697	18.183850	23.759234	28.063029	26.657192	29.494249	16.738560	19.588894	17.751294	20.378492	19.665262	29.073837	27.582814	26.421976	18.142883	25.185786	28.241408	11.595483	28.995496	0.000000	26.845535	19.905019	29.009103	18.484095	15.525053	27.314165	12.204866	23.264089	28.976857	26.402850	25.426791	13.175178	23.792776	20.662395
29.783414	25.022194	22.830798	25.809869	13.236597	27.720057	25.430065	29.731912	20.848285	18.598316	17.879251	28.712612	24.470231	28.547038	29.084864	29.796823	24.308324	27.981675	18.549380	20.742272	26.303686	25.915956	23.029895	28.508237	19.727975	25.820645	28.441943	23.296688	19.541158	29.030862	23.345582	16.574419	19.522153	29.880795	24.646898	27.352743	20.087115	29.405206	10.405562	17.329746	26.428692	17.885631	25.526758	22.087978	28.340892	25.593690	28.815597	27.814534	0.000000	29.650084	26.916165	26.298662	27.526815	13.698935	21.220020	24.966949	24.279757	21.410114	20.365703	17.848655	27.832671	22.114803
20.899901	23.774001	27.606181	29.182849	29.031129	27.710632	26.225712	29.892685	25.595014	28.562575	29.323970	20.999112	21.523738	23.686069	28.112124	17.120239	14.442355	28.590016	28.866830	20.056310	24.997523	28.146575	24.017918	19.289551	8.877735	28.821160	28.935666	29.742455	22.804152	28.720882	18.266078	22.604195	19.046162	29.030512	27.368904	25.235600	15.746297	28.753897	18.693730	24.129870	18.692115	28.117636	26.125458	20.211435	20.768761	29.619929	26.327497	23.627764	29.795664	0.000000	27.480030	28.052324	29.805039	25.315108	16.318632	13.026900	8.687504	19.716992	29.883559	28.845672	22.839461	26.169311
14.918819	24.163656	23.905360	21.011640	27.635423	18.778469	27.317356	25.394503	19.930794	26.870505	19.850302	24.639646	24.315051	24.450843	23.962036	20.518689	27.710165	23.631999	25.993109	27.391237	24.891854	29.336165	26.128065	29.786842	27.984166	29.789524	29.468911	22.389491	24.457461	28.361507	12.464394	27.546773	8.194385	28.166047	16.923689	25.677270	28.789839	17.125199	19.654596	28.607274	16.360455	29.460770	28.873539	24.472062	27.760191	29.247491	23.650045	29.498979	25.521604	28.324701	0.000000	9.869928	20.408597	29.053182	28.605322	28.240980	26.235125	20.151963	24.311886	28.318024	22.511780	22.033907
28.970578	26.028037	29.215069	18.846486	20.708911	24.190818	29.738754	29.269670	27.065210	14.892462	26.832385	25.913740	29.112550	28.263337	25.203554	26.547360	19.645285	24.448466	26.504146	27.772662	24.415576	20.808288	29.747110	27.707647	24.575071	14.937533	21.060598	22.768666	27.915210	23.317582	21.392683	29.872518	21.138156	14.776547	27.394444	20.066363	29.743227	29.633434	25.663787	28.263934	16.720583	29.873852	23.333104	17.426090	17.868746	22.185970	29.332995	17.755873	26.981516	14.170893	19.877013	0.000000	20.940462	29.109283	20.418436	26.420357	16.018583	28.766546	19.458821	13.360807	28.851650	22.684438
23.114417	18.146342	11.923654	26.349859	15.405321	20.371063	17.689353	23.492336	21.914544	25.087618	25.330163	24.208209	28.034063	17.612795	18.788155	17.196806	27.451033	26.818872	29.229399	29.270790	28.741216	16.667889	18.338863	29.562296	27.025178	27.267241	27.503478	23.295759	13.350398	28.959517	17.517075	17.335538	29.489150	9.641108	28.132031	18.268462	28.975407	16.848014	29.445576	23.504123	17.925926	17.570537	22.069924	17.408235	29.842167	28.673209	29.205096	18.430564	27.384313	24.701491	29.044440	26.700289	0.000000	26.409169	18.585432	22.505816	20.245629	20.929530	27.714013	28.092707	28.935721	28.932630
29.173913	26.824344	23.292168	26.552299	17.550124	20.585445	28.770422	27.033792	29.554833	24.793919	27.794094	29.128091	25.364680	8.628098	26.457454	24.494186	18.862676	14.715146	25.259055	26.421802	27.486176	28.429280	27.130388	11.208225	26.993343	29.092095	13.774467	23.375377	26.609029	29.039309	27.841579	15.131329	23.430835	19.881408	26.562778	17.979096	26.849489	28.820243	28.723386	29.028857	29.800480	27.553727	14.419944	18.992826	13.165515	17.575990	22.642984	16.727189	25.899387	24.775217	26.666117	13.080304	25.503887	0.000000	26.355503	29.545354	27.388782	21.995241	25.605548	28.533932	29.412287	29.879487
13.144769	22.683524	28.722084	21.802987	26.099483	19.949558	28.515821	11.284578	16.438722	29.858427	15.142842	25.641355	11.194604	28.198342	29.509429	14.724817	29.857493	23.175353	10.450362	29.906598	19.096054	26.326202	16.351052	26.445285	16.507281	23.920832	28.299903	24.525574	14.280694	28.853264	28.734415	18.434999	29.578889	21.268621	29.611480	20.892356	26.061976	27.943657	22.274592	28.833489	27.543560	21.076372	28.514537	12.238989	26.813700	29.597923	25.637559	18.359979	16.282849	29.781253	26.260013	25.800608	17.839514	16.510522	0.000000	26.593141	28.457628	25.712537	27.980051	27.352409	26.836375	26.193642
25.583593	29.403713	17.457363	19.388766	23.500967	29.382404	15.860305	16.261355	23.233441	21.517785	11.774835	22.414444	28.250510	20.939630	13.501555	25.121875	16.967598	24.108573	26.573128	27.624376	26.725366	29.640210	17.780612	27.316659	27.594191	25.321676	20.486204	27.634544	14.614762	26.974494	24.105983	27.252986	18.261167	24.111294	11.242342	28.602248	13.013149	25.429122	27.136520	27.885180	23.909719	20.317020	25.098329	25.143855	29.685695	23.347479	29.758196	27.552630	27.325787	29.707491	27.909012	25.566576	27.768100	26.277686	26.328251	0.000000	19.532688	16.779133	28.253321	28.221975	23.849351	13.572635
24.523017	24.903555	26.585015	22.994303	29.632456	27.710949	20.150794	28.581207	22.153434	25.677935	26.514952	23.184877	27.288261	7.905443	20.408397	20.261698	23.110478	28.666357	28.418520	16.947210	28.002115	28.397688	29.422414	25.857153	28.933390	27.626035	24.580845	26.274866	18.585182	19.808035	29.811496	26.497536	27.149345	16.537699	18.798698	18.307876	25.591824	27.735227	29.568132	20.921217	29.091676	28.716526	29.717053	28.037659	28.545486	10.892597	13.619296	29.032618	23.019533	29.740348	29.310178	25.015211	24.778592	28.841341	26.217405	22.714165	0.000000	13.319812	10.143528	21.065409	26.190015	8.618938
22.828717	26.331833	29.410291	13.038220	22.540606	22.792708	28.369775	25.538698	26.529299	21.767200	21.360565	29.124421	28.546496	19.209400	16.428568	20.810414	26.017400	27.992563	27.349164	29.594896	29.806013	29.903965	29.842333	25.640204	29.571967	22.959825	28.184311	27.091497	26.854939	17.522574	25.964559	19.529711	27.053269	25.042756	27.864395	25.906428	20.605419	26.730781	24.293300	22.170929	28.771969	16.059338	24.077526	17.354022	19.184783	18.896495	27.225752	26.520701	25.106915	24.839419	19.546203	28.546932	23.850522	28.210078	20.949922	19.587205	19.083169	0.000000	14.648255	14.240686	28.936392	27.497137
26.232271	11.590407	21.493335	18.342511	22.018950	10.898466	10.599794	23.894541	29.774827	29.440019	27.143921	23.878234	26.645835	29.403960	28.487279	29.012832	26.504817	24.305313	26.668161	28.158564	29.833533	28.877366	25.733823	29.480653	25.372464	28.324772	29.706433	29.760530	24.882126	24.693713	24.765621	24.955527	29.242533	25.000323	28.991432	29.003458	28.425024	26.927245	9.984387	27.246924	25.513926	26.854926	27.358338	28.629420	26.744303	14.287988	29.538232	26.330266	21.010369	25.319875	28.867260	24.354338	17.061079	25.006962	28.162086	23.249843	27.516911	21.991439	0.000000	28.180672	18.682643	28.935905
29.806088	24.769254	27.652169	24.454255	18.086412	28.717713	28.420429	26.801733	17.006008	23.253096	29.767669	14.972099	29.088005	20.821315	13.829444	24.164384	22.571258	26.354792	26.989940	27.228007	14.984465	26.098269	26.227811	28.843916	26.855830	26.708762	13.399328	26.036590	22.731802	24.022184	29.827858	17.333934	28.363501	23.695582	17.472207	20.858670	21.695834	26.246789	29.855364	26.043081	11.960453	12.211438	16.499253	29.729070	21.091376	27.886422	22.882399	25.631768	27.013512	13.299276	20.663279	19.672598	27.690471	27.250637	28.129653	19.897287	29.205971	20.497857	13.057239	0.000000	17.177514	28.621017
28.553102	26.059417	18.964410	22.847750	15.688168	15.589141	25.674430	29.326281	16.761188	20.062089	24.202669	29.876209	17.375130	29.613580	12.409116	17.423218	28.241538	26.389640	29.035838	28.974387	26.157321	29.129577	28.156632	18.105120	20.419532	24.722461	9.663872	29.080696	28.998516	18.937825	16.326410	26.161080	28.989049	29.796915	26.671013	17.150782	25.919848	23.552559	16.517918	29.049311	24.596461	16.812691	26.036311	28.837755	28.333068	27.844388	27.423872	21.237241	27.342433	11.133887	25.817220	25.958573	29.573922	27.659922	20.369429	29.643758	22.622677	29.856359	24.346418	29.633570	0.000000	19.069551
28.950554	15.951477	29.380884	23.656350	28.025245	29.134164	27.044242	28.281053	18.895917	28.146587	18.765673	29.885282	25.957174	28.401143	22.748994	26.623682	6.882313	28.528746	20.206449	15.598532	29.525791	29.840653	22.780344	24.096042	17.742489	13.212031	26.930782	26.260942	14.303881	25.465756	29.466854	20.748760	26.048942	20.566085	14.577699	9.023563	20.793623	24.384075	14.024408	26.987832	27.121304	29.368074	23.374074	19.904695	25.632088	10.691092	7.544990	26.117599	27.667017	28.097564	29.000613	19.361595	27.517974	26.123043	12.580644	26.653945	10.355165	23.619549	19.381943	27.502717	11.332813	0.000000
