0.000000	38.671809	24.512029	32.964789	30.879213	32.622699	34.966331	36.184767	38.031546	29.551984	36.955648	24.098495	35.185228	36.419961	11.826399	35.033135	33.855358	34.756161	37.640204	36.796264	23.839065	35.630558	35.674817	21.443145	26.812208	19.158501	35.806023	36.384311	30.524647	37.840084	30.967179	35.105042	23.270013	37.285617	35.307315	28.327937	36.320583	35.296971	30.540988	29.141677	26.387417	32.106037	27.048835	38.532285	34.434100	38.655364	28.015528	37.713935	32.754808	28.546459	36.152517	37.222869	38.752079	28.705421	26.652403	14.710543	17.875699	38.429148	19.763139	17.802743	34.134953	36.559616
36.171781	0.000000	31.290367	33.305816	31.054616	26.997098	33.446413	34.646584	34.433265	38.731816	25.872453	33.085455	34.668913	38.429462	9.409600	26.979665	31.765554	15.405336	34.344804	36.378259	12.409562	17.018364	29.824974	17.834139	32.429592	33.966511	14.227963	33.291363	32.359908	16.099782	38.279713	33.716121	35.729678	27.553967	18.326701	38.569711	32.535961	14.058469	30.574898	36.279614	21.250996	34.776608	34.780829	26.685706	33.947975	32.076210	38.508976	22.738578	30.855024	33.666111	33.327472	29.021303	32.184605	37.568264	19.513050	38.397448	37.507594	31.624397	36.032070	36.065596	22.425294	38.714453
31.088840	28.281109	0.000000	37.040756	31.618200	15.374453	34.512107	38.416357	30.279733	37.756331	30.364065	35.844481	27.943814	24.964797	25.012428	21.111756	33.067129	29.605447	30.077950	29.801005	38.039939	30.851144	36.300186	29.826176	25.625713	36.137593	36.672181	37.536168	36.825540	37.089491	30.248625	22.508196	37.941496	29.871874	32.592500	36.326212	27.457698	36.545181	38.170128	37.415237	16.061067	38.716492	21.637412	22.635900	38.733999	26.623326	38.689742	38.412299	38.562613	36.921576	34.255219	29.265669	31.574369	24.397718	17.571020	38.360025	27.854213	29.546400	25.495226	38.298182	38.111927	37.935286
38.753227	21.557958	35.681537	0.000000	17.555492	32.877158	36.753243	25.434781	32.773048	34.300355	22.731419	33.802332	32.835153	31.452256	16.197513	37.959981	29.110204	37.688863	35.805600	38.085896	36.807796	21.038351	34.887910	35.416402	33.417555	30.540855	31.490588	22.454709	29.743938	38.208697	36.901556	31.604023	24.948346	37.020198	33.475995	33.313062	37.057164	33.360939	37.946750	38.413463	21.245934	37.126755	38.168054	26.017416	37.147165	34.080314	30.860845	16.691967	37.034120	28.028672	34.196587	17.111539	13.131115	31.458722	29.043987	29.404510	31.456196	38.729441	29.856790	34.007563	25.073173	31.010436
38.656531	36.179228	34.391878	37.111746	0.000000	37.230660	27.415376	37.860991	32.466685	21.993253	35.836901	32.739288	30.110524	38.506220	26.766272	38.203912	32.665111	37.739847	23.054764	24.437551	37.097663	32.996738	38.323661	34.628958	18.507318	33.039849	16.776992	27.820932	24.957066	32.780291	36.301111	26.967004	30.995442	35.959611	38.487169	33.922033	16.953445	37.987815	29.494241	32.736953	37.144940	19.356641	16.285628	30.010124	38.170311	33.172012	17.213361	33.574848	38.550694	25.853810	38.317854	21.967948	30.699196	35.458372	27.212137	38.293797	32.173548	16.035928	19.072403	17.767988	35.718512	25.649267
21.700234	28.639068	16.399848	38.650777	31.384001	0.000000	36.372034	11.827594	37.173995	38.705065	27.118529	37.178374	23.784303	32.098939	36.823611	32.763866	30.754139	18.787394	38.653064	23.344054	13.146798	30.139362	28.626944	32.438547	38.684488	25.049709	27.005904	37.985183	22.042509	34.492288	32.851276	31.925227	29.025778	35.683189	24.856324	38.263108	32.412825	35.401536	37.367022	29.403229	31.411829	34.620611	37.809984	31.152399	14.705538	31.821821	35.158312	37.580614	26.471781	25.762160	37.239971	24.517031	29.151342	25.478981	35.281188	36.924027	20.479568	35.173712	33.800513	27.858912	33.141063	18.701191
31.991026	36.177487	28.309354	23.949107	32.823594	31.170031	0.000000	32.895934	27.009244	31.185588	24.066898	38.029642	13.485574	32.147472	35.074523	34.895908	34.644779	34.490001	36.298084	31.046511	36.776570	31.759605	28.636012	33.538297	35.649698	36.232630	37.697219	32.010876	22.153515	26.245324	26.224966	30.084310	32.429521	30.635633	37.021172	34.157319	25.376613	33.169026	33.867689	38.270474	38.427849	38.001696	29.269673	37.446830	32.040287	32.528700	27.341493	31.089066	37.398276	36.944303	35.332815	30.668780	38.024676	37.870396	32.349173	32.437053	35.403772	25.489841	38.305984	31.713879	21.749939	37.588649
38.747307	25.240477	33.262013	25.865888	38.694970	29.707350	37.846437	0.000000	37.921019	29.587396	22.625580	34.712019	36.608171	30.906831	28.451440	19.929355	38.513372	20.969794	25.756897	36.853799	26.698270	20.748078	31.948584	36.013308	37.397214	34.003169	34.975477	30.498549	33.656219	24.993395	34.260217	38.134953	35.408197	36.059668	33.719756	38.701381	26.438850	25.872009	32.549637	18.782624	16.264667	32.735830	38.471183	17.094193	38.591951	36.695083	38.057403	30.413919	28.135500	32.676584	35.129733	15.907956	35.626599	28.052455	16.254024	36.982350	33.972981	38.523031	28.931650	30.501980	37.868689	36.720653
27.378531	31.340494	13.948873	29.101662	33.444731	37.966419	31.612681	25.594563	0.000000	37.842479	29.579814	35.848123	38.586214	11.107204	37.040758	38.131140	34.264837	28.491634	36.691955	33.973378	37.192588	37.666720	25.072753	35.935738	37.857878	21.288509	32.820473	36.465578	28.025312	35.240490	38.734353	20.222815	21.224694	19.399802	8.694736	29.533005	37.930582	18.538428	34.513156	37.432094	30.251101	33.014779	31.615039	15.727020	37.864805	33.701732	34.420099	37.664993	15.099527	22.133853	36.026238	28.715999	26.530901	37.965430	37.770064	23.815762	37.234700	23.990614	37.983744	38.284597	36.943976	37.680328
36.622811	34.980496	38.288435	33.995647	17.045647	26.857397	38.517080	28.418386	17.828173	0.000000	27.079147	38.627704	37.736193	33.926646	36.551339	27.650779	21.842011	21.911557	16.903928	20.154342	28.431895	35.205611	21.769349	22.942184	24.526715	35.680168	28.916510	27.516250	23.830532	33.279007	38.419829	26.686862	38.663678	32.739987	27.389470	36.535679	33.074389	25.385941	36.252002	35.773794	25.520437	29.883948	37.207910	22.027585	29.535404	31.764917	27.180618	37.381360	17.659133	33.380399	29.549571	31.812738	34.229211	38.488879	17.961676	37.160082	22.885790	38.249329	35.837297	35.022512	37.102052	26.363264
35.463691	38.556602	34.109347	37.798244	27.631012	35.120888	26.798148	31.852625	24.114650	35.679897	0.000000	34.888383	34.505343	33.653758	26.210992	25.967731	29.468092	38.704083	35.363482	34.801808	35.711122	37.868358	27.373121	36.268155	19.742651	38.065256	33.091510	19.041726	37.083034	19.099142	28.832591	35.959892	24.472782	38.268749	37.611885	37.549166	30.429859	33.416987	14.405581	32.964642	25.793133	37.756575	33.464509	31.270530	23.309785	34.296109	38.618821	38.419014	34.606502	38.537295	38.540684	32.492896	30.327654	38.189413	22.294758	28.167616	30.461085	34.222513	17.635862	18.034004	31.741614	34.890356
35.919991	28.880979	37.587312	35.563283	29.927908	37.796311	37.170196	35.360979	38.723003	20.167245	34.668407	0.000000	36.489351	38.657059	37.874122	18.956546	37.277103	35.388720	31.657492	14.396414	33.090309	34.512232	30.828485	36.616524	29.503191	28.808750	37.544023	30.059584	38.064455	21.747736	21.677025	26.845648	34.372727	37.694270	38.269675	36.355837	34.965981	30.945499	30.791112	25.067094	33.385901	34.956287	30.052286	34.246046	14.271050	30.947677	38.753964	33.348003	38.185339	35.627231	36.510222	18.359228	37.103909	36.991237	31.355179	25.296040	25.834697	32.991362	17.734131	38.545964	30.583893	26.389899
37.385942	30.603169	31.069430	20.536678	33.754499	38.557267	29.790813	38.289869	33.092349	34.472918	38.612694	37.870730	0.000000	22.521075	38.394063	36.427613	37.040949	32.874808	38.651276	25.076045	31.310247	9.339927	32.580000	36.677031	32.743114	38.281797	37.732790	27.928565	34.425827	32.075076	35.790332	16.120233	34.260593	36.992606	36.295645	36.234867	15.293685	31.440646	35.308182	31.307802	20.041526	36.791504	37.045969	34.831029	12.750564	34.637368	34.283263	36.035134	28.565548	24.760321	37.908403	35.785670	36.270437	37.941655	38.233184	29.874305	33.299722	10.903088	25.446124	21.406990	33.398673	37.671199
27.926818	37.438970	37.145188	35.070989	37.232412	37.830658	35.200329	33.470186	36.062172	15.032151	30.322731	33.239074	35.424764	0.000000	36.379931	8.776637	38.623306	27.239248	30.204215	37.401960	36.946740	38.302504	37.562713	34.926585	22.810609	35.069684	27.161310	33.423802	19.676041	37.975333	37.754499	26.629369	22.598586	31.391320	34.993576	32.510004	22.310405	36.898892	32.720193	36.632762	35.853082	36.754621	27.476698	34.914145	30.143414	29.327594	36.902906	31.911485	14.659969	29.418755	28.104651	10.426308	24.532913	34.695928	30.909084	35.426698	38.152428	35.908838	26.244640	37.913375	32.314351	37.413288
37.746804	30.136166	33.232432	38.412875	36.175937	38.139932	29.603491	37.653322	32.330328	28.583425	32.737793	19.851664	29.259129	16.799696	0.000000	38.424936	36.356778	36.409704	35.255928	31.131757	23.252702	13.793377	16.707840	32.450297	35.888679	36.534290	34.299311	35.377749	29.742812	36.991745	20.987894	37.346042	26.279352	32.896032	15.300931	29.628207	27.314358	32.863403	37.880379	33.831831	34.663799	20.714541	31.830579	35.046971	38.166382	29.955597	32.069230	28.036369	36.911666	36.071567	27.806661	25.217757	27.582455	24.297928	37.861253	35.571712	35.350742	24.741866	35.082203	38.752651	38.210226	31.059079
33.438203	21.885391	33.309154	30.966707	35.255793	32.599813	27.865056	25.522454	23.433139	38.660604	37.692425	35.408111	38.648364	35.506685	29.018079	0.000000	38.678717	37.245819	30.952485	37.731645	33.208200	27.265507	28.304585	33.697625	31.809827	37.962415	20.099385	31.291480	38.261460	37.307312	36.119530	33.258505	21.299109	28.679625	37.138852	37.447423	20.745539	25.915693	22.590374	38.552593	34.928654	30.705713	20.406147	38.249103	38.489946	27.092354	32.882537	29.327991	23.912893	30.253638	36.037047	34.299706	37.437852	29.792301	38.665177	38.567935	38.578890	35.226223	23.849117	18.939053	38.434279	30.190407
38.217150	28.475385	37.771276	33.825476	37.819064	38.458328	18.776381	37.403775	34.338143	27.140548	17.881071	31.889777	25.438287	28.981303	36.268790	24.524143	0.000000	26.139173	24.871743	26.421015	31.208396	31.578602	32.222202	15.426299	35.968558	13.831585	21.440795	23.969822	37.158068	34.945335	36.106223	38.002898	25.210582	34.130504	17.597941	38.027245	38.224985	34.159707	21.794733	29.528106	35.147716	32.619823	32.742321	36.653528	36.147994	37.845539	34.607808	38.297652	30.834902	13.263896	33.025042	36.437286	37.690690	23.661070	36.740208	27.420969	36.438410	33.598807	35.312137	35.064453	25.827044	12.331926
19.982121	35.806166	31.578316	33.768383	38.437356	35.567043	38.237147	26.297368	16.314677	36.312234	24.297026	15.654634	22.517739	26.699754	38.708033	30.842620	29.084162	0.000000	35.340698	17.397910	38.313958	25.047144	32.726602	37.338107	37.805731	37.626795	29.205396	25.150911	32.420545	22.002650	38.088446	34.331715	37.657332	37.807486	25.591490	25.107677	38.659428	36.903431	35.722616	32.620908	24.949965	35.206519	34.059252	38.746289	29.098683	38.744285	27.024038	30.298235	21.558829	32.114517	37.967677	32.345251	22.555315	37.939820	32.695485	23.208115	19.729248	33.137130	31.796287	38.448881	27.678011	38.493296
28.385120	37.090717	33.913388	29.739421	37.877934	30.481794	36.484494	17.439042	34.970450	38.748882	15.506997	31.106786	37.515950	36.107886	31.981114	11.556525	24.897662	17.661685	0.000000	23.549413	33.975537	17.984335	38.532814	34.209538	23.060891	35.685721	38.412734	36.953243	38.023048	26.450483	31.964759	35.910453	26.720135	37.857994	37.353520	36.049556	31.254402	37.243842	19.682544	38.335291	29.477396	33.358343	18.789824	38.503361	38.661374	34.451028	33.217293	35.920415	33.111438	30.210484	31.490158	37.782867	36.904388	22.772329	29.325768	38.583550	37.975247	35.609982	33.222953	25.744387	37.264227	35.516137
32.672505	36.556492	36.552640	27.743755	21.118446	19.746031	29.840703	38.296348	34.342486	29.655512	29.491687	9.729387	21.191738	37.576772	34.197626	21.474180	38.357121	28.054428	32.585648	0.000000	17.964310	19.168668	22.880587	25.519506	37.431414	36.169457	30.660844	35.779866	37.891430	18.680015	26.876234	35.933871	34.148160	38.445591	22.913507	34.967033	37.463606	31.447731	35.574575	20.280912	33.555740	27.817962	35.319172	32.632322	38.538609	38.759692	32.996368	35.079743	18.927775	31.344238	38.674002	18.253843	29.616447	16.755330	31.006153	20.511898	32.927117	38.221964	29.662374	34.386837	26.730463	23.120321
38.561517	37.070111	38.461017	34.949935	35.184978	37.845442	37.528834	21.470956	34.210983	36.638954	28.423790	34.023864	28.442348	38.748719	27.893816	35.907968	34.608162	21.263485	38.549465	38.538971	0.000000	36.526077	20.327771	26.650849	35.272702	25.019493	35.244202	27.313494	26.445264	34.282762	19.389000	25.531803	38.329187	31.974627	38.601361	37.090608	37.018788	36.643822	28.488026	34.596634	28.893389	29.904488	32.112007	29.419715	21.333601	22.927159	38.063774	31.555126	26.946785	21.319715	38.270305	37.808685	38.736862	35.259212	21.499737	16.973680	24.333832	29.287426	36.697809	22.295540	25.404663	35.948239
34.622470	17.001199	38.219874	29.908242	37.011975	37.495731	37.684476	20.833448	36.798723	37.469000	34.201908	31.692125	33.670163	16.095865	15.245718	31.166576	38.733011	29.239855	9.282316	24.031030	37.811007	0.000000	15.259889	29.476091	34.746764	14.615710	23.887013	38.363783	29.632988	32.490323	29.071938	18.406774	30.236738	27.451567	35.099061	21.083106	37.885614	38.359951	12.088838	35.919257	35.746936	16.018549	34.392419	28.947453	30.197752	37.075546	35.528148	29.285685	33.800850	36.929212	28.056714	27.733529	35.116607	30.545530	32.686693	30.512184	36.588905	32.663130	25.781575	25.458579	20.548885	31.655740
37.534495	35.265797	38.613858	30.379625	38.545015	31.766551	20.932580	28.084509	36.366853	26.268094	25.823878	33.676323	38.122153	33.256164	32.557026	21.047734	21.994230	35.334201	29.638456	36.112325	38.274785	37.621323	0.000000	37.504533	15.451653	36.492436	32.934405	35.821503	28.291847	24.600430	34.565231	36.628654	18.502040	37.854299	38.584268	26.040951	38.563763	37.376740	35.830365	31.744185	29.419123	30.193922	27.463011	36.778467	35.578047	31.287243	27.152217	32.134962	37.384240	34.310891	36.576589	33.533170	23.882228	36.319654	30.739232	38.591448	32.709680	34.061300	38.557078	35.577951	33.836026	29.572297
32.213633	30.820939	38.367236	36.203005	22.916292	22.634072	33.197053	29.242216	29.590350	37.555847	38.685555	28.260706	27.287433	17.377241	37.851660	32.892611	36.570190	36.763890	30.542859	28.538711	36.258834	22.095046	37.659176	0.000000	33.693127	38.739133	31.841079	38.199242	26.459341	32.718690	32.140188	31.120613	25.930884	37.684925	36.990934	36.585574	36.861619	34.100968	38.365253	32.719617	37.482012	31.927680	37.077455	29.599113	36.913333	32.576346	36.641799	32.331967	38.524338	26.159142	35.715305	36.778266	37.321856	22.368107	29.536867	21.222724	34.983323	31.083312	30.810654	38.418777	28.839737	20.925513
36.375820	34.670511	30.665990	25.636181	32.922822	36.990193	33.093663	24.152542	32.676559	36.738637	38.071922	34.247344	13.217029	37.994917	19.103882	37.162546	24.489581	31.153415	14.775732	34.102508	29.248896	30.494417	24.414299	27.559468	0.000000	38.334425	33.857171	25.351738	27.937755	19.928663	23.803567	36.837404	15.531269	27.654836	13.586263	32.506535	34.560342	34.602503	33.933657	38.033880	24.658778	21.154673	27.727337	37.894828	38.686746	24.260893	34.529109	31.554698	38.345645	38.109408	34.612620	35.760731	29.533332	31.804093	38.514969	36.850637	38.644446	38.651569	36.898282	35.310176	33.532524	27.292987
33.133951	24.285073	32.128904	35.210518	30.026102	35.729090	18.205131	23.000435	33.154702	29.496134	38.591944	27.680711	36.122900	30.194714	28.711341	37.325690	36.141895	32.346456	35.253949	30.597888	34.266220	37.882863	12.644934	37.447034	35.862759	0.000000	34.394291	32.938595	22.776636	32.518723	38.063318	33.124962	27.893001	29.534920	38.749003	33.283318	35.796897	37.038221	26.011099	38.040165	31.814398	22.825394	31.669518	33.142768	38.237777	34.359223	32.745670	36.967877	36.446548	38.703831	34.853192	29.047981	34.133395	38.756221	38.749658	30.607056	34.268240	36.102381	36.002432	23.633657	36.702407	38.515124
28.858130	29.438085	34.379053	31.627491	36.850683	26.444554	36.367403	32.986259	38.661657	31.113012	26.838660	37.925751	36.511631	34.736793	32.030265	17.819472	33.178515	37.062237	28.457053	36.829774	33.983947	19.762253	27.808670	17.066530	26.106835	32.796182	0.000000	10.786471	37.760406	37.052506	38.659433	29.067705	31.387091	36.904816	35.773176	22.975768	33.491713	34.592327	24.504780	17.138339	32.830550	16.732726	38.532951	16.913268	35.913479	32.207052	37.389821	35.913876	28.515708	33.669241	37.176422	35.251607	37.091592	35.609138	24.967420	36.446076	35.353606	38.273898	19.345593	24.732949	17.379877	14.774853
37.167657	30.630235	26.936167	36.579398	38.566264	30.532187	37.957611	18.824303	34.482496	37.694299	31.426008	22.788250	35.918327	27.734354	30.719856	13.009682	32.795974	21.844444	34.248332	32.406581	35.839718	21.209340	27.088347	13.957035	37.678022	36.479922	35.323330	0.000000	22.488668	28.463870	11.222736	35.836522	33.794804	26.748387	17.787447	38.109758	37.761719	38.448524	36.147572	29.145094	31.413384	25.682963	37.856679	33.704995	36.057981	26.696539	34.368633	32.658998	30.927956	12.938541	27.112564	29.975533	34.040813	31.365181	36.723500	36.760482	12.112298	36.837878	24.269268	33.281473	36.391460	38.542704
38.084227	33.563713	19.742334	29.860971	37.317283	31.285126	29.900806	23.034110	38.485722	26.550618	33.422477	36.586239	38.479336	31.485561	37.710095	36.801471	32.021067	35.693873	36.537959	27.252316	28.058689	37.597433	26.204307	37.341283	33.611119	16.664273	31.070038	19.948437	0.000000	38.635542	29.822707	10.800555	26.459384	38.555171	36.549160	19.997506	37.278732	20.934607	37.160024	36.933654	22.957644	34.341536	29.714574	20.506127	38.424188	31.999824	38.211898	9.617386	31.775340	37.502536	37.813392	38.714152	38.012221	38.352671	31.605232	36.181556	23.972727	19.252162	26.965799	37.321154	36.738016	33.797185
38.728257	11.979442	28.135416	17.468137	38.519001	19.443113	36.404986	23.011683	37.937674	21.982773	38.741863	33.672796	28.075109	35.483824	24.506337	35.862398	38.728445	29.419848	36.720785	20.034987	20.079126	35.443143	34.514179	25.463972	38.488276	35.741294	32.270390	27.865076	38.421344	0.000000	37.612799	36.331660	14.794366	32.380179	37.571683	38.697764	31.564529	29.479044	34.312055	25.265495	30.999380	37.688700	36.396679	35.841769	38.269637	37.960849	32.142229	37.737041	38.569029	34.305667	24.955796	26.707323	38.741592	26.452796	30.860434	32.059309	13.330824	32.427361	33.782849	23.044352	18.034866	35.558389
31.925969	33.660105	33.197034	24.190412	36.817756	36.540761	34.696114	33.791761	23.386826	20.582853	16.672215	36.752731	29.832224	22.444670	13.819161	33.182737	37.567156	35.382815	34.450189	36.047940	36.231793	38.092138	32.005395	35.556114	36.992644	37.641271	35.578097	29.082028	19.468565	33.834488	0.000000	23.683442	24.336732	25.243452	22.123282	37.652387	29.994785	37.068750	31.940832	28.965639	38.465847	29.773621	35.939735	17.393781	25.564110	35.431623	28.694341	28.854091	37.940930	35.558656	21.016465	34.473509	23.588781	33.633136	37.866404	36.999189	37.536426	23.618172	31.238593	20.277874	15.079950	37.983906
18.842161	38.009751	20.405393	36.073450	35.180259	26.730619	27.799034	35.724871	37.062968	29.036349	34.740624	36.413087	32.558384	32.035685	16.588750	38.437179	37.712254	15.212243	37.950043	38.712096	38.384871	37.609527	34.221699	38.655984	37.031903	38.404010	38.644124	38.363011	36.798834	32.728129	32.504205	0.000000	38.218992	17.132958	38.717054	36.657209	21.816298	21.227801	36.648747	37.751924	18.537639	22.854590	35.933129	37.717791	38.542190	36.527160	23.368615	29.870222	12.458973	17.471618	35.702941	33.608504	33.492328	34.847362	23.302896	36.340522	31.784949	33.669622	37.236500	38.713726	12.388686	20.510128
28.199571	33.961019	32.571614	30.522680	19.532540	27.031731	25.914272	34.443129	34.782041	33.178420	37.374547	38.535513	34.463840	36.630898	37.906253	34.539964	32.232121	38.141729	24.268085	26.600784	38.483032	26.176206	38.632085	25.494016	33.204816	21.678868	32.625274	17.324237	19.171013	28.258734	29.982372	18.131756	0.000000	34.540519	32.250875	35.209525	34.662852	35.612325	22.161963	32.995809	33.210434	37.183836	28.985033	30.567998	35.151446	35.016413	16.798380	27.688903	38.221527	34.331837	35.434813	38.310509	20.175467	24.320421	36.300103	34.591623	11.410247	33.950534	38.338724	37.829729	31.637746	35.883390
28.720100	35.384834	32.418848	35.826635	12.012959	22.652198	26.368034	37.415239	25.459701	27.329689	27.160463	26.822569	36.213968	34.929485	23.934438	31.279474	24.790071	18.523624	38.083971	25.944624	35.189314	27.539530	20.627236	37.298915	38.465863	36.174612	33.106353	24.178161	21.008604	27.612143	34.754064	38.160103	38.472730	0.000000	32.301173	18.398041	32.611213	26.025366	36.379906	33.729417	21.417197	35.441740	20.320408	38.648920	38.280964	28.319755	38.035472	27.983045	24.918875	20.169633	25.149060	31.409078	35.401161	32.654486	36.047319	28.999589	37.577137	24.704010	26.046368	32.294859	38.542547	15.778905
37.945092	33.211860	37.628532	30.034549	36.497838	36.254159	21.928786	34.043665	37.086152	36.969700	22.407411	34.309062	14.813833	28.615725	32.889304	37.602460	37.411370	34.635669	28.311920	33.496629	25.899472	34.170083	36.565224	27.905122	37.032564	33.681025	29.607190	18.469530	30.169554	27.692897	33.157933	35.017892	27.039219	35.126823	0.000000	27.634376	38.230007	36.739117	28.886966	35.984817	33.960880	24.557477	19.911241	22.748150	34.716025	29.812067	34.172523	19.386312	27.814539	17.117864	31.602176	29.423989	35.855993	32.105047	25.175840	18.742956	24.400678	29.784226	31.501819	36.439098	20.147371	31.760093
38.306447	34.792377	34.650533	13.488097	14.910589	25.664446	32.727331	25.620686	33.734161	37.152490	35.395129	35.719915	36.786059	33.057299	35.606459	25.451968	33.299605	22.549704	32.916425	38.745595	35.768462	38.371200	36.023583	38.574230	31.986394	35.198499	34.681152	38.248594	36.268753	37.082336	35.347067	37.593349	38.691240	37.955435	33.717466	0.000000	29.023829	32.854497	34.485208	37.866813	33.456379	38.067725	25.932295	36.432295	38.497551	38.515882	26.353227	37.591205	38.321519	15.703832	31.117029	33.576628	36.459946	38.376686	31.246525	36.409253	37.046649	29.714465	37.825056	28.171919	15.981416	38.730199
37.888886	35.802750	35.654255	38.189913	25.810072	28.225654	28.295852	31.020901	37.872981	38.726638	21.387934	28.429954	34.838515	38.667349	24.974082	33.643482	30.576602	33.015759	28.604976	23.868439	34.162525	29.162812	18.145591	20.352960	26.959460	37.972161	32.852274	36.202661	30.839650	36.879923	14.591127	38.750630	33.463718	33.369460	38.094046	25.348952	0.000000	31.701896	32.382692	25.574743	35.826277	32.339735	29.781586	37.631750	36.829619	34.533113	22.111844	38.451379	37.018523	38.041186	37.238799	22.552196	29.927143	38.501696	9.636819	25.873237	22.761458	24.849464	35.513350	28.051524	35.550689	31.048387
33.224917	36.787183	34.816885	38.703892	35.496227	38.342431	38.727846	28.215406	31.745746	36.716566	32.270571	35.286433	27.388383	34.039508	31.642069	36.354766	35.008627	35.201524	34.018268	36.552406	36.604835	24.382302	31.278457	30.955479	35.813104	26.308336	35.574853	36.769431	35.383413	30.033163	24.569153	38.115706	25.959050	33.894381	35.230576	35.682269	35.417422	0.000000	36.691125	22.183783	31.033168	28.454911	21.001372	35.036166	23.796096	28.458188	30.595114	25.202923	34.663980	27.577106	34.214347	36.780563	35.876413	28.918448	12.737944	24.590383	37.404949	32.819094	30.735435	36.899367	34.966584	22.038704
29.567782	33.500064	32.806353	33.113057	24.717676	38.036734	32.104949	33.161723	31.675831	17.967549	35.406172	20.896011	38.642328	29.839340	35.261803	36.002389	34.592344	28.950110	25.131483	35.129845	35.813271	38.360815	21.845203	25.604101	31.170209	37.626844	30.996587	24.425872	38.135231	14.866318	27.861128	35.465783	27.067025	38.759313	24.709310	34.374033	37.432394	19.985785	0.000000	38.695530	12.529343	32.514320	35.664870	21.945294	35.620480	27.610456	33.226052	28.087276	26.063828	38.138246	35.355251	38.323152	38.582364	34.474659	24.182209	32.023347	34.392838	30.226208	28.604442	16.339187	26.940047	38.329579
35.901764	38.734736	36.300073	38.529008	35.821534	38.682147	35.037450	31.117439	16.240153	35.012827	32.952736	12.361483	37.790752	25.338685	29.537391	37.086123	38.728336	29.519998	15.254542	28.107004	33.177860	29.547696	10.889673	31.834494	37.350068	26.472749	26.780038	27.421656	31.215557	37.382281	31.633827	38.293840	38.383461	14.132413	21.223811	27.407827	35.378691	25.367899	30.154354	0.000000	17.670157	38.068983	23.374997	34.662579	33.925657	38.683984	23.385210	36.944913	30.532236	12.493244	23.584889	28.954398	37.859155	36.846756	35.313145	38.432480	24.335282	36.783327	38.202562	30.215159	24.748374	38.545006
38.057707	28.918293	28.149679	19.093555	26.905380	25.856247	34.441397	28.027318	12.770183	36.521913	29.862567	29.346772	22.427010	21.902172	37.342093	32.691647	38.360477	33.504353	33.265619	36.365942	38.625521	34.406428	29.030700	30.544262	32.542966	36.021850	20.205607	35.345169	20.406050	32.482829	22.424485	38.717475	20.774570	19.669299	38.630825	22.378843	34.063518	29.357970	21.763526	32.768045	0.000000	34.698041	35.194386	33.661656	33.571804	36.827560	35.172171	24.092100	18.280615	38.523980	27.266378	34.235398	35.300547	28.248625	29.505058	36.868893	22.379331	35.588618	37.579060	26.875359	37.844119	37.543469
33.108608	20.715630	34.721432	32.168444	34.641983	37.081474	24.917856	38.695691	37.205509	12.919551	30.454475	30.150570	32.906360	31.448645	31.868102	31.137841	19.809965	35.242975	38.565842	24.140970	35.146765	23.529664	30.823623	23.190496	35.218484	31.826927	36.713525	20.162179	17.267078	32.101439	26.643123	37.515539	34.245245	36.438752	27.805572	35.442882	30.163952	37.690066	36.655509	35.029083	30.623855	0.000000	33.596050	36.975099	17.687519	38.487933	26.546861	28.744058	34.057351	29.601722	37.616550	36.943408	38.193710	36.383115	37.280757	14.310852	13.060416	29.058784	33.146271	14.019758	29.139225	32.275121
34.866720	30.310535	36.543510	25.102773	23.718202	25.422121	31.012524	21.427293	31.601027	18.819863	37.926915	24.399740	33.910213	33.249376	38.615893	36.539948	35.200744	30.164397	37.743018	36.522251	24.919211	29.584418	37.326569	18.483649	33.951035	25.712302	35.395277	22.138897	37.861495	38.344943	34.040707	34.828513	37.699013	16.546051	36.922725	30.174277	37.121153	35.380949	34.718787	26.661807	16.225912	32.554382	0.000000	37.187906	31.909306	33.532747	29.506572	37.902676	27.780817	17.390918	33.391741	36.938426	33.222169	37.826811	28.306865	38.625333	38.671047	33.274724	35.454286	34.116281	31.107962	28.900322
18.943084	28.760390	37.309311	35.046101	31.161610	32.751764	35.334815	20.425151	38.618607	26.633581	38.689231	36.757056	25.021385	38.413869	35.064398	34.028002	29.516851	38.124401	21.429049	37.516233	20.626785	35.802790	35.248680	36.011472	18.077188	29.698243	32.234759	31.952894	29.640141	38.491335	38.241068	31.378537	35.660410	21.849188	25.029473	20.198043	29.019764	28.778068	37.523345	20.580667	12.059335	32.848255	22.561064	0.000000	37.655007	34.972674	37.482002	14.410163	29.650608	35.158276	35.456135	35.168881	38.518187	36.911128	37.414455	30.384621	22.549571	38.502907	17.208002	33.392167	35.478130	37.324165
30.249490	37.442318	24.950573	36.492524	34.756163	23.575144	35.955372	11.859929	29.925619	36.272871	28.175623	38.445459	34.675513	37.171326	23.400023	30.582291	37.355159	24.425096	37.656219	14.478074	25.052226	35.347638	27.560481	28.152900	36.162706	38.268124	17.186441	29.974877	36.946200	29.218369	37.719260	22.021077	38.368733	22.295657	36.878682	33.922537	37.016545	25.712643	27.161871	19.350837	38.271626	38.713717	33.596261	37.533425	0.000000	26.332679	29.633932	33.256459	36.855392	19.226105	37.007154	24.269597	37.185855	37.861844	33.950579	33.195011	36.216287	17.452993	17.483097	38.113146	32.636809	34.147281
22.031783	28.288295	21.456848	17.458444	34.360101	32.795138	38.351705	37.511756	32.889934	20.451742	32.983655	30.133382	29.756865	24.244086	28.251986	25.514799	27.178427	38.092526	18.421688	37.317125	32.159775	38.294891	24.172616	25.556022	36.219459	31.963147	16.388214	36.824926	18.411340	38.421525	38.452162	19.973757	26.452424	35.193967	23.886513	18.663852	28.072188	37.800786	17.457253	14.866436	27.595540	34.940096	36.766915	24.901079	36.314979	0.000000	29.143477	30.648419	29.509010	31.989784	38.581751	36.540846	36.777862	29.849293	35.743281	21.502722	38.656223	37.785267	34.127096	12.567975	38.007662	13.694546
38.137069	24.737990	35.099206	26.906961	11.310394	36.932835	36.216017	35.052862	33.198038	24.500378	37.082298	37.640622	35.798254	22.011492	37.072477	35.542378	28.061919	19.097287	37.817275	29.048945	34.004822	29.784551	38.083171	34.590640	16.589813	29.033319	30.407828	16.767501	25.977817	29.907522	36.559879	28.103241	38.007436	37.213917	29.406238	35.473488	32.313927	34.188295	32.052495	29.508255	35.488294	34.617747	28.590458	33.611630	34.180481	38.631958	0.000000	21.867894	31.732733	37.066166	19.475630	24.844183	25.481402	31.554699	22.411234	32.472509	22.682462	29.174118	17.591725	28.758426	34.898225	10.178880
29.059633	35.475340	25.793208	25.310986	34.196595	20.018156	38.229818	37.648383	35.385391	24.725603	20.503376	29.518441	28.955035	28.867390	34.863045	24.437489	26.403056	28.482854	19.741127	38.704585	28.769836	29.930939	12.802224	26.726615	37.063199	23.551140	34.105862	26.874622	36.677600	23.538363	30.757263	36.329734	34.509483	38.182850	21.667029	25.357586	22.978298	26.379943	25.456466	37.638509	35.707961	34.204930	23.485319	32.604336	36.560695	15.007872	37.537074	0.000000	34.753346	25.766900	37.554692	23.927115	20.095804	35.360119	15.796889	30.116159	37.512940	34.180166	32.916384	17.053231	30.800693	26.747536
38.557256	32.392520	29.555142	33.412386	17.132754	35.885661	32.920622	38.490571	26.988222	24.075006	23.143974	37.170801	31.677848	36.956419	37.652786	38.574617	31.468214	36.224399	24.011644	26.850959	34.051771	33.549745	29.812929	36.906181	25.537666	33.426338	36.820345	30.158367	25.295779	37.582866	30.221675	21.454502	25.271172	38.683342	31.906593	35.410069	26.002674	38.067558	13.467185	22.432486	34.213626	23.152234	33.045819	28.593353	36.689506	33.132481	37.304145	36.007988	0.000000	38.384622	34.844796	34.045266	35.635455	17.731380	27.469537	32.320989	31.431226	27.715667	26.363385	23.104358	36.031471	28.628085
27.055053	30.776383	35.738216	37.779655	37.583211	35.873457	33.950812	38.698738	33.134196	36.976537	37.962376	27.183510	27.862785	30.662530	36.393301	22.161219	18.693947	37.012066	37.370480	25.962788	32.360576	36.437908	31.092202	24.970003	11.488984	37.311347	37.459608	38.504222	29.520641	37.181510	23.644830	29.261741	24.654868	37.582412	35.430994	32.668834	20.382266	37.224256	24.198545	31.237156	24.196455	36.400438	33.821004	26.163641	26.885256	38.345578	34.082600	30.587038	38.573116	0.000000	35.574878	36.315874	38.585256	32.771779	21.123314	16.861243	11.242677	25.523446	38.686921	37.343085	29.566358	33.877785
19.310864	31.280901	30.946464	27.199731	35.776077	24.308264	35.364251	32.874578	25.800272	34.785677	25.696053	31.897203	31.476924	31.652745	31.019847	26.561468	35.872852	30.592521	33.649641	35.459910	32.223758	37.978166	33.824379	38.561694	36.227624	38.565166	38.150043	28.983746	31.661314	36.716198	16.132921	35.661296	10.604195	36.463120	21.906730	33.240699	37.270794	22.167642	25.442656	37.034412	21.177466	38.139503	37.379167	31.680219	35.937625	37.863352	30.615888	38.188975	33.039146	36.668542	0.000000	12.773657	26.418922	37.611765	37.031884	36.560141	33.962998	26.086638	31.472826	36.659896	29.142084	28.523343
37.504811	33.694865	37.821373	24.396332	26.807764	31.316070	38.499431	37.892069	35.037777	19.276737	34.736320	33.546876	37.688633	36.589089	32.627340	34.367274	25.430601	31.649667	34.311323	35.953772	31.607082	26.936435	38.510249	35.869592	31.813593	19.335094	27.263121	29.474694	36.138340	30.185420	27.693098	38.672626	27.363541	19.126652	35.464063	25.975804	38.505223	38.363064	33.223241	36.589862	21.643752	38.674353	30.205518	22.557230	23.130372	28.720230	37.974062	22.984227	34.929412	18.342464	25.730638	0.000000	27.107571	37.684404	26.431662	34.202833	20.734817	37.240634	25.189171	17.293579	37.350825	29.365638
29.922366	23.489798	15.432781	34.111554	19.940777	26.370324	22.898098	30.411689	28.368794	32.477229	32.791272	31.338588	36.292230	22.798972	24.320805	22.260357	35.537333	34.718823	37.839928	37.893519	37.207838	21.575526	23.739071	38.270956	34.985944	35.299363	35.605238	30.157165	17.280103	37.490489	22.675035	22.439984	38.176248	12.477385	36.419076	23.647917	37.511064	21.808748	38.119829	30.426951	23.204408	22.744257	28.569977	22.534112	38.633327	37.119784	37.808461	23.857804	35.450946	31.977279	37.600446	34.565285	0.000000	34.188348	24.058324	29.134361	26.207914	27.093417	35.877834	36.368160	37.459678	37.455676
37.768085	34.725908	30.152515	34.373670	22.717826	26.647902	37.245653	34.997097	38.261294	32.096953	35.981522	37.708756	32.835964	11.165759	34.250867	31.708864	24.417294	19.047151	32.699203	34.204704	35.582836	36.803949	35.122168	14.506457	34.944725	37.662149	17.829178	30.260252	34.447122	37.593803	36.043005	19.586017	30.332059	25.736328	34.387238	23.273252	34.758466	37.310160	37.184751	37.580270	38.579353	35.670299	18.664929	24.585809	17.040719	22.751317	29.311964	21.652306	33.528292	32.072738	34.521039	16.930389	33.016206	0.000000	34.118862	38.249020	35.456732	28.473279	33.147835	36.939450	38.076727	38.681649
17.013858	29.364454	37.183065	28.224351	33.787373	25.824567	36.916001	14.605318	21.278804	38.654381	19.600923	33.194197	14.488821	36.504934	38.202505	19.059673	38.653172	30.001264	13.525191	38.716752	24.719467	34.080924	21.165291	34.235111	21.367574	30.966497	36.636433	31.749505	18.484631	37.352915	37.199032	23.863545	38.292441	27.532465	38.334638	27.045284	33.738808	36.175173	28.834977	37.327311	35.657135	27.283544	36.914338	15.841071	34.712127	38.317085	33.189282	23.766412	21.076983	38.554457	33.995224	33.400394	23.092523	21.371770	0.000000	34.426551	36.840653	33.286362	36.222296	35.409637	34.741486	33.909288
33.119408	38.065625	22.597721	25.098465	30.422864	38.038035	20.529881	21.049153	30.076476	27.855078	15.240093	29.016055	36.572481	27.106493	17.475817	32.521585	21.963583	31.209580	34.400638	35.761774	34.597754	38.371837	23.016258	35.363349	35.722692	32.780283	26.519407	35.774939	18.917177	34.920320	31.206227	35.280906	23.638471	31.213103	14.550632	37.027905	16.843438	32.919401	35.130108	36.099458	30.952108	26.300351	32.491098	32.550044	38.430731	30.224131	38.524603	35.668880	35.375167	38.458951	36.130316	33.097375	35.947865	34.018106	34.083577	0.000000	25.284812	21.719562	36.576120	36.535535	30.873945	17.567850
31.746194	32.238908	34.416030	29.766845	38.361798	35.873868	26.085124	37.000661	28.678104	33.241560	34.325314	30.013596	35.326579	10.230079	26.418663	26.228720	29.917266	37.110912	36.790017	21.937185	36.250864	36.763045	38.089840	33.473608	37.456661	35.763923	31.821069	34.014455	24.058000	25.641327	38.593615	34.302764	35.146713	21.406957	24.334456	23.698949	33.130066	35.905303	38.278512	27.082652	37.661606	37.175869	38.471332	36.296886	36.954410	14.097789	17.628266	37.585140	29.799513	38.501494	37.944519	32.383478	32.077108	37.337477	33.940056	29.404128	0.000000	17.240500	13.127908	27.269350	33.904591	11.153899
29.552448	34.088215	38.074143	16.875900	29.179406	29.505823	36.726903	33.061279	34.343890	28.178015	27.651512	37.704003	36.955717	24.866225	21.265657	26.939188	33.681092	36.238496	35.405435	38.313166	38.586517	38.713342	38.633542	33.192706	38.283477	29.722203	36.486768	35.071812	34.765523	22.682155	33.612675	25.280958	35.022317	32.419143	36.072547	33.537408	26.673763	34.604764	31.448762	28.700755	37.247656	20.787586	31.169382	22.463917	24.834351	24.461081	35.245643	34.332757	32.502214	32.155866	25.302311	36.956283	30.875461	36.520130	27.119820	25.355400	24.702783	0.000000	18.960542	18.432830	37.460548	35.597029
33.959303	15.001299	27.823421	23.743794	28.503977	14.105387	13.718673	30.932456	38.546138	38.112635	35.139691	30.911342	34.494778	38.065945	36.879045	37.559521	34.312191	31.464315	34.523685	36.453431	38.622149	37.384122	33.313923	38.165247	32.846042	36.668634	38.457582	38.527625	32.211162	31.967209	32.060314	32.306200	37.856933	32.364201	37.531812	37.547383	36.798438	34.859143	12.921855	35.273056	33.029204	34.765505	35.417313	37.063086	34.622273	18.494075	38.239798	34.086186	27.198085	32.777951	37.371037	31.527793	22.084621	32.372797	36.457991	30.097714	35.622631	28.468356	0.000000	36.482055	24.184190	37.459917
38.586613	32.065017	35.797760	31.657163	23.412202	37.177406	36.792489	34.696633	22.013315	30.101925	38.536869	19.379849	37.656853	26.953302	17.900362	31.281844	29.219094	34.117941	34.940319	35.248564	19.395860	33.785800	33.953529	37.340811	34.766676	34.576255	17.343456	33.705939	29.426964	31.097725	38.614801	22.437908	36.718779	30.674848	22.616941	27.001669	28.085612	33.978101	38.650415	33.714344	15.480428	15.805399	21.357178	38.486892	27.302972	36.101067	29.621954	33.181784	34.970840	17.213910	26.748680	25.465964	35.847354	35.277865	36.415997	25.756888	37.809593	26.534495	16.900525	0.000000	22.235378	37.052207
36.964271	33.735496	24.549017	29.577091	20.307002	20.178784	33.237022	37.965368	21.696328	25.970271	31.331414	38.677404	22.491247	38.337358	16.061349	22.553511	36.560864	34.163062	37.589308	37.509743	33.862260	37.710679	36.450929	23.436425	26.433081	32.004431	12.506859	37.647389	37.540985	24.514595	21.133385	33.867127	37.528727	38.574736	34.527378	22.200766	33.554784	30.489664	21.381346	37.606753	31.841288	21.763013	33.705578	37.332834	36.679375	36.046642	35.502166	27.491835	35.396720	14.410206	33.421903	33.604925	38.286009	35.807799	26.368208	38.376431	29.285670	38.651703	31.517537	38.363240	0.000000	24.685151
37.478885	20.647929	38.036068	30.624050	36.280812	37.716619	35.010628	36.612028	24.460333	36.437923	24.291696	38.689153	33.603113	36.767517	29.449223	34.466095	8.905350	36.932736	26.157185	20.190942	38.223690	38.631368	29.489815	31.193355	22.966898	17.100947	34.863722	33.996426	18.514654	32.966835	38.147379	26.859359	33.721933	26.622835	18.869188	11.677799	26.917447	31.566295	18.152797	34.937590	35.110407	38.019481	30.258566	25.766479	33.182199	13.836883	9.763371	33.810829	35.816986	36.374449	37.543699	25.063285	35.624008	33.817878	16.283440	34.505279	13.401931	30.576401	25.089631	35.604253	14.667772	0.000000
