23.888970	27.945031	11.815580	23.791885	21.615901	27.462596	15.460810	31.890776	16.094624	23.809945	23.429156	25.420938	31.342908	27.913452	28.994675	23.153837	22.332120	22.350630	14.148576	31.461647	27.188478	32.231979	28.326675	18.414823	11.868830	25.482473	31.140631	28.036544	30.787375	27.531105	30.152678	32.273055	22.762485	31.204761	30.956063	31.808426	28.599419	18.867315	20.068617	28.166010	24.812310	30.333260	14.356149	18.526556	31.227767	16.465577	25.821090	17.643083	27.647756	27.798512	7.636420	14.924658	32.089900	30.413341	25.174227	31.831170	27.828773	17.878286	29.474788	25.884136	29.688066	26.393255	24.277736	27.730529	29.830633	24.079768	31.147958	14.121035	23.578050	28.946952	24.559953	18.785415	27.398997	17.729639	27.299228	28.000289	22.009413	21.204473	31.754241	25.295460	31.812517	28.448971
23.154075	26.275207	32.168104	29.703475	19.059309	27.755603	25.965299	27.545180	25.440966	32.122715	30.241926	32.263198	13.252958	32.325052	27.312812	31.537995	30.819902	32.284379	23.362739	32.267065	32.280618	32.442443	32.212578	13.721841	15.228804	32.249029	29.114492	28.525490	25.673711	32.488116	28.665714	25.507652	27.568102	27.103116	31.571841	22.856573	23.836498	32.204990	27.434430	24.304981	29.226308	29.043680	32.105576	29.802073	24.168387	24.104361	26.038911	12.223276	28.119241	27.547074	20.609017	19.035173	32.440695	29.475065	23.066057	29.276254	23.891269	30.876164	24.794268	27.977914	21.571711	24.467446	16.954202	31.855965	31.857130	26.940405	32.157807	30.458527	30.855099	31.762151	21.399377	29.934768	31.028924	24.778747	31.649880	29.171557	17.895447	18.188734	27.330110	28.830152	25.343983	27.608087
26.936711	14.554150	20.440624	28.202030	25.763384	22.765939	31.627213	28.590288	22.523558	26.906161	31.435096	29.795891	28.763858	27.388199	16.574575	31.622076	25.839607	32.485144	25.628388	30.413525	28.467817	26.301014	27.064510	18.480758	32.133357	29.611175	20.447011	28.279645	20.661498	32.132877	32.005256	32.358533	32.069999	27.098786	27.643250	32.433291	23.023830	24.101403	20.983241	19.076214	15.468312	32.447095	7.359234	30.704737	28.868552	31.889176	23.786980	30.257826	26.479369	24.739232	23.952076	22.420399	30.076769	18.788224	9.966461	31.799514	29.135826	29.517831	22.476915	31.995747	31.022431	31.824927	31.513115	28.798071	26.892506	27.293237	16.524052	30.352404	23.322041	28.403609	31.487784	32.077209	27.244665	25.163766	29.875671	31.204932	26.484293	22.932854	31.508337	27.738035	25.858633	17.959626
28.682096	9.149563	9.447752	31.762165	28.759904	24.916882	30.089695	29.271143	17.776719	27.272164	22.604461	19.540596	26.483562	31.597351	32.185215	24.340225	15.997154	25.043798	27.866014	25.637188	25.258624	19.024302	24.865912	26.869626	28.265390	30.939528	28.513168	18.210687	28.178800	28.756871	27.061394	13.727292	27.997113	27.565803	20.114145	31.418602	25.195450	17.533841	27.960370	32.468285	13.454920	31.383637	24.203378	18.888105	22.239101	31.860320	17.449558	30.805741	31.103371	20.048974	26.376856	21.710588	31.561890	31.483365	31.807517	30.151253	15.367439	31.711093	31.243591	31.930665	11.807866	24.325218	19.771138	30.958586	31.215736	25.565576	27.918592	21.572501	30.292880	24.860096	26.092548	32.482606	23.586228	14.858624	12.520067	30.183759	29.740320	24.373946	27.322034	32.506510	30.709983	28.990570
28.722640	25.431220	28.150300	31.671881	16.102127	30.922725	19.980531	31.515765	28.280872	24.293372	29.715007	30.932476	28.434577	31.501676	31.609377	30.409982	16.263025	26.501281	31.844138	26.100126	31.664499	20.876459	30.342859	20.871683	32.119873	31.729623	25.749756	31.413814	23.513229	23.858913	32.407086	15.100189	25.549082	30.429475	28.747073	27.336067	18.216538	28.400236	18.442907	28.015156	26.281124	15.470447	31.271098	23.701473	11.618463	27.088678	24.626796	21.352441	13.574405	31.133918	27.456846	29.641153	26.739033	32.026384	30.247863	25.938788	12.717858	31.592479	31.037247	21.511440	19.035465	29.615465	19.418737	21.163154	16.674966	27.255766	31.546027	30.886832	23.229710	29.880808	26.223793	30.004335	29.107383	31.447768	30.470737	29.055839	16.473713	21.170044	22.710651	13.752429	31.972099	10.213446
9.843693	32.422970	30.427022	30.462648	31.832650	28.922957	17.568815	31.126643	15.176597	21.011989	28.577201	28.282807	32.451177	17.124530	27.571313	31.426195	27.358770	21.342920	25.593870	32.484865	29.616676	24.197352	28.341612	26.757099	28.234913	23.970572	27.366915	27.226361	23.599739	23.517936	28.198532	26.692295	28.187506	18.393400	29.393368	24.485805	28.940588	31.385011	21.811126	32.384066	29.854966	25.258372	31.681500	29.574482	30.824870	26.505187	18.315070	31.041432	31.235434	30.998450	30.510005	18.014824	29.246842	30.507403	28.998442	27.602525	27.911709	28.287565	27.431556	29.505903	29.276436	22.482173	30.002017	15.952388	22.673491	20.408247	18.813649	28.034131	23.780720	12.772936	13.291326	30.839698	32.044532	20.250897	23.363300	17.977522	30.902390	19.552137	30.157416	12.975808	31.636143	24.753813
26.868582	31.998161	29.332089	22.117387	31.339478	31.246731	26.836186	26.266135	32.406352	31.629923	31.363442	30.282973	31.176175	32.332931	14.577684	30.113794	30.748743	21.947871	20.991728	27.747761	24.531209	27.663465	31.307897	23.792200	31.940629	24.198049	27.157835	30.580027	25.326491	19.927094	26.732442	22.224731	21.153376	30.336377	28.329223	31.116818	29.482078	12.963746	30.149681	27.101101	24.759497	28.686819	29.146911	25.755940	31.134284	27.301690	31.979477	31.834524	21.639305	18.683592	31.879167	23.651968	24.747350	31.825786	27.419431	30.815152	32.345628	30.309137	24.430700	20.882548	14.862772	25.351662	26.550726	30.926511	30.889815	31.517826	19.867496	30.226092	28.133559	26.894600	24.933011	32.443774	30.536143	25.580476	17.242562	28.515361	22.910591	29.053288	20.705400	32.450284	31.299413	26.692132
31.631013	29.162976	31.017595	24.497658	26.116034	28.732403	32.498740	29.415271	32.332463	32.453776	26.961686	31.351185	25.000167	28.819420	29.421479	24.723453	18.814647	30.490869	27.195293	27.981588	30.929765	28.718512	21.158206	25.000312	29.950572	31.519321	24.624650	26.437203	30.925265	11.616166	30.912516	26.434996	14.567558	22.152866	24.386593	27.843837	32.196630	21.986557	25.012868	31.629607	15.594305	21.781021	28.248517	31.528812	30.339735	32.279965	30.789725	32.470659	16.654789	30.935843	30.133544	28.359703	31.976452	30.836541	29.121537	16.354656	21.510042	30.121125	30.466881	27.617842	30.709424	30.895641	30.778880	31.943536	30.812883	26.145897	26.316395	14.843799	19.132132	28.006038	32.036714	28.041835	31.844801	25.179931	26.420016	27.113456	32.259786	30.138258	32.396802	19.017122	10.007714	26.170512
14.325932	22.305292	26.715046	31.846579	32.505425	18.516619	32.181046	31.153935	31.069739	31.189835	30.479748	24.771696	27.043392	27.228271	24.130906	26.191787	32.449464	31.312724	32.121102	21.921057	24.842509	21.095874	21.442660	32.159462	31.377416	24.999741	8.029982	20.674074	26.637857	30.576891	30.567202	30.459567	29.748088	16.740744	28.367599	29.806658	22.509955	26.836462	25.170871	29.996058	31.364564	29.916205	16.243294	11.342321	14.176173	31.666256	22.218702	32.139656	30.177000	14.067151	15.878579	13.304216	26.842449	28.884864	32.171369	30.960383	26.635656	29.946608	29.083910	25.258231	28.853116	26.693966	22.895566	16.671948	15.922512	29.483871	14.825162	26.650894	32.252048	26.413503	30.259083	27.536437	28.751632	27.827675	29.435674	17.044744	22.797032	27.832495	20.645953	27.412180	11.351586	24.175735
30.336721	27.103872	32.477053	26.090366	29.173637	30.854763	24.341863	16.776447	22.826608	32.168041	29.510101	28.322802	16.600641	31.112595	26.860307	22.658947	22.983929	27.646992	16.455843	12.739448	32.465251	32.061011	27.600723	23.066338	31.805466	28.748889	29.655440	28.483888	22.168963	31.451721	14.877690	32.449801	18.983274	31.703807	19.928433	20.753304	29.652092	25.044474	27.709720	30.902116	30.052487	29.384707	29.434189	32.444198	31.707322	31.972981	28.318679	29.033198	17.238147	32.018053	28.262269	32.453682	22.023987	19.387829	30.550252	29.774077	29.812933	27.250171	31.444190	29.660308	25.808285	12.479022	20.611446	30.010578	20.074750	28.083447	31.951621	32.018621	31.598328	15.819114	32.180686	26.298608	26.613359	27.865295	27.284772	28.489261	21.220281	19.813928	23.457165	19.482620	27.295379	26.429972
23.409991	14.103628	32.148826	14.460902	24.494361	30.337077	28.106686	10.761613	31.723963	31.763559	17.768018	18.959820	24.740190	28.636164	23.626286	32.141675	14.710690	20.851452	32.151657	25.640872	17.589066	31.073821	26.254437	26.378999	32.507642	32.472577	26.258077	23.653329	23.631410	26.177271	25.820409	9.518457	32.169269	17.090553	30.452090	25.474305	27.091143	28.691031	30.068525	27.183250	17.960335	31.456859	15.098915	25.002145	27.733623	32.211369	24.971188	19.786069	26.273810	22.696654	21.924632	24.367823	27.364294	31.205988	24.581621	27.348281	28.356490	31.587060	21.462129	25.223773	32.301592	31.404312	30.044071	26.359623	11.875888	28.031606	30.616022	27.488192	25.826548	31.525593	26.215845	24.997947	15.424000	31.650580	22.955673	29.936832	28.007081	25.530292	28.397626	30.442239	22.579210	13.006780
31.635999	21.599313	17.684095	19.820082	31.096875	31.101594	19.980752	31.650281	28.713566	28.700955	25.876730	27.717738	31.779637	29.946172	26.538361	32.154503	30.171547	28.114127	21.328648	31.393393	23.790909	18.967412	29.960352	27.358183	18.205360	29.954463	27.035666	9.941998	32.077579	32.250401	26.295473	31.712677	21.170654	25.679383	21.645670	31.223967	15.756912	18.941191	26.424713	31.758805	30.739581	31.570433	27.456720	13.115281	21.480918	23.882495	32.382065	31.604246	29.857570	19.094439	31.847934	16.155969	27.901542	22.960965	27.843549	16.566855	31.019038	21.650287	32.043105	14.303055	30.805787	31.740429	32.014391	31.181325	30.799223	21.531713	10.317285	25.307161	21.580201	31.517312	32.508959	26.557695	31.846263	15.052495	29.361478	23.983435	29.261825	12.245071	29.379183	28.068936	11.945310	31.053403
23.284362	25.797800	28.735821	25.580894	27.837632	19.487432	10.483554	32.496324	17.378083	22.883909	19.835548	16.616144	25.793470	32.252936	31.125205	31.444315	24.727100	29.511789	26.798523	31.344833	16.223264	31.199930	26.408804	16.842454	30.919803	29.978746	26.129723	27.102501	31.858838	30.855110	27.448650	32.383023	30.980522	32.466243	20.864127	32.209074	22.488947	18.138532	32.297185	26.505980	24.508968	30.376838	27.022439	29.016279	29.044377	22.983056	29.684093	30.569213	32.049514	19.619523	32.024051	16.807270	31.210877	32.352995	13.288755	32.302301	32.465813	21.299470	31.186141	28.516685	23.199748	21.592156	27.756402	31.560362	22.119335	32.304346	12.555579	26.204182	32.502230	26.606433	19.506721	19.390461	28.480031	19.460066	31.891488	30.674500	31.105715	17.542867	31.795738	26.816116	27.775881	27.516521
15.397941	27.523412	26.676404	28.061229	23.411499	32.145087	30.361133	32.370522	30.263455	26.476888	23.072866	24.388854	28.559343	19.065397	24.718325	21.913061	32.097794	30.270340	14.920652	23.773419	30.543156	32.223636	31.318662	31.526099	22.994038	29.555585	25.998175	28.146958	31.335390	28.243274	28.383625	25.109702	18.693750	32.283322	32.213349	25.628731	20.564402	31.117622	31.784436	27.689092	25.821869	28.345557	18.892852	27.688896	31.266322	21.669683	30.184089	29.133010	25.494157	30.550017	31.112646	24.807357	32.474917	16.387865	20.225046	21.266214	26.289691	31.391200	28.440070	23.215982	30.788272	24.798582	27.476748	22.453967	29.821316	31.359145	19.173267	22.319301	16.763925	30.105003	23.043251	28.424088	29.009093	20.944054	29.731183	20.429504	30.960223	29.715350	28.892519	13.955909	25.829061	30.688173
29.695457	19.431869	17.495268	31.294821	27.282392	29.235134	20.899220	29.636890	29.637896	30.585202	28.523766	17.169680	12.416834	26.922689	32.146458	26.191437	27.920678	29.056332	17.956377	13.187641	27.995629	16.566275	16.250497	19.467847	32.034385	19.578417	18.162431	31.811908	27.983904	28.978238	23.437587	23.470823	28.008725	25.532766	21.740185	22.203697	24.482464	14.613487	15.343955	27.845147	32.268612	19.363379	12.081224	29.765216	22.393398	32.494980	20.386249	14.280570	28.874335	12.048691	24.323033	24.488528	25.837214	27.910814	20.792052	26.046723	23.043319	11.387191	25.790517	31.492542	16.872445	31.069281	29.010505	24.031371	18.060577	29.697460	31.598612	21.376754	18.728614	14.935543	20.028092	28.014051	18.847604	27.273398	32.277663	22.755724	29.803980	15.552870	24.813656	13.641910	18.490363	20.788809
31.342729	31.957496	14.886258	32.245904	27.065757	31.636891	22.046993	29.890502	18.976531	27.247896	25.759189	29.700343	22.086221	18.284363	28.482390	18.409595	29.108265	32.297774	21.477091	32.176871	30.963814	30.860835	20.285415	16.157896	28.959139	27.559349	24.867509	21.015478	29.317979	26.408860	31.614745	32.045478	21.034590	32.492549	16.744556	28.579633	25.563267	31.725767	22.098904	32.021883	27.577593	18.635601	20.485236	20.825043	29.530587	32.175825	28.229579	28.570339	29.580562	27.811546	17.319592	29.607758	32.017296	32.368162	11.649815	32.299337	18.034538	12.866502	13.686537	31.635205	27.204771	22.721035	26.081109	27.504776	32.295504	18.986233	23.872591	31.252291	27.339513	32.150028	25.350622	25.140226	30.209149	13.138216	24.061547	31.598519	32.074743	25.044410	31.828886	20.307785	31.770082	26.335427
17.951375	9.281310	22.421558	28.164674	30.906097	29.659192	22.293444	30.563796	31.530702	26.443731	21.166522	31.176723	30.913134	28.190841	25.504834	23.914840	30.688696	29.450719	31.783459	21.291640	29.797325	29.559962	25.452574	17.914891	29.881706	31.911438	28.318099	32.344828	31.267677	13.764727	7.968437	30.203693	22.992511	31.495935	20.615941	27.397900	32.372376	26.876918	25.017672	20.453472	24.780775	21.917448	29.846799	24.339134	30.521831	27.832811	23.052927	20.009252	14.320768	16.001477	30.021757	29.753116	17.577135	16.166092	23.653045	32.406749	14.205930	29.368697	20.894232	24.986836	21.938189	29.406462	16.095294	32.298103	28.656905	29.896960	31.785892	32.457098	30.592739	31.618631	26.268654	29.947675	25.127494	22.360059	13.794645	30.994799	29.468902	32.275869	30.586027	26.426687	30.340613	25.183498
19.503295	9.711051	31.539150	29.941789	29.103737	21.450785	15.600314	19.019497	22.011997	20.528131	28.162665	19.186304	20.442837	22.828359	31.216500	32.220526	15.628391	31.563650	11.910206	25.139333	30.992283	27.858504	31.972288	16.917551	26.987588	31.869669	30.580888	31.649624	32.113619	19.206289	32.049534	21.010962	13.622628	23.350419	28.879488	19.763805	24.059833	28.092037	25.834352	29.446822	31.628008	9.907774	29.828225	32.484742	31.147334	31.140804	31.198539	27.466622	30.322070	32.197585	23.572799	12.190727	29.468428	30.288244	24.145864	23.918872	23.427187	24.832994	23.090561	29.562399	26.245289	17.296842	19.133657	31.340309	32.029251	28.813660	20.199522	28.298655	25.132435	31.984918	25.381657	29.834056	29.849050	32.278377	30.389264	25.829340	31.568545	9.131944	29.718400	31.133669	31.827621	22.501254
14.718438	25.068007	21.513886	30.109987	31.483795	26.069609	28.571920	26.845720	28.522120	32.049871	28.610858	32.509280	29.895189	27.553904	31.176164	28.818870	30.459939	31.827303	31.713093	31.081988	31.768271	29.200185	23.891073	32.009471	24.579540	29.316365	30.109476	20.653565	26.743394	29.850570	20.986324	24.984081	31.683652	22.353326	27.216015	20.506349	32.320085	23.898705	25.604023	32.000337	30.632164	32.097577	32.113182	32.143074	30.494817	22.541413	18.205559	24.258402	22.979803	32.310799	18.837270	30.665936	26.284696	27.402459	25.701608	31.718932	19.611288	25.836483	32.294813	24.010838	28.758184	24.117175	12.069615	23.845424	28.972030	28.845951	29.954515	31.474126	31.267652	32.271026	32.494433	17.147895	28.675070	30.426902	18.433983	29.503719	27.219492	22.802720	18.716875	27.939108	29.344475	21.020190
28.940577	26.076253	31.200607	25.869708	26.933544	18.152390	21.844135	30.837893	31.016346	16.997736	24.299303	12.244306	32.351734	29.639000	25.220752	24.900388	31.064704	29.061999	31.686944	16.452040	20.105365	32.330949	32.472960	22.547004	32.205908	17.583956	30.929510	20.624667	22.831509	25.867775	30.165012	23.468492	16.754119	14.582383	29.034990	29.089169	31.163938	27.989114	22.838133	28.690027	23.921580	27.954959	32.351210	14.296894	30.616708	28.055005	31.886972	11.617475	28.211432	32.352331	25.199773	18.696727	31.360844	27.322661	27.802420	26.146425	17.595024	29.330858	23.905601	25.798326	31.695454	23.871293	22.588469	9.725532	12.283320	23.390309	27.804359	18.067907	18.291839	22.563268	25.799277	27.918239	31.025897	25.908663	16.174326	28.817479	9.417372	25.252350	23.108464	31.105169	6.649674	24.700982
26.380048	28.407369	26.764080	32.075583	19.284307	31.906644	20.236446	32.277267	22.092091	9.832951	32.481611	12.613806	23.048963	30.241214	28.739783	29.721143	23.613247	32.435038	20.837730	15.269817	26.039405	29.482115	31.455980	29.977579	29.848564	27.672679	14.319392	30.287066	16.948302	31.424706	22.485917	27.108134	31.612989	16.228643	31.740950	25.797202	32.215940	23.504550	17.496090	21.276285	18.373872	31.444023	25.154685	32.245647	31.838024	14.714133	15.501671	26.220782	21.958320	29.379357	31.785620	13.123117	26.589428	26.319351	31.865883	32.509646	30.211157	19.376292	28.430141	28.293353	29.859965	25.167147	30.861048	29.604862	14.146300	17.042308	26.032854	19.980797	12.606079	29.560576	25.926742	27.975235	29.575581	32.485832	26.691216	12.151138	23.971776	29.844783	12.463265	30.907636	28.549487	24.196215
31.629510	30.884863	26.747458	24.215965	30.545199	30.669031	31.815563	32.139887	29.105805	30.696759	31.140592	30.317929	24.058537	12.038341	27.892781	27.832767	30.940309	15.679973	24.488452	32.489889	23.629240	12.779153	25.403946	32.028425	24.152737	24.817296	30.529104	30.802841	26.049265	31.807502	28.558585	29.420617	32.269184	18.398025	30.655807	32.300858	17.438963	21.037833	24.329129	25.585829	20.879830	31.362989	32.058377	26.964560	28.666823	24.459636	9.199554	11.899972	15.243029	28.458984	22.943879	32.065158	14.342706	10.583444	16.816873	26.724928	32.161216	30.924334	20.563146	31.633380	31.695443	32.292785	29.747508	29.869943	13.327446	31.829540	25.673108	26.921053	32.424254	23.430306	29.659707	25.877928	22.073530	31.346593	32.067495	32.426521	15.632207	19.948188	8.686322	23.826848	26.791908	14.453309
17.729866	26.306480	31.515619	27.732510	31.186174	25.094884	28.233353	30.233531	29.137098	26.876810	23.757516	27.947896	17.908776	12.392295	27.870946	16.567260	32.149707	16.966635	29.672028	26.861322	30.846235	18.070380	21.375863	28.433251	32.331424	15.272080	15.693528	32.499782	32.411838	29.949757	32.349240	30.773670	18.265821	27.244268	22.811826	22.667735	25.404748	23.708586	23.677992	30.100610	21.760865	21.812271	31.045975	26.822937	31.813878	28.306102	28.842785	29.488078	26.037856	28.220324	15.860225	30.989553	26.054201	32.146589	31.160659	32.055395	25.879179	22.262129	18.308310	21.483059	15.903720	32.264971	13.194182	27.996078	23.390751	31.281674	32.099182	23.181191	30.759408	25.951395	17.573650	13.849951	32.148496	26.893605	9.064025	26.324236	27.532834	31.504177	30.108077	30.360329	31.275869	28.764685
32.463705	22.893491	29.330994	18.838684	25.090042	27.326223	32.220292	24.595106	23.799349	14.806242	30.969030	24.333114	20.015687	25.128577	10.104766	17.171009	19.797878	20.646148	31.912054	23.186129	20.106042	29.751136	32.215370	9.941174	26.564108	25.046733	30.161219	31.659090	24.265030	32.215994	18.042175	20.608951	30.339185	14.816266	29.082198	11.048609	18.948950	30.929180	29.673820	24.356967	30.870491	17.262963	23.916523	32.231734	20.543158	27.665738	24.558879	29.502304	28.842506	31.174828	29.694755	12.117740	28.734942	32.230836	23.249229	31.244557	14.486428	31.379092	21.479345	25.507675	30.308397	28.021989	30.810003	8.703025	24.025590	17.734730	32.468780	27.805020	31.897556	32.049998	29.648690	23.878825	23.398265	28.520939	21.681126	31.311340	19.015991	26.901525	31.820001	29.043263	28.933969	20.480815
26.558744	31.166247	31.148828	32.384212	16.877971	26.465778	31.249767	20.823183	32.018158	29.216596	31.921839	21.037300	29.497393	32.461565	21.372901	26.850223	29.484410	25.697455	29.093239	26.530694	32.408099	32.135712	29.149152	30.459983	27.239737	20.979003	30.758663	23.527988	24.791464	30.495255	32.501635	23.208981	32.505781	29.413955	20.230907	30.746985	25.212677	31.638387	17.848683	31.199521	22.355331	29.311997	27.981889	32.159834	28.238224	15.804550	31.945522	30.883045	14.214879	26.001245	17.222686	31.375285	30.759480	32.108226	32.498932	30.383750	16.428441	29.008140	28.574286	30.394639	24.667208	31.427037	27.262271	27.078845	30.445678	9.972414	13.516937	29.124009	30.867046	18.368292	23.612585	28.456699	19.420015	31.143430	28.171214	32.491657	31.077319	24.714923	31.947963	29.970022	29.111196	21.464203
28.133258	32.200865	29.017717	12.717853	28.843882	28.455150	32.345315	24.852580	31.226865	30.214595	21.564585	32.138397	25.798626	26.868688	25.661051	30.919172	23.326467	31.427569	32.492726	19.836377	25.744602	29.160235	22.306326	22.585489	28.955126	32.362603	32.431410	16.783042	16.439356	28.553648	30.850794	31.141341	30.979049	29.216673	29.289629	28.349498	23.284798	18.073434	30.324266	27.213525	24.604322	28.564472	31.346030	30.085718	25.663382	14.619147	19.970302	27.700442	25.824931	24.163230	20.079471	30.261348	31.702754	27.911700	21.606628	28.595082	20.399621	30.555973	30.850038	20.567062	30.822919	19.606890	31.277783	20.643976	28.578120	27.213362	20.018247	26.740151	32.459182	26.694457	28.699127	32.497462	14.190703	11.445970	31.186794	25.035807	28.425848	30.579829	29.529790	24.586935	17.111071	21.978339
25.946467	29.386312	16.604787	31.860518	31.350835	32.328506	32.453005	28.921637	21.511122	28.234226	30.119836	30.927513	12.319899	17.275237	16.624154	31.803058	31.585375	23.765150	18.188503	13.112692	24.717276	29.359574	28.701155	32.116059	23.458630	13.424214	30.426483	30.661811	26.145498	23.100019	11.151596	26.834993	32.187395	30.043860	30.324501	31.593374	30.669936	28.751547	22.293580	28.925148	22.979903	23.567457	30.090425	32.256828	31.014491	21.637346	27.988034	27.525815	31.660062	28.443773	23.778029	18.159382	25.622451	30.060268	13.011622	32.010200	21.403827	30.053746	26.064921	26.113085	31.466177	32.150762	16.737749	30.343119	12.378377	20.382975	31.240293	26.851992	23.408731	25.300480	30.123824	25.028567	31.089107	32.409659	24.239023	19.417766	30.943953	21.726033	32.180448	30.254351	31.605935	14.124657
31.027603	30.068716	32.247817	27.991762	28.463763	27.416077	26.106557	30.105193	28.576024	25.635679	29.408318	16.553419	27.743331	20.893862	20.386873	28.026849	27.959575	30.306950	26.984475	20.063858	18.554376	28.424040	20.344529	29.709932	22.849650	18.402667	18.767340	32.146586	30.219497	31.281704	32.504578	29.387740	32.365151	30.663531	31.659696	30.329473	31.457011	19.175408	31.253649	26.289746	26.926670	32.036707	31.479680	19.680820	21.279563	29.047668	31.990986	30.991749	31.152402	29.996850	32.489162	25.008468	30.728532	26.341911	21.182973	21.622339	30.618309	15.628769	30.512874	28.737979	30.209749	20.601668	25.514857	31.771766	18.538614	31.389877	32.410069	27.417499	25.466318	20.123281	18.034071	24.963528	32.404287	22.393085	23.061690	25.060960	19.460388	18.452408	10.960951	30.886513	31.352105	31.097340
27.222032	31.885991	29.243658	30.283058	25.370123	29.172567	22.256007	19.271019	17.140656	30.013713	28.492694	25.502483	26.279295	29.351036	31.984763	26.071696	30.476158	25.311600	18.481845	28.452182	23.344297	28.667209	28.414571	32.063036	28.626954	17.425501	21.286529	23.748852	28.762876	24.441881	24.182689	32.029205	32.249383	31.897081	31.887734	31.429032	29.498854	31.702161	29.142305	15.093502	25.444215	16.492876	22.513076	31.733424	29.003935	31.329590	27.849505	22.892765	30.592441	28.426381	21.432607	29.722182	31.426529	24.041841	27.636497	19.662379	18.567195	14.293843	20.169054	28.518469	18.672773	25.388402	29.708266	15.072523	26.178807	18.757203	26.790080	25.638651	29.995782	26.027451	30.128860	31.765437	18.972151	21.522020	27.031035	14.403217	20.018542	17.122506	29.890373	27.951193	31.851487	29.700078
31.245905	19.404038	29.230355	31.771166	21.898036	28.618897	32.447677	22.045740	26.119563	21.851813	21.750270	30.443725	32.309380	32.093779	25.316927	31.843607	30.535318	27.007707	31.417197	31.340233	16.080518	31.216758	17.729115	31.746861	31.586535	21.097053	12.372039	25.519839	31.054262	23.031075	27.436421	31.593375	32.388176	32.047491	30.742245	26.481723	25.262217	28.433977	29.612044	23.341976	25.630142	28.473074	32.070961	24.940344	18.329504	26.177043	27.882733	31.318451	23.978665	9.540708	13.317443	30.308666	31.393707	29.976051	32.375086	26.079419	28.870556	9.344240	24.277001	31.082515	23.385951	29.668300	21.724758	32.040722	21.443598	31.907474	30.190021	31.913596	24.429177	26.764955	30.352659	23.729599	30.636439	31.332900	18.944042	20.121391	15.882284	28.470569	32.051106	18.448390	32.266815	31.996527
30.183179	8.187709	22.733801	29.759767	17.869221	32.115584	28.856871	20.715453	29.331118	25.612462	26.471923	14.251818	30.483172	23.095091	28.948052	31.345660	27.881200	12.693508	22.830566	18.599215	26.823024	28.992322	29.811019	30.517977	30.388597	25.861984	31.628729	28.538495	31.674579	31.586466	14.312751	30.523894	30.582915	23.288713	30.845011	29.717031	30.429552	32.210209	28.618457	31.417354	20.545512	23.829771	21.117370	30.574395	31.810406	21.942865	30.080141	31.933902	28.020620	32.450434	31.706457	31.465231	32.467128	27.985210	31.712384	29.927887	31.619694	28.552822	32.443302	32.502594	22.859216	27.937043	24.748973	27.821283	31.979637	29.155354	23.929177	23.249931	17.576804	29.410719	31.668042	16.060045	17.437315	25.037397	27.845607	29.253092	27.552047	25.413234	15.755931	26.488118	28.791492	22.603182
32.434279	24.362903	25.793744	26.163229	29.233126	28.927350	32.317724	9.320213	28.470607	24.872355	24.129018	8.249803	32.236961	32.471425	30.090342	22.180790	20.307681	27.938221	32.156120	31.844565	27.525716	24.017038	31.253705	31.824786	11.372595	25.984775	29.697651	32.079044	31.729046	32.474626	28.144310	29.388683	21.988987	31.003506	29.141637	31.287341	18.661076	27.245978	24.821683	27.876979	17.481033	30.436394	31.458974	31.718779	22.889330	25.807722	32.199889	30.668895	28.403022	24.843988	25.557618	23.838391	28.450877	18.795377	30.094066	30.905769	22.789286	19.329698	30.104335	29.068724	31.192079	30.607400	31.276580	29.082995	21.720302	28.293264	20.766829	26.681376	23.963398	30.619185	32.475001	17.713472	32.144521	13.006807	27.193227	30.234551	30.264684	28.749880	22.434885	32.305181	22.510757	31.955292
32.267494	15.176565	31.942139	30.988964	26.645517	26.862241	22.500723	30.697685	22.792942	27.512981	25.015971	28.830288	32.087870	30.982741	26.903772	24.933263	28.605483	26.620890	31.264580	17.247571	30.839095	23.153170	32.376290	31.589979	30.316418	32.058569	30.479927	31.396378	19.598177	32.317200	16.990158	29.243399	22.838411	31.383243	27.868386	13.301398	26.431700	27.552515	21.093289	25.855016	30.717097	25.254799	24.388946	20.434001	23.101260	18.927522	30.095522	30.267070	30.988153	29.436535	29.919025	32.191750	19.737159	29.032931	17.320739	25.419795	19.918220	31.840636	31.607835	25.171005	28.402787	26.076628	32.489336	23.563332	26.011585	32.184388	25.566666	28.646292	28.428668	27.241597	9.842152	19.353335	26.487528	31.010613	27.954411	32.479190	14.995802	29.249414	30.060277	32.093468	31.608221	22.169799
20.117253	31.772582	31.610724	24.165026	31.536753	17.797390	28.918746	27.881568	14.844861	19.186968	28.264602	31.859060	21.491916	29.135504	31.428676	30.909559	24.262455	32.507985	29.794385	21.066502	16.055296	31.486629	32.434196	32.344209	25.027082	27.585682	32.461050	32.020955	24.618538	30.148193	31.513700	30.031105	27.551053	24.405005	26.012331	14.898333	28.445626	20.250070	32.290533	16.733383	29.403448	32.422556	31.630946	7.617591	17.559531	20.646214	25.480828	22.312238	26.987885	23.826284	32.367415	31.278373	27.364926	28.486189	30.801026	30.953749	8.974076	20.663251	30.249633	28.846562	20.241890	30.587670	32.364702	23.519225	28.241372	27.638554	32.035069	27.235054	21.409221	31.535206	26.440241	26.323340	13.614652	20.609809	29.953019	24.864571	21.625642	31.991904	20.414616	30.629585	20.273048	26.504118
32.103321	26.550748	24.774258	18.440789	30.882148	29.548781	31.729356	32.424320	27.973956	31.398242	29.962878	31.269097	21.529996	20.428422	27.225838	28.931635	25.043113	18.148626	28.914744	28.747400	26.398340	10.445140	16.604016	27.164859	30.695891	27.845189	31.285607	31.195067	30.661927	29.328785	29.591084	29.221281	32.084362	22.341235	29.105221	21.573613	31.494975	31.652782	32.156461	24.960802	30.497772	28.095997	26.095270	30.119862	29.333692	31.170234	29.504113	32.348753	22.357599	16.511115	31.999937	28.810848	15.794749	32.159388	23.225019	32.365531	19.496253	23.904343	32.267418	26.811032	31.671964	32.483948	27.466142	28.159610	25.436999	18.536012	29.214469	28.947013	27.831810	20.575461	19.927099	27.084757	31.894567	17.717583	16.838780	30.083299	29.134081	32.094924	25.361293	14.398499	22.968497	19.285686
25.658414	31.803181	26.082896	25.633312	31.376830	25.030688	28.196917	20.885779	22.652422	28.663973	15.423653	25.065640	23.590069	31.021834	31.426714	27.322024	26.300881	30.880372	27.350942	23.003316	31.227425	29.258378	21.142411	26.469255	28.530734	31.739922	28.395044	27.824894	21.521607	22.004628	32.333491	31.478104	22.967342	23.257601	31.715139	24.960133	31.960733	31.730809	13.469809	27.231166	23.062906	27.744080	32.424167	26.980537	23.763235	32.420906	24.671488	21.340353	29.531862	26.239754	27.743099	23.198148	32.502416	27.375462	25.893443	22.687123	23.951431	31.469196	29.117239	31.204664	25.301450	29.573551	30.126740	23.105174	31.814147	30.541715	31.455570	30.207243	12.712616	30.760837	23.625487	30.447466	29.023382	29.557082	31.347126	27.183504	19.257266	31.934144	20.371616	29.959100	27.294284	25.057801
29.077367	28.154123	19.082118	31.820811	32.110363	31.702245	23.711967	22.403961	23.164957	32.291118	32.465659	14.942881	26.832311	18.012407	28.415232	20.162035	15.658858	31.744258	31.307854	31.294177	26.112862	6.615509	29.895077	30.551690	29.371249	18.271956	30.473823	11.188455	31.263960	25.410145	16.110112	29.373993	15.630199	17.162653	31.338355	24.226532	30.146853	7.445724	25.493212	28.100918	24.021808	18.340000	27.661941	14.256163	19.862854	20.498521	29.131376	31.209804	32.221569	25.588464	16.904739	22.358834	28.223084	25.979763	31.729038	27.191919	32.107255	23.030433	30.518931	32.012046	23.303334	29.547565	32.236751	26.792866	22.614068	32.442833	31.562536	30.475511	17.419246	32.147356	15.278892	29.382786	21.750230	26.565650	23.232231	32.167522	23.482869	24.291134	31.165373	32.459364	32.326616	22.175620
20.368466	31.263480	23.851659	11.442466	29.969575	20.161154	30.904457	29.507508	22.847398	25.959040	22.321886	14.760007	26.791900	15.234361	31.951334	27.883479	31.349781	32.371934	30.550178	31.301244	13.115182	26.929653	25.538511	18.224366	24.285209	28.226310	27.017366	30.053396	30.668634	28.051019	28.459095	30.619803	23.611105	25.232167	32.404761	26.838313	28.244318	27.774681	24.816645	29.912193	32.503076	29.901147	27.074585	14.556230	29.604525	19.014478	30.187495	18.674878	32.477117	21.599660	26.902191	30.851099	28.016987	28.820998	14.819673	8.432918	27.641308	28.473758	23.754129	27.663026	25.063707	29.148186	28.713772	30.059809	31.580072	24.862398	32.214547	28.866990	7.543632	27.897534	32.228030	13.706797	28.227138	32.212083	27.471776	27.662766	29.069014	30.098142	25.300031	26.533543	29.791058	22.157262
31.948936	23.487616	31.196299	23.878471	31.915857	27.076345	31.100491	31.900977	23.910328	21.344354	20.142061	30.219579	21.053285	32.310537	30.982783	31.887795	32.017132	23.492383	28.855080	21.102456	25.835113	31.541555	30.557182	29.911204	26.046712	9.493240	18.990005	22.606253	30.452399	27.840926	28.342393	17.667312	21.525973	31.440290	31.537977	30.893782	29.277133	27.063070	14.677299	28.012502	32.157942	32.437076	31.717144	23.275022	27.194550	27.706458	24.838142	31.793688	21.664562	32.464455	16.937331	28.721219	25.034976	31.224887	27.317487	24.967795	19.118868	20.964866	28.443223	25.951530	18.456139	19.512483	27.314593	16.950147	23.577104	21.852627	25.068546	23.479637	32.033872	32.222670	28.034286	32.182367	25.969004	19.382272	23.435777	28.329969	30.706853	25.741531	19.285469	28.580967	32.193745	28.014614
24.733432	24.207391	30.636038	30.699892	26.897231	31.988809	9.291422	28.056061	23.724178	29.498934	31.374295	31.351477	28.602348	32.035433	20.145362	29.972140	27.633085	20.395520	8.467712	18.520194	31.409144	24.207182	31.742610	29.227519	31.259305	26.775707	25.924925	22.636758	29.351038	29.924842	29.892379	21.402951	26.289750	30.214702	25.282220	22.764543	24.208830	31.728964	27.972626	8.656759	16.143633	28.444732	31.756412	16.432155	26.730756	31.979928	30.948478	22.036721	32.019131	28.454122	31.166428	16.805342	27.142460	26.974401	21.123729	16.887098	18.714394	29.599196	28.240747	23.619433	18.586706	19.785500	28.637001	22.859759	22.541333	31.150726	21.593892	32.044222	26.683310	22.608967	15.246678	30.427044	30.164490	26.645730	14.737263	31.085160	29.006665	29.732053	24.372331	30.338184	31.598560	23.266869
25.851986	28.825217	16.086678	30.853807	21.702382	13.660563	30.754079	17.330018	24.564474	21.544111	28.278067	26.452295	28.019476	26.653113	12.624890	15.353995	24.424776	10.698759	28.626659	31.969902	21.512520	23.208406	32.508226	24.092311	12.392599	27.178731	14.931080	28.028680	31.081728	22.634496	28.216175	28.191881	27.191097	20.841539	12.538374	23.506409	28.889061	14.470928	22.579203	31.060767	24.075504	27.176079	30.251983	26.489418	20.783704	32.081227	26.548151	30.951706	27.532734	32.288570	31.863611	31.770228	19.754094	30.849304	28.976520	28.232085	22.650287	32.483090	26.947034	31.566366	20.475531	21.410018	32.156092	31.094184	23.836139	28.022412	30.708831	32.312784	24.871679	26.023001	27.803894	11.200871	25.882099	30.580856	15.138537	31.734276	11.450529	24.559023	30.599831	18.161174	30.428071	24.256155
20.362617	32.160671	30.998561	29.671985	27.611602	26.573507	31.763065	17.548090	23.910600	30.872847	32.462147	25.149136	19.875804	30.007984	29.881924	31.283287	31.865337	32.106806	31.524579	29.471141	30.494498	27.808042	20.239846	20.779059	31.726465	25.663050	19.452163	25.215650	26.649996	27.427741	20.620540	32.257038	32.469528	31.425895	24.576811	32.211247	24.869367	16.577632	28.261735	30.173168	22.954698	22.498717	29.632413	31.358443	15.240055	21.470812	29.140614	28.937256	31.617822	25.080835	12.901940	15.907859	26.310192	30.008323	28.890626	17.376891	29.364922	19.329154	30.723276	31.918317	31.591943	31.375144	31.739517	12.791379	32.021542	31.548850	30.493498	32.465840	31.451162	29.215967	28.794401	26.309737	31.767603	26.026225	29.143679	28.801859	27.209863	29.023839	11.284786	29.600003	28.659271	11.440267
19.773229	28.013860	17.130946	29.304653	28.636152	29.086115	22.687271	25.253780	23.596144	29.648531	32.504847	29.190955	30.745260	31.329246	13.057735	29.550016	21.901448	17.524791	25.365303	31.645148	22.504492	27.751630	25.212102	12.225218	30.905858	24.033931	29.580509	24.156883	32.284307	19.342997	30.225888	32.428882	28.038492	25.915012	32.399492	32.231988	11.685487	28.683968	28.758981	23.943596	21.631843	30.600451	30.455141	28.100874	23.461617	30.364984	25.325662	25.146580	28.299899	9.420465	18.166990	10.498681	31.484803	32.195643	27.340270	29.562886	32.043737	30.891673	28.592970	27.777225	24.771740	23.632653	27.304786	28.972484	29.434527	24.707634	32.312957	28.136360	32.366526	31.772584	26.670696	24.760285	26.490315	26.465938	24.533864	31.666741	28.477822	25.826684	12.118818	26.925382	31.908064	26.967555
15.291679	31.230536	27.516475	23.962912	30.137183	28.183746	29.327971	30.022987	26.156464	29.464780	31.670661	13.267751	31.339792	25.751953	30.136544	19.861043	29.722999	27.756509	28.659110	16.652036	21.009968	25.629199	26.100508	26.670024	7.275653	25.033912	26.087764	29.564885	16.112077	16.640477	30.763795	30.640902	27.752818	30.285970	21.418030	16.296037	32.471489	31.709786	30.148692	15.215117	28.037503	23.372422	32.079141	30.133236	30.867193	17.945379	26.486858	30.010849	32.360441	19.491596	17.138084	25.308694	11.130465	21.199640	26.452660	27.078996	31.443719	32.049262	14.492978	29.488143	26.523578	31.646980	29.739171	17.573918	11.014585	25.543143	11.185489	24.986255	31.234816	28.089614	30.802281	25.006493	12.945951	31.860062	24.674815	32.284460	31.565247	30.185646	16.555585	21.754797	30.874375	27.731741
19.368879	26.274952	13.919041	10.000435	24.120456	27.021210	30.335815	30.411609	30.502980	20.944892	18.656235	13.501346	26.070703	28.713132	26.984229	31.574117	30.126510	22.175820	13.842238	22.719537	22.076771	21.926997	31.125817	32.384490	27.586830	28.529993	32.429206	30.227208	27.900641	19.504343	17.012688	23.583555	17.076042	31.482983	28.418442	24.474639	28.311255	27.808347	31.018122	31.230146	24.384962	27.389689	19.311953	32.361084	31.805536	17.189200	28.942934	29.181639	27.968557	28.414642	20.627228	31.054736	31.775391	31.758688	27.963840	23.181987	21.412463	12.211690	25.022989	32.496980	29.091659	31.416332	29.526077	24.239558	30.039130	22.760751	29.627380	30.107951	30.237300	13.636251	20.616376	21.158289	26.303431	16.987226	28.415236	32.452818	20.441180	32.080005	28.010283	30.530364	28.547068	24.048071
30.954298	20.383535	25.924338	20.631463	27.383657	25.810774	32.228514	23.443917	32.495597	14.190818	25.899770	32.027108	20.517060	28.499805	26.497937	11.602731	23.968700	17.316446	30.888732	18.266491	24.777253	14.356998	32.148679	21.310569	26.559403	28.965568	18.482879	23.035701	30.494235	25.107945	30.006869	9.716435	14.541008	20.073779	24.208966	31.334575	20.380911	29.923366	27.051845	29.518002	26.877610	30.956459	25.008425	32.262544	28.996334	27.531145	29.894730	22.490286	30.810815	31.749008	28.718973	20.193659	26.320807	32.419232	32.143413	30.825476	32.381730	26.075172	18.588218	31.826898	28.955499	30.527624	25.612660	31.198666	24.883208	31.298438	29.361002	21.150152	29.206142	31.228712	23.375400	23.347633	30.478510	26.226053	28.081002	32.343062	16.773480	22.077231	27.141447	32.453290	23.274886	25.138938
32.264180	32.464873	14.945903	32.212701	31.870306	29.316495	30.531851	31.827431	31.457369	17.280587	21.270586	28.820107	26.418403	26.646963	20.839662	28.045695	31.793427	27.096717	19.343624	26.496895	15.101066	32.404615	30.287106	28.400155	31.722933	23.094134	27.724406	32.115470	26.156899	21.161209	8.089357	27.502030	24.889735	27.500609	28.895837	23.047480	18.409022	24.797452	32.208899	30.595381	31.358322	15.011499	27.170316	16.655059	12.374655	31.137529	31.203101	22.015462	30.033571	31.141429	22.508651	31.777244	30.236611	21.965186	15.391547	32.374541	29.418415	19.110318	19.766529	30.550383	26.334912	24.757150	9.850903	27.720236	26.435313	32.283133	29.185380	22.971227	31.841542	20.418097	14.039259	23.889100	27.358825	26.546990	28.835463	25.165797	23.990292	13.495663	32.452729	31.727013	20.454359	18.661277
22.541433	31.409135	28.252440	29.727656	19.692647	24.741703	20.596120	31.006117	17.617942	23.275957	31.064177	27.855704	17.571720	29.859651	28.723906	19.011831	26.432993	30.877232	30.720829	24.629529	31.787956	20.256502	29.530134	19.007988	25.960784	25.306391	32.395696	32.089876	25.010232	25.324481	13.436743	21.333757	14.127793	32.503432	28.276598	32.195519	30.828046	18.083909	31.893334	31.956948	22.218089	27.697738	31.067684	23.113302	22.533024	8.349856	29.611374	30.898804	29.757108	17.977520	27.321734	30.531538	22.381178	30.197935	29.250227	20.251975	31.962102	22.474631	26.592739	24.254743	32.408340	12.199343	25.972254	29.686368	26.198302	31.025122	12.935587	29.989310	19.281763	19.854878	26.538132	30.408601	23.205806	27.817112	25.201618	30.829456	31.995400	15.875174	7.135592	27.430792	30.203171	29.942054
25.301712	32.189524	30.197027	25.692616	24.644835	14.792022	28.903630	31.991065	27.183554	27.677503	20.214874	25.472171	22.018616	30.308794	28.452274	11.622794	11.569583	30.925678	30.680003	31.135456	21.794992	32.111006	23.966455	31.720555	25.168413	29.324452	30.530611	32.435162	20.146300	32.445900	31.253232	26.701736	20.210556	32.042339	32.344316	26.000296	26.384890	29.807637	31.016696	32.030135	32.137826	19.439953	32.011828	32.089214	28.356277	24.528221	19.297333	24.596337	25.790029	15.604823	23.444784	26.627449	27.147503	24.164434	28.150576	30.889869	16.472633	27.884053	23.292978	30.995872	25.781412	23.885517	32.106996	26.609028	22.653002	20.322480	29.279033	32.474748	25.648185	16.898249	28.638247	30.691785	27.495269	30.810926	28.012828	18.745195	30.384975	32.469506	23.961307	23.883771	23.490200	17.629390
21.159495	32.283043	28.944104	26.657796	31.569018	31.015178	24.655873	24.236188	31.078839	18.823896	29.540507	31.959373	27.154577	29.147361	31.825390	29.320162	16.948287	28.380505	22.833081	12.387359	31.392299	21.377454	30.269532	21.348408	27.192598	30.710420	22.926789	26.832484	27.343922	23.765313	30.913435	23.392086	26.638224	10.836651	30.196591	27.199988	31.810190	21.603347	27.775094	30.582363	27.921561	29.269441	24.996022	29.504356	25.786545	25.359396	27.135401	24.137574	31.041553	23.834205	30.928118	32.258821	15.311319	32.146188	24.783079	32.154690	31.599575	23.266506	32.372833	30.006438	27.862598	25.089191	10.916207	24.117495	30.923830	21.592087	25.802315	24.783541	14.477048	31.409712	27.330373	30.459737	32.235338	20.597751	20.855413	23.706487	22.534862	26.593558	17.331504	28.373793	31.969727	29.553017
28.318745	26.904940	29.224140	18.772866	27.671858	32.368289	27.911826	30.520087	27.516431	24.889380	31.914176	30.731442	16.590225	16.282868	18.023694	27.926873	28.667443	32.067411	31.540418	30.976496	21.435721	31.867206	15.408047	31.284135	9.588520	14.666883	25.017626	29.583684	32.479522	32.250723	32.474886	31.769409	30.272442	31.206187	24.473124	31.627879	32.480231	29.396084	24.511235	20.173695	18.401564	25.819368	31.774425	26.835290	32.418364	29.073407	29.811599	31.303405	29.784891	31.555184	26.849107	26.876589	31.092311	31.978001	25.613578	29.169825	30.301888	24.135631	17.507581	28.186670	16.853703	22.214417	24.124254	25.393214	27.444417	31.036137	29.285791	28.242722	30.973011	32.291034	32.137390	11.787445	23.301134	20.947423	30.891045	15.526288	27.876120	27.541253	30.112896	31.073192	14.347760	11.730935
29.045863	8.814845	32.472821	27.156993	19.424719	28.285263	26.253705	25.106827	8.330972	21.693783	30.623054	32.184941	30.221327	30.337072	22.686551	32.265898	22.430811	28.551565	20.705599	27.993817	26.548742	24.408425	31.039414	26.656031	12.735390	27.176051	31.611078	30.371641	15.575336	11.181110	30.819105	27.245972	24.256686	23.986989	25.115314	21.389802	31.266430	25.435586	29.298051	14.943812	25.953238	31.775669	30.808485	30.534855	24.306439	31.492802	17.997209	25.482989	24.260515	29.838231	24.705657	28.043755	19.925968	27.230333	32.121434	16.622126	21.239262	21.193171	28.450654	23.754590	29.677031	29.497320	11.734380	24.120877	29.920463	21.676879	29.313339	29.005542	26.234904	30.508844	26.891678	16.899325	19.584979	31.563409	25.930217	29.993820	17.829158	8.319232	10.873748	31.997829	31.334709	23.559265
16.573396	31.197149	15.264360	31.447084	28.840962	30.812285	32.463311	29.763324	32.387468	17.474737	20.098728	27.477933	29.075396	31.237249	27.205493	25.207366	26.545692	32.281870	19.357464	32.274810	22.063376	24.606879	29.183988	30.915354	20.733694	26.281859	31.333049	29.132802	25.057461	31.901420	23.177606	22.821726	26.212674	21.922852	31.696850	30.154945	10.448756	28.457003	29.948994	10.122502	32.137489	27.161504	24.319413	23.863940	31.474240	22.320208	9.199939	32.002098	19.723477	28.580214	17.543013	24.048600	30.289522	25.991413	15.108971	31.564949	25.312259	30.374043	32.125039	18.769479	29.376261	29.752562	28.012644	32.156506	30.479017	31.240795	27.694177	22.724992	18.194231	22.978759	31.667267	28.164618	29.158221	32.498296	18.845655	22.660398	25.821312	25.179646	29.034789	19.938927	30.784950	29.853685
25.114362	29.445620	26.040403	31.592027	27.033468	26.721664	25.182171	25.686226	23.158483	27.363533	31.061242	30.792197	30.172140	19.265105	26.713994	27.070544	30.000653	29.470354	12.844545	27.217073	24.064813	24.233192	26.511594	30.059554	30.649414	20.844716	23.798861	24.817124	31.645476	32.050088	25.808250	28.463402	30.977828	29.359226	20.351183	26.793183	18.677887	22.313426	24.987347	21.176104	31.814316	9.240596	27.685846	31.336785	21.254271	30.626001	25.301904	31.961654	23.079085	27.613140	31.421475	30.166218	28.299802	25.075200	29.127955	25.161115	30.282954	31.705226	30.984483	25.013684	30.393127	31.188322	22.499189	18.360272	27.150233	28.466053	31.076386	14.896352	25.416342	18.668818	24.025075	22.719509	32.051014	30.618118	24.567339	24.666398	31.947357	31.359335	16.941382	24.891903	17.781962	31.337920
30.896124	24.265315	25.711859	25.251069	30.214077	17.872486	25.386185	30.779794	20.514995	26.918305	29.002132	24.409633	26.664229	31.042210	31.624425	29.778007	30.105817	27.828318	31.325620	14.824391	28.105870	21.529743	31.417519	27.880474	31.338936	29.837976	31.411150	31.680824	27.382755	18.038764	12.750125	32.473819	30.876136	26.929118	28.156187	30.498006	30.585555	31.605784	30.687675	29.583845	25.715286	31.950964	24.072675	32.292069	19.646965	24.125774	29.228057	19.550859	30.396166	16.937415	23.100005	26.897694	31.549703	22.739470	14.151186	32.465604	32.170778	32.064369	29.783717	28.263227	14.645567	28.411951	28.895096	28.280220	15.896005	22.154846	32.322033	31.083057	31.406682	28.951803	19.884312	31.496756	22.912900	29.741933	31.509334	16.508676	29.828541	32.151179	24.083634	12.890898	8.471160	30.662059
28.569914	32.003379	32.309262	23.904801	20.346451	28.804943	32.303231	25.342498	15.309125	25.433370	30.193985	31.796925	17.110707	26.879384	19.520800	29.514273	19.409699	21.722278	29.169255	30.034794	23.085654	29.601401	20.173997	22.794875	30.566467	26.162924	15.573441	11.836234	25.613444	21.545919	23.830157	26.032870	32.444295	14.779665	25.276156	17.239677	30.264059	19.861530	14.157476	22.169288	27.479729	21.100004	30.468017	25.855781	32.480179	32.041601	31.059254	18.238469	21.952246	31.076156	28.873837	31.260881	26.540540	21.629672	24.460341	19.916320	22.000825	29.550287	24.815176	32.002294	24.054474	30.347768	10.416699	31.693228	31.501221	28.467703	31.615506	32.259245	32.331637	30.601958	15.816650	25.387413	10.097643	24.085134	16.304960	21.425689	26.855799	23.730031	28.008145	30.286348	29.460278	32.024918
32.198384	27.318460	16.365071	30.799983	29.448076	31.298344	28.365403	24.491773	32.466425	26.255504	30.725839	26.603548	26.997579	30.357720	29.938342	31.758955	22.497919	28.554163	17.831761	29.997289	20.312811	16.112192	19.058868	20.879412	30.545579	19.967858	23.285009	20.045867	23.387415	26.619076	30.434933	30.384978	24.437679	12.115101	25.586985	30.450959	23.472994	32.171711	27.011598	26.562666	28.285008	32.215792	10.312509	18.128230	29.289861	30.891023	23.979100	25.094882	24.589347	23.682156	32.005623	19.468960	23.431162	30.323538	24.919288	15.856007	15.135731	30.232980	27.075716	26.183862	28.405362	24.437016	24.605220	26.996700	29.294696	32.504019	26.702496	21.401237	29.726162	29.481877	30.662877	29.028283	22.678846	29.976013	32.069990	28.198677	24.517453	29.052405	29.040512	20.812415	27.785249	30.617559
30.832633	32.423083	21.860412	17.443507	14.397874	27.491019	24.511374	26.242290	28.856968	21.387139	19.803696	31.622847	29.749644	30.848044	30.772045	7.793760	16.551988	15.438845	21.793079	24.256213	12.571857	32.252093	20.711733	27.400849	29.022501	22.455594	28.003223	30.690645	20.844225	26.440693	30.246611	26.019037	32.036481	30.012995	30.549685	16.056963	24.923723	26.212348	17.610442	28.254486	31.533202	30.845881	22.376221	28.888108	29.679697	31.633583	28.882619	17.759336	30.822907	28.438433	29.924962	29.230219	18.686391	32.405915	30.364756	16.548014	25.755089	29.240022	20.333833	21.508240	31.733460	25.939932	25.339061	26.497758	30.209592	18.532415	29.807726	19.488077	25.588997	27.426186	20.993276	29.110119	9.288080	27.192122	29.172431	30.799588	27.342230	15.988259	32.219390	30.269716	27.504766	20.257365
31.419582	26.694607	19.062838	31.775528	25.613810	22.208177	29.486665	26.958672	15.648236	30.070271	28.780756	24.679644	17.512131	32.098916	27.940207	28.477362	24.129016	29.931477	31.652348	32.486306	29.931351	28.821757	26.472862	22.804882	27.857118	31.758377	28.291448	31.854475	29.584387	28.799875	17.317308	29.377053	27.170877	20.025648	29.970824	22.405392	29.490990	32.368870	22.178941	32.141312	15.714166	9.636810	22.525664	11.337511	32.410745	16.419723	23.593706	27.885541	28.300059	28.419456	31.111527	27.777872	31.567966	32.298481	24.730465	32.102670	18.675405	32.275615	30.935447	28.058683	22.886458	25.391438	15.036781	32.433703	21.990008	27.362522	31.044758	27.544549	25.685902	31.915628	24.242258	21.439924	31.347375	19.532602	28.820872	9.632657	25.862000	31.904283	26.716712	32.374735	24.659531	16.510797
21.137540	31.319586	14.287860	15.043395	24.994519	12.596130	25.170492	19.410040	19.020246	30.843665	25.054276	30.490775	13.738032	31.824385	30.660806	32.130868	24.181593	29.177229	16.055499	29.862582	22.243982	29.708525	29.447010	29.214741	23.598301	31.944011	28.092110	17.567784	14.790440	26.140143	26.864311	27.638699	32.172706	30.927035	24.189668	30.967118	23.446684	29.853366	25.802482	30.804620	12.839090	29.760148	29.446287	13.914612	30.718795	28.395239	27.066974	27.758699	29.156683	23.644908	30.858650	30.373779	30.445951	30.645577	30.357726	31.613259	11.175845	27.041601	18.573078	32.076159	30.789210	29.309660	25.499800	26.966867	20.068615	29.078304	30.356525	22.792865	26.940060	32.165920	31.921911	22.313416	31.204752	27.711849	32.176218	28.254108	15.300705	32.486336	30.093690	28.358133	21.629653	18.882848
20.362697	30.446533	26.364616	18.896320	24.805420	32.361757	24.850332	25.247440	28.625880	32.429728	20.579897	17.036677	16.335684	29.435812	32.393466	21.122473	29.805810	32.149699	25.374340	32.484871	32.120585	24.832946	10.165699	28.536889	32.328874	31.073686	31.849594	28.895967	17.917725	25.472277	27.885072	28.562315	23.973885	27.561760	27.730310	30.777978	30.011248	16.442546	10.828074	30.934857	20.336289	29.267543	23.421051	31.014072	31.763999	22.406733	32.045728	30.322472	18.761967	30.877895	26.030494	21.017994	32.269827	12.491856	21.253189	32.320813	27.730923	22.947449	17.763492	26.977067	28.649456	25.112019	13.603645	9.457543	22.500367	12.740184	31.628371	31.422135	31.093178	21.784606	29.713394	26.406173	32.319786	31.545157	24.697012	31.765585	28.724582	20.487878	26.644318	28.305303	24.089817	28.369822
31.358340	20.388952	26.289427	14.245185	28.928240	30.451762	29.504810	21.794641	29.935912	29.576524	28.737607	30.284398	31.604886	32.092338	26.316749	25.253915	30.625709	16.085950	18.849003	19.999350	27.581631	30.665738	22.135825	24.427394	23.325229	31.766615	30.738307	10.095837	9.804542	31.530698	20.150576	23.131476	22.380927	28.491608	13.935640	24.506335	30.054341	25.893337	11.033929	24.363830	29.533960	32.088785	25.151194	25.420037	30.630392	30.231848	31.910207	16.127139	20.428852	27.518694	30.176051	28.922078	32.190183	24.631896	15.592997	32.239564	32.161594	19.491363	30.336179	29.376309	25.709540	23.281919	32.470075	29.822915	32.062703	28.594799	12.712288	15.690476	30.218024	31.477531	28.667644	21.613715	14.080268	23.652485	27.784126	31.473428	32.393065	32.389114	32.380869	22.117835	26.683548	25.207870
32.444132	31.242527	32.169835	29.927173	25.985433	18.213251	30.924023	31.724540	32.234084	12.823676	27.664000	11.972427	32.465775	27.877318	28.727212	31.595192	29.563442	25.715314	25.284135	26.965475	30.720732	26.445749	27.162297	31.587203	26.097601	26.311346	29.942642	28.569346	30.622731	29.204587	31.886571	23.516933	28.675601	31.017302	31.517188	32.040263	11.643357	28.103797	29.130827	31.778720	32.342811	32.078630	28.554407	28.088625	27.061305	22.241294	30.715700	18.074206	27.773759	24.214864	13.747521	30.560260	21.439388	31.427438	16.498503	24.048519	15.018056	13.366849	28.253120	23.995506	22.209294	17.246267	30.088037	21.721508	22.858104	24.809730	28.059379	13.996514	22.106085	27.303825	25.172153	23.141267	25.690148	31.602216	29.011892	31.225880	21.526097	28.435910	29.539479	29.742184	20.140458	16.368336
31.986922	32.385440	11.255489	32.432395	28.258935	31.102103	18.211305	21.280674	31.411782	21.495536	29.967640	29.256060	31.304409	19.593553	31.610177	31.819175	30.681875	19.184874	31.767654	32.220973	21.290884	31.913176	25.692019	15.820270	28.454161	27.747514	22.229754	25.843342	32.139907	21.393758	19.643600	23.945127	29.349104	32.498339	32.105413	28.540764	24.896524	28.279804	21.775503	18.315065	31.194934	23.656162	32.331526	31.236383	24.697847	20.274681	32.481476	26.098039	29.855284	20.722683	27.792971	22.636521	29.591744	22.517597	28.670819	31.714851	15.217865	29.022109	24.672838	24.861925	21.578395	27.599510	29.379854	14.972947	25.266672	20.578761	27.266073	27.124948	28.299926	26.540317	21.141989	11.166471	23.993542	31.666611	24.176972	19.771752	28.172727	26.357942	24.930052	28.780187	26.473575	21.586169
24.613475	31.077422	31.763455	30.173310	26.361713	15.867805	28.549064	22.950324	30.033624	32.236071	32.414864	30.878396	26.479770	31.779185	29.693816	22.877102	29.826747	21.693113	13.490924	27.721717	25.086341	29.558118	30.010328	26.795664	29.057064	27.535268	24.479694	30.717588	29.258671	32.380791	32.228008	27.481659	31.312366	31.853457	24.467581	11.703621	20.806032	25.488751	32.152341	20.099530	11.633718	27.651869	27.574235	23.889475	31.621175	23.079543	13.811117	31.878994	31.324676	27.894168	14.021633	28.349805	20.406965	15.600992	23.012794	29.752990	30.090303	31.274863	30.540747	23.972578	29.827650	23.279845	32.159085	24.222075	26.847162	28.346567	12.831601	31.492275	26.942515	25.390029	32.087839	18.064972	15.924738	29.256978	28.739756	17.151265	31.344064	26.965396	22.780026	31.270137	30.613107	26.432380
24.594576	31.618070	32.198484	26.586103	30.373461	15.558011	28.971424	20.314886	30.532297	20.743317	30.204598	27.350210	22.737214	31.997996	30.793830	25.970925	12.159180	24.655398	32.375459	32.438895	29.044367	31.488439	13.360037	30.707648	32.348050	30.613269	29.499643	21.703059	22.341387	29.128850	12.756133	24.165913	32.173647	32.292452	14.025595	22.220164	18.146068	32.093983	21.360063	31.644165	27.571065	27.775810	32.150808	22.551789	24.612691	32.256062	20.956137	11.347566	23.929309	10.947856	13.196612	31.002306	30.054757	20.945312	30.248307	19.138468	29.943366	28.312101	32.215333	32.190427	31.789505	30.760233	28.193838	27.217838	11.394419	31.995994	25.410779	24.961630	31.715595	20.256678	31.607507	22.577908	31.820008	27.370534	14.919397	31.076351	31.311818	25.314146	31.812095	21.979957	17.815555	28.066776
32.058899	22.182299	32.144843	25.223724	14.412681	30.440403	25.160785	29.469378	31.309248	24.239384	26.742766	30.294574	30.439986	24.860449	27.820961	30.599764	31.424345	22.922905	32.399112	26.797353	31.883515	18.135347	31.979262	20.636408	19.091517	32.130019	32.509492	31.872258	22.847937	30.877422	17.410076	31.119368	29.848371	26.533640	26.746670	21.312216	26.706959	31.314432	29.561202	31.176261	30.653415	32.337383	32.166604	26.566930	29.958299	29.108035	31.619303	30.826345	22.417192	22.802704	14.841172	22.228259	29.180014	31.240856	31.299279	31.196566	19.099980	31.886647	31.379648	27.258438	27.768376	11.812968	31.124673	22.171719	23.482318	31.469470	32.241592	15.738966	29.729547	27.582133	25.425563	32.233288	26.431314	11.423763	14.011500	14.424880	20.405491	30.803538	26.654924	31.847945	32.180735	29.328158
28.216518	30.476335	21.833257	30.454552	29.636803	29.856844	28.892087	29.638744	32.380622	24.590475	28.624931	31.982020	31.329061	23.331386	21.204772	30.225578	29.753732	32.338698	32.481611	26.307326	12.486447	31.747158	29.156423	20.801846	25.032261	30.548759	14.462374	24.030831	22.891903	26.822188	32.247555	30.307198	32.178370	15.443891	17.741785	31.276606	28.578041	31.375723	20.471697	29.656968	24.747455	28.469265	21.983570	20.369120	28.948554	26.714911	31.653204	26.475962	23.629669	29.656066	22.024038	30.436961	29.130332	32.005791	30.452714	32.265392	32.261903	12.258297	21.441996	32.201497	31.403964	32.181287	31.616302	25.853180	16.544885	32.204251	31.188547	23.490025	32.163205	31.923238	14.690530	31.250010	31.291808	31.104352	31.535220	29.969648	27.083887	16.391465	27.110190	30.442868	26.894424	14.385882
25.466582	24.255158	21.624324	29.463037	17.083799	12.750592	32.297718	31.584103	14.340181	30.347954	29.292002	27.196554	29.260506	22.759328	13.314932	19.491827	27.533561	29.978830	29.972476	28.346696	26.786540	29.965207	28.585108	21.413030	22.142599	30.655937	23.446072	31.183094	28.620827	29.589249	32.436898	30.770080	29.299156	30.662011	29.966150	14.636432	27.744984	30.060308	25.793014	29.252446	25.619234	17.051578	24.412017	19.729216	19.669199	25.658918	21.553099	30.203150	22.784542	21.689900	29.133593	31.094876	12.497324	21.315516	24.671094	10.823782	29.129181	17.998783	23.675080	31.740701	22.902832	16.539293	32.106363	31.463183	9.711783	31.449841	29.470028	13.488915	30.757614	23.276616	29.665966	27.469956	26.640591	32.006669	18.312498	29.589114	32.508763	30.676343	16.624666	32.177869	30.679238	28.163470
15.269198	29.221758	30.362676	31.494057	12.932505	32.326074	25.721044	21.391286	23.320184	21.140034	29.120133	27.052379	17.738452	17.899192	31.244422	21.360347	28.902540	24.284688	30.903153	28.558075	20.287207	26.802636	29.551287	27.029272	25.040757	29.988660	30.822347	28.761157	30.283015	26.466111	30.298217	24.067605	31.759843	25.355719	32.024334	24.945401	26.179848	23.729687	31.770833	19.925168	26.651077	28.446674	15.975462	27.055955	15.126594	21.438478	28.319673	29.360680	31.095522	27.168611	20.585729	28.738953	16.280494	31.407693	32.314332	9.693522	20.784407	25.819556	25.716593	17.571831	26.512851	21.083078	22.937809	23.026289	29.330603	29.316104	32.110259	30.905633	20.063180	29.834196	29.994880	31.058188	24.863576	29.577525	20.605593	23.802356	29.334840	26.022875	32.276806	28.397241	31.227472	18.936720
23.848294	30.109995	28.586106	21.234389	32.472052	23.193440	22.525667	25.483062	22.981619	25.877231	31.375668	28.264857	32.383850	31.138943	25.222222	31.171981	31.951905	32.210449	30.349729	32.116109	23.789928	25.670822	6.808137	31.216714	32.351080	20.190452	26.901285	30.828161	18.245647	31.002767	21.210257	30.090281	31.657983	28.630041	16.909816	29.027569	22.348985	29.763120	17.748756	27.041990	32.507431	18.739289	17.817558	12.183721	30.827379	22.805113	31.931891	32.504450	32.377471	29.778237	29.667794	20.789040	26.498374	26.274911	15.373812	27.196909	29.682957	21.706277	18.757680	21.094191	30.530471	32.376396	25.748346	31.871488	26.897689	31.186665	30.100394	25.529625	20.156109	24.476987	26.568250	26.108265	28.276698	29.966111	32.439805	30.857687	29.078356	32.332912	32.062013	30.247741	15.045477	25.346126
23.074850	30.513148	29.061833	23.938714	28.756975	32.458015	20.569864	27.957079	27.904927	31.258837	29.415258	32.177852	29.577273	19.810196	25.665289	32.093777	26.455927	29.259676	26.162537	23.368824	31.689641	29.470419	32.287155	30.451521	24.883189	9.865874	20.996963	26.474730	27.424171	25.992557	26.750171	31.217256	14.123338	24.967402	17.558989	17.044649	29.499442	29.102493	11.851719	30.733182	25.267578	23.989721	21.869903	31.444741	14.321732	29.027286	28.509785	26.512762	32.469346	25.682625	26.871467	29.827390	30.643211	29.227090	10.024878	31.603159	30.866455	31.109644	31.107526	18.247162	25.245342	28.213047	31.335004	28.504084	30.221350	25.805988	30.760230	26.605473	30.682200	31.057818	12.054208	32.223340	18.395640	29.415939	13.232175	14.336401	27.393200	24.572758	21.674617	28.649800	30.213574	27.192061
22.702935	30.931610	29.070503	32.119475	22.574357	31.873467	32.209663	30.079241	27.231759	16.861071	32.497078	20.948063	29.497764	32.350083	29.843449	29.699977	11.071863	21.420398	31.114202	17.494228	9.681687	21.460344	14.946150	28.320292	31.093898	12.795423	28.092235	19.944149	20.346479	32.050280	16.022064	31.184368	30.418720	26.464437	30.317193	32.505125	28.398001	32.030344	32.493974	29.287537	30.212638	32.405552	29.572918	29.915261	32.338716	15.848304	27.569501	31.569527	15.290843	17.724025	27.928339	19.742560	32.013124	29.553276	32.024468	32.074279	29.419336	32.388078	25.533850	31.753142	21.503308	32.479305	24.128288	32.221458	32.057429	24.867945	18.098266	14.790194	26.140061	32.483325	32.025461	15.713440	28.340947	32.432826	15.522094	18.478300	32.208878	27.423220	12.991782	27.349159	24.000515	8.986227
32.370075	22.394825	27.550212	30.666823	28.732905	31.410959	32.414097	28.750754	30.497875	30.375825	26.927664	19.648996	23.762801	31.872403	31.888913	31.873028	30.386102	26.342398	11.933349	24.873454	21.770632	24.046179	29.330665	14.401604	16.106930	24.890965	22.522876	20.381476	32.033732	24.695482	29.186554	22.832381	31.308727	15.559957	17.519621	26.889578	24.061350	28.161558	31.626184	20.785377	28.329974	12.925021	10.285308	27.586022	23.815295	31.787356	26.588574	31.631126	32.501660	30.675402	26.211001	25.648964	18.367498	24.902376	27.794801	31.974268	27.150510	24.865182	30.896492	26.973109	29.288490	27.465961	28.205734	32.164960	30.322077	16.517012	22.252585	21.441172	28.344759	32.463418	32.439472	32.008398	19.957925	22.414799	26.548741	13.001113	19.315738	23.949406	31.345012	19.041436	31.926414	27.118377
27.345355	30.035950	15.120393	20.576910	24.711721	31.030137	31.610672	29.975356	25.832384	28.945748	20.193480	28.457576	27.416212	25.879887	32.507429	31.593677	25.061790	14.810501	22.280922	14.342929	14.253171	27.657935	20.156412	26.701408	31.718838	22.362522	29.989980	22.716092	25.924285	12.182981	16.665310	22.440075	15.154366	24.979263	24.375543	28.531332	32.507133	31.383632	24.528389	25.198135	18.834361	18.317413	12.068956	19.414953	28.670440	30.903217	18.294879	25.607218	23.103039	29.889287	29.138404	32.238052	27.338949	16.509811	19.490640	32.174622	25.042881	23.816475	20.321027	21.750605	22.459583	31.891738	23.566085	16.300623	29.249652	24.737433	31.078197	32.471059	28.172671	32.030044	12.166002	28.821662	32.413359	17.548503	31.746993	30.616293	28.462879	29.136788	32.193562	16.329946	27.228175	22.158595
20.600258	25.834492	29.956498	21.510775	27.656655	29.877342	32.497659	30.552271	32.153349	17.010085	13.401842	24.430278	28.554618	28.308163	26.499921	22.354030	28.515824	20.089759	27.181300	27.979643	23.391840	26.931637	28.865810	22.636506	23.207077	18.787649	29.225229	17.008586	29.318554	32.243354	23.178464	19.230181	24.396601	28.396797	29.178348	16.339687	24.763460	26.037269	23.190828	24.165378	21.297558	25.085184	30.752150	23.464837	21.985807	27.486351	23.814931	31.444094	14.913796	27.087577	23.940071	25.295366	22.994172	18.466541	25.072901	9.723133	30.885931	12.630834	31.887663	30.142562	32.248348	32.163103	27.844285	25.263044	29.393500	30.564291	29.539410	27.973087	30.785889	19.839570	29.455812	31.269334	21.684851	32.175066	32.247618	29.637529	27.216962	30.865102	28.516588	30.939842	27.292258	26.067877
32.373457	32.375302	24.711720	30.199416	18.942046	19.320532	23.009909	22.599154	27.599317	18.222664	18.311043	29.760701	22.645711	27.970897	29.493503	28.272196	30.472509	32.421268	25.735867	31.077470	22.107015	32.006088	28.352447	24.636800	23.945477	18.151403	27.102463	28.540201	27.921363	31.560084	29.284124	22.561752	19.835949	21.385496	29.112519	29.812085	26.444162	31.796497	28.306025	27.328301	15.149553	10.324531	27.566892	22.933348	31.197723	14.082527	30.535448	29.241154	31.736217	32.334369	28.363375	28.206039	31.274063	27.286206	27.782647	32.264113	30.479370	28.892551	31.443364	28.037105	23.350801	27.136515	32.246224	21.959114	21.498878	24.971939	30.107908	17.345411	24.855497	27.948467	10.097590	32.158092	20.729392	21.723388	31.742884	25.718310	16.877735	26.254318	24.580462	15.425096	23.377933	18.073183
17.655430	14.999851	32.387400	23.777204	31.828497	31.112895	8.026746	28.861473	31.177719	22.204939	17.344161	30.645238	26.758961	30.313328	18.742734	22.655206	24.176697	29.842605	15.864964	26.801985	32.030292	28.706084	31.142655	30.599048	10.633769	31.191117	16.284022	25.506514	27.124588	31.496699	28.585242	32.107921	24.403906	28.922707	31.267855	8.100149	30.702490	32.160236	31.937310	14.566981	31.399882	30.399589	30.992435	29.278908	22.295429	29.722272	26.341733	29.342657	24.616870	24.338141	24.382784	28.268827	21.379958	30.290656	20.819856	29.831810	28.369717	23.099673	32.148775	29.055428	28.312198	21.418997	31.866700	27.325987	32.469002	12.616688	31.343806	23.070901	25.303326	24.827042	25.413008	13.535933	20.525045	13.209073	21.394498	24.701678	16.249729	26.312437	29.283846	25.719485	29.746756	32.435784
32.485578	24.516223	28.917680	30.759195	25.092278	28.214985	30.321250	22.960317	24.503692	32.456049	31.426132	15.015357	15.224682	23.158992	20.810037	31.616891	29.241477	23.400075	27.481233	30.319833	26.418011	29.078968	19.210475	13.074686	30.682337	27.718290	31.443752	30.015973	28.331308	30.505827	21.342020	18.867750	26.496767	22.468514	22.068324	25.178746	14.185719	25.339080	30.055360	29.761994	26.846141	19.652299	31.997099	30.139408	22.894630	32.444397	16.342316	16.284593	31.436609	29.361431	18.870176	21.411452	29.017615	27.182393	28.185493	11.043358	30.864089	31.978273	30.290507	31.721071	23.441515	27.829960	31.252598	30.202148	23.058324	31.944452	24.109106	18.849012	27.272978	23.659093	31.943643	32.375091	24.719045	32.506625	25.309642	26.000011	23.153236	32.408568	32.455396	19.725318	31.048106	26.403688
20.809407	27.034182	28.229531	32.476097	25.178949	32.388886	31.805657	19.064916	28.342932	20.984769	26.773906	21.570813	28.725625	21.882827	29.771858	28.705491	27.241831	27.167263	15.670699	32.099233	32.327357	31.719413	27.669381	30.434703	28.611738	25.295536	27.611107	9.795885	31.977410	29.524726	21.329174	28.871965	25.416272	27.977423	21.746297	31.227383	23.972758	31.809200	32.235211	28.433992	32.409798	8.298733	32.189605	21.327241	22.020376	26.037947	24.717039	24.718320	23.483471	24.532925	22.783944	32.212431	24.648878	31.932471	32.240958	14.383012	30.961195	25.358154	27.247213	17.779983	31.356999	30.584475	24.975632	31.455628	31.886067	28.140705	20.246340	24.697814	21.185021	30.078450	31.309508	32.491566	12.958539	15.445161	28.774554	13.360223	29.424221	31.513470	30.959056	28.041129	27.940396	32.495277
28.533071	28.414238	25.717602	23.767132	26.527350	27.178008	32.247378	29.617376	30.786607	17.113838	22.103273	21.513767	15.427950	15.193235	17.074867	10.650974	29.778868	28.191721	21.740127	29.160556	21.099885	29.000036	28.736695	30.688969	31.844219	27.401765	30.350955	29.783886	31.444441	19.625543	18.073354	22.360573	29.631995	30.638934	26.712646	30.158027	18.374929	26.134503	32.501723	31.206904	19.238782	31.511539	29.737797	29.786554	25.291903	21.742417	30.543070	13.427516	32.137879	32.178674	24.019164	21.672326	22.770909	20.423764	30.918465	32.298549	30.637116	30.614885	28.874414	29.114635	22.350299	31.025539	32.133735	31.719235	19.235012	31.282799	26.499391	30.136793	14.012929	28.890474	29.347528	18.312297	17.621681	17.094819	24.937740	27.186556	17.287132	23.841431	32.330687	23.744917	26.465608	27.867387
30.007659	23.963257	23.520940	30.524025	31.725387	29.897926	32.405693	17.908842	30.764438	29.634718	27.287397	25.348431	27.351640	31.813979	26.935418	26.233513	27.603218	13.841871	32.391349	31.614033	26.923393	32.087363	32.499729	22.375874	16.390154	28.086539	29.596562	31.712338	25.897734	29.664324	30.228470	32.274844	24.872209	28.882095	27.782893	25.230441	27.252224	30.222966	26.480979	31.481869	30.534430	30.545823	11.837506	22.810053	18.605246	30.453725	19.478832	30.792609	30.752392	24.749657	26.638422	32.098179	25.439856	21.983328	27.595008	16.560480	31.075222	26.193866	27.705237	30.333446	27.960802	16.301830	20.786893	23.870101	28.542895	26.681779	27.934486	31.149759	32.375166	32.338461	26.816855	29.509141	26.039794	30.042008	22.218274	29.616417	26.117470	21.195418	31.420309	17.672706	21.922221	32.380889
