9.424396	4.236322	9.623799	9.192953	9.373434	9.851713	7.225088	8.583851	3.409557	5.137068	8.332241	8.952153	9.747073	6.021892	8.408633	9.119434	9.820193	6.811556	9.127112	8.843339	8.878865	9.734099	7.906023	7.126810	9.847637	7.508771	6.946331	8.015675	9.402918	5.953543	8.639580	8.461760	7.731419	5.211834	9.752983	9.629266	8.905355	7.732495	7.857698	4.208339	9.849402	9.711754	8.583728	9.490955	8.642009	7.951276	5.874974	9.747654	6.093809	6.545491	9.356082	9.528826	9.676279	8.108950	4.727786	3.908035	7.079636	8.488097	9.215055	8.833723	7.491303	7.258826	4.066947	8.353780	9.204695	7.830555	7.406807	9.221098	6.357695	7.584689	9.315830	9.557062	8.854965	9.317867	9.345873	8.557576	9.251402	9.798651	3.842925	7.752023	8.677054	4.962094	8.684550	8.155392	9.821248	9.857837	9.364451	4.026780	3.533239	9.768070	8.950600	8.622288	8.967681	9.836136	6.262385	9.606644	6.192684	9.672586	4.946614	9.744866	9.784500	6.969334
5.125553	5.384691	3.725996	5.502190	8.161373	3.976423	7.543824	8.896043	8.739422	5.787819	5.192109	9.075591	4.518222	9.561037	7.180578	4.222969	8.358144	8.556588	9.186665	8.610675	6.133165	7.436575	5.527103	9.309559	6.348503	8.404676	9.807940	7.035805	9.475559	6.577640	9.473952	9.521466	9.404869	9.849306	8.060663	9.092874	5.499161	9.542835	8.100267	7.111905	8.847874	9.778496	9.249211	9.817553	9.750656	6.144092	8.944105	8.459752	8.901089	7.028531	8.782215	9.275761	6.186039	9.340167	6.121563	8.359526	8.174786	4.963440	5.381123	2.769092	5.965920	9.262579	8.402185	7.693544	9.781168	4.872754	7.183486	9.680113	8.342356	7.488578	9.766838	4.774313	9.340505	9.027044	8.709817	7.853400	8.066927	6.114410	7.613847	8.812715	6.896681	9.678108	5.682264	9.348794	8.302920	5.140266	9.773565	9.676306	9.633505	9.379316	4.231669	7.461151	8.946743	9.694316	3.287812	9.544970	8.803243	9.495817	4.122480	8.992659	9.653978	9.374996
8.788031	2.995368	6.426182	8.469360	7.053784	8.431395	9.618210	8.119458	9.684184	9.697502	9.275685	4.281551	9.645174	8.674396	9.046982	9.518033	6.273741	9.448367	9.697502	7.218655	9.306978	4.111442	9.775651	7.152393	6.191731	7.854973	6.891445	8.883211	9.853387	9.725433	7.853746	9.830759	9.845171	9.826232	6.248759	8.887441	6.073440	6.625201	9.667155	5.294422	5.900938	6.955984	9.785520	6.357557	8.289895	4.549408	7.549261	9.822268	6.659111	7.697338	9.832280	9.472735	4.624018	2.840707	9.523382	7.439320	8.921561	5.349006	9.664203	8.653090	6.302884	7.002563	9.430267	9.087748	9.442670	9.737863	9.128291	3.280403	9.597236	7.061650	9.552154	5.093534	9.777015	8.676915	7.542887	8.408523	8.678123	4.873940	2.212521	5.304737	8.406214	4.422310	7.225093	2.509934	9.683702	9.467709	5.359601	9.839313	7.678596	7.570040	5.788490	6.610809	6.558385	5.413864	9.765634	5.199195	6.189721	5.083448	8.349285	6.984955	9.384363	9.000887
9.767818	6.509540	9.624380	5.425955	9.344855	8.391363	9.337253	9.843948	4.796683	9.341723	8.292925	9.786928	8.366092	9.402915	8.227941	5.338675	9.330619	7.475661	6.907601	9.757929	9.492507	8.149034	9.540326	8.913530	9.785082	6.631816	4.737835	6.979615	5.275105	5.816297	9.708308	8.575906	9.234667	4.847031	8.406555	9.237958	8.941909	6.512572	6.750372	3.484807	8.996991	8.821636	8.623338	6.355137	8.805020	7.043308	9.806091	8.535286	8.839313	4.789851	9.237483	6.598061	9.846014	9.748780	8.615006	7.866305	6.596520	7.013125	6.222074	8.488931	6.060621	8.486944	8.202716	8.429346	8.568553	5.696143	2.893113	4.610872	7.125603	9.562500	9.530339	9.761215	7.320822	9.413298	4.523720	7.040746	9.683977	8.399522	5.137871	9.833790	8.064864	3.787881	7.857558	9.538173	9.684668	9.172372	9.158754	9.717121	9.004406	8.214370	5.978847	9.416751	8.030141	9.581401	8.802657	8.849189	8.920421	7.863304	9.008148	9.843656	7.228761	9.765743
3.711294	9.117408	8.504125	5.786353	9.454121	9.752871	7.666765	5.744498	9.638818	7.513013	7.879629	8.017781	9.100598	6.471983	8.112053	8.506099	8.788581	8.913829	9.263389	6.433087	7.363717	7.742783	9.102313	7.776665	8.547244	7.709004	6.610402	3.071869	8.079901	8.564750	7.334964	9.790411	9.540567	5.875736	8.881630	6.536705	9.334267	8.812669	9.761397	9.844947	8.570765	5.935877	8.663236	7.396591	7.591462	5.618235	9.422773	9.808746	7.492309	9.593796	9.243077	8.110051	6.727071	6.904560	8.658109	3.738582	9.761200	8.086915	5.738419	7.923742	8.277595	9.690912	8.398129	9.591969	8.995834	8.326254	9.259266	5.791257	9.657152	9.662997	9.797620	9.626331	5.421480	9.080990	9.391487	7.707583	9.641747	6.076062	3.954721	5.551304	7.836639	8.648003	4.463085	4.142868	5.587305	5.507847	9.570362	8.172012	6.151569	8.282942	9.268772	8.787210	9.475462	9.647758	8.165976	7.102719	7.370304	6.453446	4.995411	7.708713	7.939267	8.465417
8.927863	9.586609	9.584656	7.550505	9.420643	8.668972	9.851955	8.701308	7.290913	7.237623	9.269632	8.811121	8.861336	5.136267	6.438451	9.633003	6.009308	8.969565	9.819679	8.275166	9.709685	7.263153	9.128193	9.006703	6.977598	9.300945	6.627761	8.397430	6.320165	2.989942	9.716989	4.435853	8.077251	9.702585	7.284182	4.776545	6.861988	8.602823	5.750489	7.930040	9.769387	9.351915	8.792850	9.435514	9.847953	6.390623	8.695573	9.656664	9.737339	7.719886	9.601815	5.500023	9.309842	7.986336	4.896063	6.320662	3.559864	9.855897	9.489827	6.646171	9.767764	5.073334	6.536358	7.969037	7.870993	8.277147	6.240695	8.209615	9.587621	9.446154	9.279871	7.418764	4.420485	8.894176	9.221342	5.992061	8.806455	8.092725	9.641176	9.437426	7.369640	9.214818	7.697531	8.697928	6.672445	6.841582	8.873063	7.385108	9.794701	9.710189	8.149560	9.794508	6.889024	8.139199	6.338260	8.673726	9.475226	9.310687	7.158960	9.556732	7.135272	9.556657
8.102300	7.358779	6.808466	6.007024	5.379291	3.827180	7.469316	3.193218	9.412428	6.492609	9.684154	8.545969	6.022940	9.460927	8.608027	5.437629	9.072431	9.163725	7.911937	7.604256	9.756778	9.668162	9.658384	9.826068	6.209465	6.385307	8.090202	4.206843	9.743071	5.175616	9.569254	9.809259	9.724065	8.786946	9.692172	9.302813	8.361863	7.714597	8.887809	8.732029	6.358351	9.478424	9.835377	9.817975	5.511028	9.153837	8.737463	8.620074	8.412522	5.074620	6.887225	8.420205	9.693658	8.799601	9.423166	9.853347	8.983709	9.212769	8.336253	8.357819	5.913299	4.748828	9.754673	8.814398	9.451677	9.242547	9.308212	4.647651	8.862889	9.379235	8.132280	4.160594	8.832398	8.296624	9.662012	9.691495	7.655399	8.795712	9.828483	5.752963	8.350770	9.311729	9.154444	9.809361	4.657201	8.035522	9.119866	9.565654	9.347122	9.736835	8.967571	6.966183	9.807983	9.834498	8.262639	4.242652	8.380039	5.841194	8.319227	8.879818	9.855792	4.883462
9.534007	9.633282	5.414212	3.714340	9.546222	9.641079	3.527684	9.619026	9.706243	7.723517	4.282470	5.323829	8.521542	8.143201	8.887367	3.398232	8.358112	8.675740	8.971830	7.997597	9.591905	6.530591	4.434553	8.979549	8.541618	4.452757	9.547802	7.914703	9.173679	9.435956	9.795400	6.312544	9.769246	8.096411	6.958647	7.153492	7.962328	9.839731	9.673917	7.528929	5.675385	8.930953	8.637860	8.901728	9.237459	9.620686	6.474557	6.906984	9.542469	9.310099	8.791436	9.699651	9.026408	8.605602	8.511958	6.222833	7.811352	5.127711	7.344342	8.540027	9.734215	9.313149	8.746729	9.218989	8.572969	5.787555	9.160338	8.211647	9.704992	5.241115	8.450242	9.859882	6.932764	6.245419	8.501078	7.640272	7.601001	8.527922	9.472162	7.026047	9.650089	5.531139	8.004663	7.959622	9.303472	9.573929	9.162260	7.529754	8.082782	7.482302	7.785327	7.751537	6.542424	8.376130	9.689769	9.515728	8.852627	8.994489	7.990772	7.426118	9.237601	9.764580
6.220996	8.812458	8.429899	6.825804	8.881285	8.965815	9.698474	4.799988	7.390883	9.129740	9.099498	6.643020	5.210222	8.865086	9.398907	7.921362	6.405893	9.759883	5.745119	6.328901	5.135310	9.813101	9.298683	7.355855	9.594287	9.165031	9.712103	9.674113	6.270788	3.347148	8.966025	7.520350	8.249820	8.912543	5.573074	5.969546	9.551983	5.024672	9.327387	8.452019	6.859088	8.206111	8.714913	8.283153	6.863134	3.806202	8.953253	8.266419	9.314172	9.387614	8.439261	7.000288	9.091810	9.718692	5.960505	8.957623	9.250035	8.669252	8.896791	9.579056	8.560730	8.774979	9.750995	9.308008	7.823520	8.768854	3.847988	7.980375	8.695250	9.822980	7.355292	4.062869	5.302861	5.827206	3.978728	4.324286	8.187538	7.838392	9.787610	7.510118	7.088751	4.309612	8.685905	7.966005	7.501767	9.423507	2.877339	9.592405	9.555901	9.639660	8.176086	6.245732	7.203864	8.889113	9.854828	9.041149	8.983265	7.424798	8.072453	7.246121	8.275621	7.525095
4.661745	9.533143	8.343272	9.735963	9.813185	9.754401	5.858710	4.458284	6.793090	8.701069	8.234786	9.683266	8.672493	9.771147	4.921247	9.856323	2.826033	2.713884	9.837075	9.834804	8.905354	9.786283	4.842482	8.062648	8.213722	8.445498	8.620159	7.668102	6.786884	9.692963	7.734660	4.520172	5.747747	7.741643	7.317386	5.879680	5.807676	6.817523	9.455629	4.488971	9.800146	9.573163	7.614828	5.658032	7.185346	8.612674	8.367737	9.282095	7.556738	4.986111	8.564915	8.208732	9.712731	8.292200	9.466453	8.488218	9.280348	3.465815	9.573583	9.760167	8.464712	8.195065	7.053594	9.243334	7.603887	8.830441	8.428041	7.649943	4.833737	6.545687	9.008905	8.644043	6.347667	9.590751	8.665468	9.789268	9.852407	7.104999	9.840481	8.566856	9.632785	7.437210	8.195515	8.332289	7.865036	8.588374	5.390921	7.655250	9.648746	8.773311	9.706436	6.340637	9.036490	8.558535	7.110978	9.606227	7.581994	9.735555	6.927283	9.838357	5.705891	7.542108
9.694498	8.731458	9.843708	8.846611	9.792103	9.519846	7.916462	4.150524	8.809101	9.382084	9.035687	5.660623	8.314177	9.305596	6.598789	6.712527	6.706084	7.031877	6.608060	5.328082	7.847852	4.900116	8.853818	8.415230	7.131289	9.666212	9.208308	9.506537	9.804987	9.762646	6.542210	7.966647	9.751998	9.645111	7.960328	5.116600	9.737933	8.434569	8.336008	9.302687	9.715711	9.207564	6.100355	7.043954	8.018712	9.784443	8.710350	9.046910	8.884251	7.711213	9.696047	8.680145	8.480506	9.648800	9.430090	8.752206	7.035840	6.817836	9.252479	7.426715	6.725236	8.805828	6.313973	9.847928	7.142163	7.330529	8.936206	6.038284	7.718443	8.897433	8.006535	3.838569	8.422743	9.814109	8.061029	9.382557	8.821778	9.777156	9.559267	8.937572	2.695585	5.972744	8.408582	7.514170	6.228286	7.146828	6.902350	7.728263	6.055108	8.792171	9.519245	7.909871	6.621015	7.655506	7.862466	6.829763	6.692315	8.945915	9.792008	9.790820	3.853372	7.846078
4.154821	9.561107	8.185421	4.629630	9.342119	8.399314	8.320115	8.802942	7.436179	9.338526	8.764373	7.658857	5.485889	7.791924	5.953632	9.725372	2.978503	9.306618	9.015455	7.318901	6.584366	9.777572	7.149017	8.399133	9.701321	8.533506	6.579129	5.298535	9.289396	4.992377	8.806813	8.885188	9.841471	6.896981	8.860847	7.813351	8.810391	4.434527	9.471147	9.652978	8.476720	7.232628	7.025941	8.513495	4.267257	4.216942	7.735599	9.668041	7.026602	9.358009	5.240981	6.788785	7.967927	9.437644	7.755296	9.719443	9.451832	9.392084	6.827323	9.782511	7.181485	9.282863	8.916238	7.389234	9.814278	8.344060	9.464099	9.268519	9.185365	6.711332	9.068772	8.305032	9.621199	8.834025	9.735265	9.858142	6.367191	7.391717	4.472553	8.921056	2.708404	8.122380	8.211438	8.549037	8.331981	8.185432	8.521455	9.415209	5.426865	5.382200	8.589010	9.177183	7.547261	7.404792	8.046368	8.301394	9.245788	8.235400	9.147326	9.474052	8.779132	8.880662
4.256391	9.126003	9.594145	9.682234	4.830096	8.706606	9.600250	9.060685	6.945915	8.735810	6.929999	8.275222	7.353869	8.912869	9.340154	9.258425	3.610436	8.536748	9.802996	5.590187	8.803406	6.817126	9.648606	9.745753	9.500863	9.588027	9.577582	9.289376	8.319840	6.523137	8.418055	6.558611	9.334266	9.620507	8.700050	9.464839	8.693999	7.949725	9.633379	6.352905	5.270176	9.411595	9.014247	6.345411	9.574402	9.044277	8.233773	9.220204	8.498927	7.945388	7.086893	7.546295	8.456590	9.751939	6.329897	8.949188	7.550963	8.038379	7.470647	7.845372	8.941095	5.098151	6.307116	9.762076	9.235427	6.852553	9.139598	4.453858	9.197955	6.797362	6.828405	4.868170	6.000314	4.246017	8.491909	9.334774	9.411875	6.421091	4.935067	9.459155	7.925686	9.814981	9.229329	4.890273	2.758851	9.650372	4.972038	9.848831	6.323871	9.161277	4.906538	9.398822	9.036562	5.344835	5.233546	7.345666	8.596041	7.729526	6.878119	6.751938	9.422148	6.731724
7.184470	6.956326	9.591734	9.496029	9.478229	8.508109	8.263171	4.383879	5.534951	8.670658	5.839588	4.429208	6.578044	8.887340	9.774282	8.211785	4.980182	8.647263	9.225086	9.643865	7.974453	8.901827	7.133042	8.541591	7.341431	8.392211	3.123839	9.674043	3.839437	8.104817	8.314782	5.336092	9.627724	5.088604	8.832980	9.142958	6.701324	9.286168	8.557880	6.437540	8.873806	9.320304	8.670502	8.293986	9.228505	8.979513	7.974818	8.561818	9.834643	9.762758	4.589127	7.408634	5.256571	6.255415	9.173056	6.121416	8.674140	8.105950	9.351304	9.765144	8.727954	9.120986	9.073215	7.428099	8.700574	9.696330	6.230533	4.412171	8.562049	9.072025	9.494279	7.974458	9.149157	9.206340	9.588651	9.290519	7.343404	7.964227	5.245891	6.305696	9.785912	9.411166	7.137295	5.248402	7.997092	9.659472	9.811335	8.848489	9.378447	7.225906	9.125979	8.396772	8.676199	8.035625	9.231356	7.031933	9.670952	8.850956	8.413940	9.856230	5.612705	8.186289
9.202703	9.701376	6.553154	5.304324	8.329906	9.752029	7.892129	9.264253	9.652871	8.112184	5.047036	9.756777	8.032347	9.778313	7.622828	7.772808	7.712300	7.488718	9.594660	5.061740	9.413658	6.100363	8.481883	6.903747	8.585107	9.574413	7.288107	9.017991	8.674494	8.828829	6.773818	9.561578	7.675158	9.817130	7.334875	5.296902	5.715625	9.401845	9.206452	9.333094	7.020906	8.603401	8.143876	9.549414	8.132514	3.438530	6.315739	7.253852	9.275386	7.801836	9.849240	6.364682	9.541589	9.076396	9.683229	8.993660	7.453499	6.656310	6.454616	9.239391	6.026820	9.734004	6.657531	7.885197	9.026261	8.380357	6.394540	7.935710	6.215861	7.783095	7.895149	6.892708	3.283937	9.117566	5.630762	7.881165	8.188936	4.746264	8.822516	9.790152	6.991149	6.367385	9.473315	9.508510	8.761131	9.518169	6.706654	6.285035	8.576010	5.139409	9.279443	3.866202	6.069733	8.976859	9.858665	5.118549	7.381028	7.153550	5.260739	6.515738	8.961303	8.249771
6.501350	7.669277	8.240095	8.358949	7.480924	9.827097	8.017573	7.701433	8.620519	5.868482	8.926703	8.042804	9.207950	7.791854	9.152817	6.681056	7.270743	9.185911	7.222391	8.252380	2.756258	8.994635	4.378794	8.688189	9.336755	9.103660	8.462534	8.486066	9.143288	8.207141	8.815572	9.392646	3.788301	8.480194	7.308657	8.436808	8.929247	8.842594	8.595354	9.042367	4.432692	3.853437	9.236683	2.581296	9.648117	8.327864	8.570572	8.176996	7.251220	9.195379	5.958100	8.382173	6.313782	8.726338	7.638053	6.706258	9.712861	9.340637	9.746710	9.569559	5.730574	5.673730	6.682074	7.276926	9.678642	9.838318	9.355869	9.832513	6.854485	6.453484	7.634166	9.498850	9.829148	6.736170	5.071364	3.134446	9.100507	9.199809	5.305268	9.589778	7.854078	9.834230	4.121805	9.735671	8.985084	8.547141	6.808416	9.671318	8.767827	9.157601	9.838521	7.230761	8.471846	8.983357	9.806392	5.167989	9.239200	7.842571	9.765428	9.825562	6.788338	9.515378
8.151318	9.120681	9.141516	8.775285	6.949155	6.335549	9.084880	8.474265	5.996204	6.008551	6.755846	9.163729	9.107407	8.251126	6.097734	9.292743	5.878438	8.373498	6.875659	7.337094	8.164793	7.402625	6.795224	8.310956	4.631911	9.442966	8.768267	9.234224	7.973449	4.952161	8.560564	7.982599	8.247793	6.254614	8.209346	6.442850	7.569857	7.756514	8.123118	7.053426	8.744649	9.852238	9.463436	9.171165	8.853116	8.169782	8.531307	9.739187	9.025795	9.824724	9.349234	6.211552	2.910572	6.680726	4.563018	7.963278	9.660732	9.342817	8.251032	8.683584	9.690145	9.552557	9.315785	9.129572	9.853297	8.292295	8.437813	7.659612	7.587012	4.862644	6.912300	4.683475	8.896160	7.831301	8.796304	8.378924	8.306013	9.601745	5.334711	8.652287	6.428612	6.017334	7.395640	7.172392	9.116965	5.525172	6.221639	9.834168	3.910997	5.314057	9.780826	4.504508	7.135428	7.761004	9.427597	9.767376	9.685673	9.420567	4.060747	4.091509	7.422193	8.302434
9.240754	5.479122	9.286641	6.620076	8.044802	6.641002	9.782819	7.522628	8.736120	9.811975	4.611673	7.607549	7.518098	7.882828	4.368723	8.832583	7.521093	8.715313	7.340186	7.857488	9.378742	8.767234	3.813442	9.129001	8.296297	7.261027	9.032938	9.443682	9.762822	7.408735	9.338302	8.942140	9.601104	4.404439	9.320153	8.571903	8.152013	8.761629	9.846441	7.955075	7.662315	6.033966	8.630947	9.787408	7.758007	8.556261	9.358270	8.322346	7.371984	4.949182	8.531060	7.297008	9.670182	9.000626	9.336525	7.598079	7.796059	8.884986	8.750436	6.781821	4.953256	9.361847	9.113088	7.549727	8.482678	9.434084	9.186338	9.551856	9.338779	9.244166	8.759282	8.793322	8.541712	8.440795	9.088325	6.551769	7.952383	9.553192	9.163990	8.408158	9.573838	8.115578	5.057052	5.673490	8.051981	9.010231	5.072262	8.336588	8.295348	9.337186	9.630480	4.082105	8.754221	7.183449	9.236354	7.641233	4.756179	5.269810	9.820586	7.878704	9.790513	8.140373
9.850974	9.855736	5.476178	7.964879	9.161017	7.372080	8.348326	3.170589	9.704164	4.530592	8.463079	9.056215	7.566906	6.960504	7.254807	8.252666	6.871049	9.266362	7.776585	5.394293	8.432707	7.318058	9.768446	8.791328	9.385759	8.530302	7.939929	4.123600	9.626962	9.110646	5.250327	6.009584	8.105498	8.408079	3.042592	9.182898	9.219512	5.362193	9.783070	8.859291	8.090104	7.795669	9.842973	9.834415	7.490984	8.218101	8.304299	8.018861	9.487777	9.767875	9.684275	7.804193	8.248224	9.791458	5.475094	7.329243	5.902309	7.338044	9.365554	9.444172	2.607208	5.156592	9.600889	6.260856	5.198705	8.047616	7.882524	9.340408	4.826095	9.790437	4.228406	6.498424	6.542077	8.416928	8.949206	6.581534	6.473700	9.221746	9.453257	6.345824	8.149084	5.846097	5.185076	8.953209	9.627915	8.294205	5.522024	7.226912	6.443136	9.785628	9.696291	7.122990	8.797512	5.360599	7.167412	8.298002	5.593270	8.951152	9.379719	8.444951	9.398695	9.759399
5.385160	6.714281	5.313436	9.405632	6.217680	9.543985	9.845052	6.885349	6.125038	9.777317	6.652141	9.055185	7.686555	7.644800	8.697314	9.692853	8.584553	8.028482	9.457911	9.647153	7.075899	8.680170	5.618786	9.841511	5.768016	9.460647	3.221559	6.242606	9.673544	6.901294	8.234642	5.926056	9.688780	9.526437	6.481773	5.336938	6.777447	8.867899	9.837505	8.019736	8.619802	9.109380	8.984839	9.491342	8.111190	9.512533	8.138998	8.509154	5.973426	9.404360	5.688057	9.212663	8.493450	7.552199	7.879380	9.759017	6.760220	6.528790	5.176511	9.609088	6.290760	9.075046	8.085208	6.044594	4.155242	6.235715	9.633591	9.104416	3.506432	6.091570	8.832270	3.697853	8.744199	8.859306	6.085544	9.354534	8.842378	2.480435	7.958501	8.196772	9.398915	9.602170	7.364343	9.311589	9.505667	9.681969	6.446771	7.830975	9.582719	9.574976	4.666731	9.343685	9.642875	4.069688	2.874027	9.217322	6.427550	8.177293	8.100531	5.484726	9.283727	8.889717
9.564350	9.183651	9.431663	8.200721	5.678177	8.320862	8.558780	6.879207	7.342046	8.929000	7.876407	8.253465	8.763895	9.356741	4.718468	6.161350	9.465664	9.731475	6.636455	9.574347	9.322335	8.116226	5.199631	8.849646	9.835391	8.881584	8.906971	9.051048	6.353770	9.202019	9.585924	7.692555	4.717273	8.667152	9.766629	7.132360	9.629415	7.767557	6.021331	9.556773	8.737860	5.861589	5.690897	8.743214	8.064104	8.322364	8.985255	9.122634	6.512441	7.391671	5.635391	9.856842	8.787747	5.936632	6.122252	9.461874	7.977667	8.469761	8.881386	8.927048	5.691625	9.766134	9.669860	8.156591	9.092269	9.841829	3.424358	9.669935	5.568531	7.047733	9.586228	7.840877	7.155741	9.171673	7.133214	6.816343	9.375115	8.367873	9.034947	8.539547	8.875309	6.145844	9.531318	9.801400	8.482033	4.234172	8.308322	7.274211	8.128311	9.575926	9.262419	6.587810	7.785427	5.851915	7.917292	6.755147	6.140764	7.316272	9.606874	8.968920	9.835084	8.598171
8.262208	9.256383	9.237008	5.481202	4.103384	9.796827	4.518925	8.866872	9.638384	8.490045	9.657872	9.748416	4.821197	8.629573	9.294270	8.915711	9.831841	9.642200	7.946064	9.491553	7.523638	9.503873	4.773901	9.171662	7.894040	8.978398	7.026869	7.369696	5.776293	8.443046	9.498969	4.224503	8.045879	9.619591	6.652321	4.397309	9.341622	9.723991	7.018345	9.556861	3.468177	9.067792	9.810261	4.204364	9.030484	7.380995	5.374556	7.786396	9.460083	9.115784	8.195120	9.412757	5.372727	9.263406	7.177924	9.811585	8.796456	8.302568	9.240241	9.766839	8.526694	7.936455	8.819249	5.635177	9.653894	5.945191	9.668160	7.647104	8.440159	8.675743	8.216860	9.831412	9.678159	3.915722	9.222368	9.675003	7.097213	9.423975	8.250864	9.465030	9.489247	9.573330	3.567185	7.727181	5.199381	7.026837	7.825086	8.354901	4.368201	6.494788	6.293330	4.555117	7.482637	6.785380	6.230747	7.598859	8.012141	9.465277	9.473630	3.660473	9.778831	9.535568
8.705143	7.371220	6.903490	4.696099	4.159252	7.754826	8.538014	7.123687	7.866272	9.630681	8.418665	9.701719	6.816755	8.762656	7.520614	7.660210	9.580772	8.056355	5.092450	9.002444	7.472011	4.558307	4.845281	8.643213	7.686804	8.443592	8.771121	9.194661	6.571820	3.258073	5.715277	9.771116	9.448706	9.269716	9.286992	9.844560	4.609229	8.968274	7.077257	7.736848	9.336081	2.465495	7.803196	8.372153	8.010000	9.182271	7.004214	9.318673	9.190283	5.557324	6.296712	7.721127	9.857005	4.705703	9.413667	5.517430	6.318300	7.690940	9.797891	9.271463	9.712531	9.254027	9.453069	7.607165	2.825515	8.669866	9.837348	7.487325	4.558891	9.726765	6.293004	7.260375	7.853024	9.339114	9.617393	7.450314	8.491596	6.342349	9.214914	6.683628	6.507819	9.812140	8.274013	5.412029	7.471230	6.807231	7.563197	7.125393	9.266338	5.578374	4.945272	7.407989	9.784587	9.070784	9.791964	6.303648	8.480932	9.618300	9.548198	9.294318	7.069081	6.815676
8.219588	8.750393	8.734868	7.906422	9.589467	9.379422	6.857755	8.322064	7.996682	6.413958	6.491729	9.163465	5.064768	7.052798	9.606361	9.512233	9.785147	9.353393	9.816625	8.466926	9.583717	7.401944	9.265754	9.535915	6.050065	9.729372	9.384946	9.602421	6.555869	9.694085	8.409253	9.618118	9.407836	7.650985	7.600401	9.809659	9.480548	9.804416	6.693855	6.407455	8.069551	4.443208	8.830371	5.658639	3.935598	9.335754	8.338971	8.688186	8.493222	9.711246	9.661826	8.118182	9.072317	8.319596	9.749282	9.834372	8.899644	5.603780	9.647688	5.450841	7.309563	8.624941	8.803426	8.533206	8.297965	3.369643	9.671903	8.871896	8.523484	8.981641	6.766810	8.119016	7.735899	6.716067	9.427484	5.774895	9.450988	8.397982	7.258148	8.109846	8.951341	8.703720	6.775602	6.198993	9.095106	7.635628	9.121719	9.644283	3.531230	9.498615	9.800727	6.798923	9.133353	3.735750	9.203594	9.779796	8.366287	8.798363	8.041294	9.794083	9.135270	9.245112
4.813694	9.134534	7.239663	8.575868	9.792133	7.836679	8.036531	6.713197	4.451601	7.724856	9.480708	7.556283	7.649221	7.808265	7.889716	9.689447	8.684123	8.025433	3.718839	7.943446	9.450859	9.354585	5.748797	8.679369	5.191719	9.400827	8.509790	9.492740	9.210499	2.896447	8.472733	9.785768	9.568110	7.798249	9.157233	8.653075	9.665249	8.005172	7.537908	7.645094	7.628458	8.467475	4.908939	8.153674	7.393115	8.293791	9.806324	6.203938	7.048775	9.822710	9.736873	8.979467	8.184173	9.022170	9.456703	9.806288	6.687300	8.342967	8.930343	8.649160	4.823793	9.486825	9.727648	9.631019	9.559301	9.834827	8.031795	8.166067	7.531388	8.056382	7.720442	8.866988	9.850139	8.280059	6.206866	9.096617	8.735480	6.761902	9.833330	7.825435	9.617686	8.331975	9.073927	9.470284	7.358241	9.721260	7.665031	9.368692	9.305877	7.128915	3.477816	4.702138	7.243568	6.645975	7.386544	9.851593	8.177885	7.157311	8.971123	9.803314	8.624166	7.590267
8.355446	9.150707	5.932680	4.115037	9.619851	5.632157	9.084578	9.249379	6.501324	7.395383	5.820184	6.146222	4.739154	9.289526	9.552961	8.495088	6.420945	7.857244	8.185046	8.890205	6.903997	3.686025	9.814485	9.712342	9.859671	9.018339	9.086266	9.176316	7.456479	7.326281	9.633558	4.582472	4.599863	9.356499	7.564544	6.992719	6.797588	8.926564	8.919055	8.808773	8.904420	8.990015	6.961449	7.032781	9.487876	9.027175	5.815183	6.637198	4.162891	5.041164	4.149627	5.804973	6.596730	7.001729	8.356626	8.165936	9.554094	9.685538	6.447522	4.903706	6.939343	9.150282	8.914163	7.746422	9.702968	6.159323	7.603070	8.601671	9.495202	4.033271	8.965930	7.343300	9.778224	4.488221	7.323474	9.718735	9.710825	8.470920	6.676638	4.905317	9.297066	8.697162	6.909348	9.596061	8.196511	8.930895	8.466792	6.543569	9.450101	9.812649	9.613850	9.607862	8.967515	5.508805	6.803518	6.187657	6.140153	9.059359	9.250698	8.408543	4.452674	6.221777
9.097261	9.032731	6.797066	9.078999	9.261569	9.822360	7.523174	9.219682	8.571326	9.457779	9.207029	8.669674	9.283628	9.172250	8.058455	7.664589	8.917604	6.491579	9.488715	8.857906	7.759614	7.861701	8.695528	5.667188	5.639829	4.980745	6.138153	6.588978	9.844480	6.814061	8.389291	7.674788	8.451226	8.212976	6.228011	9.485433	6.738753	9.137771	4.871502	5.761021	9.798919	8.192401	5.021976	9.582407	9.725804	6.424888	6.289431	9.372426	9.403331	9.537088	6.665021	8.642181	9.841003	9.535654	8.024304	9.525837	8.729276	9.658750	9.629501	7.696636	8.118882	9.312387	8.675235	9.819356	3.950738	7.274777	9.236838	7.848258	7.338262	7.797162	7.930223	6.325807	9.031108	9.241146	6.377058	3.432930	8.005933	9.107643	8.330117	7.597048	8.971621	8.496506	4.015444	9.135819	9.774334	8.650903	8.366595	8.658734	8.713767	8.777109	9.765078	5.564988	8.801852	9.759192	8.708190	8.881251	7.623131	6.737675	9.182108	7.120734	9.690761	9.731475
9.804368	8.851899	9.085097	6.613090	9.766601	6.737239	7.365982	9.386707	9.123155	9.079784	9.009567	5.860021	8.243313	6.069737	3.569496	3.674029	6.377139	7.948462	9.747674	9.555027	9.312610	9.188441	4.851681	9.171819	9.822454	9.367911	7.780422	9.785943	7.949355	4.716513	9.467078	6.178300	9.382543	6.526312	8.857229	7.971160	8.756628	6.485806	3.432332	9.602293	8.827106	6.803624	8.988342	9.476287	4.657845	9.518063	7.482982	8.817947	9.787542	6.890437	6.088330	7.760964	8.681869	8.534506	8.306704	8.470486	9.827365	3.927353	8.591256	8.545405	8.116899	6.329263	8.652196	9.118595	7.730832	5.905781	4.022092	9.102992	9.536217	6.937761	9.695954	9.083921	6.500789	7.372889	9.737957	8.676535	9.618169	6.379133	4.945354	8.986777	9.593908	8.721689	6.136838	9.261889	7.936397	8.789761	7.278562	9.668041	3.525468	9.834322	6.282224	9.391391	9.851204	3.307716	4.091736	7.707872	7.911012	7.251878	9.638524	6.733785	8.174021	8.913253
9.697656	8.637159	7.467734	7.362618	8.555799	9.654613	9.128469	9.820085	8.966551	5.873616	9.613606	5.329668	7.502899	9.811227	8.643346	8.675710	9.112383	6.191487	9.798335	9.796570	4.682818	7.793300	9.763929	9.542188	6.956661	6.998558	8.052214	7.307399	4.081006	7.661538	7.560501	9.392674	9.766672	7.491328	9.653631	9.392641	5.064595	5.025558	8.849351	9.402770	8.207790	3.763162	8.615524	8.961474	8.388708	9.385053	2.868414	8.826805	4.229994	6.841083	9.577896	8.966789	8.199189	8.172935	8.176695	9.581258	5.944469	8.631325	9.250732	9.749152	4.470034	9.723922	6.666495	9.093949	8.801938	9.120219	8.140450	9.854918	4.844472	8.630732	9.384973	7.635718	8.866510	9.465883	4.823894	6.663609	8.845708	9.607414	9.521194	6.061754	4.752386	5.839837	4.410241	9.452610	7.036845	6.462233	3.963071	9.605311	9.764079	7.549302	8.398073	4.100445	4.411113	9.358345	9.443586	9.548308	7.866075	9.650562	7.308320	8.178776	4.878835	8.765044
7.552110	9.694777	8.786397	9.534362	5.695919	4.493192	4.531436	9.850914	8.489401	6.236395	3.132748	9.797270	9.615241	8.506100	8.431092	9.116963	8.710240	6.706492	9.162345	7.299095	8.696842	9.487536	9.312871	7.368423	9.579973	3.852960	7.025704	5.446226	4.149901	5.009912	6.163436	9.716913	6.362603	7.632464	7.150832	4.136055	7.608848	8.220913	9.617608	8.801659	8.039000	8.800137	8.996515	9.652878	9.266688	7.385463	6.142760	7.856238	6.516478	8.753348	7.965146	9.406917	3.872695	8.770250	9.671216	8.902600	5.753726	8.042081	7.712052	6.823280	9.450154	8.007660	9.628194	7.482911	4.662926	8.425702	6.476933	5.917627	9.443036	3.812198	6.377884	9.458624	9.859881	7.494481	9.769413	6.926077	7.557526	6.092501	6.651296	9.744922	9.636527	8.347840	5.610911	9.779922	7.268317	9.795494	9.501954	5.696863	8.345597	5.378107	9.609825	4.697872	9.203483	7.079075	8.116371	7.810714	9.713052	8.106637	6.667989	9.388453	7.380121	5.280792
2.284996	8.959527	9.444694	9.478725	8.197038	9.505410	9.409775	5.826697	6.837272	7.991048	6.853567	6.006460	6.565128	6.362043	7.084484	9.317697	6.534147	6.314767	6.711412	6.275848	6.051424	4.090372	8.902074	3.284762	9.713464	8.612379	6.348374	6.479661	9.172691	8.365157	9.061496	8.856975	6.637580	9.060188	6.229665	4.386918	8.195307	9.730930	8.301908	8.863589	8.697863	7.709035	8.083030	9.800309	8.256804	8.280180	9.403570	9.796331	7.870166	7.678348	4.759525	8.952370	5.899419	8.751214	4.379154	8.943172	6.153366	9.651609	5.051431	9.225041	5.465778	9.657970	9.540819	9.001054	9.518606	9.047436	9.856233	8.514369	9.431479	6.026672	3.273757	9.850949	8.519262	5.825870	8.944275	9.819118	8.502857	8.825239	8.774465	9.128121	9.253704	9.420907	5.338997	8.151368	6.255489	5.524988	9.758705	9.075076	2.871139	9.542634	8.478784	5.917613	9.833022	2.540071	8.370758	7.415348	6.966613	8.703374	8.927899	9.678987	9.798825	8.576583
9.672851	9.491360	8.475228	9.585290	8.324311	5.984328	9.641560	9.656548	9.727920	9.842332	9.703531	6.890965	9.857758	8.184217	9.132091	4.102597	8.738666	7.758871	8.763451	9.632942	9.540913	5.715602	9.736113	8.296748	4.205121	7.699830	7.838400	7.755223	4.030462	9.840403	7.187794	8.062494	6.293332	9.796285	7.860567	5.910893	6.543683	8.479676	9.347108	8.971570	8.422673	4.587233	3.041063	8.522353	8.884115	7.094613	4.354261	5.367628	9.808851	8.405783	4.179965	9.368957	9.752841	5.471948	2.314944	9.765855	8.726187	6.552125	6.569329	8.567479	9.499557	9.591546	3.060220	8.180832	4.991403	7.462108	9.252819	8.068630	4.086577	7.443672	7.594531	4.937180	9.706232	9.236624	8.109745	9.036252	9.674512	9.834051	8.071298	5.494127	6.718738	8.475044	8.682882	6.029900	9.570707	8.275737	7.766389	9.562614	8.315815	7.370793	9.737317	4.578500	9.068198	9.648200	9.727099	8.953057	8.931581	8.008333	5.935565	7.319901	9.414039	7.216456
7.988191	8.361139	5.087794	9.782009	7.781098	9.446873	9.702415	7.212999	8.606555	2.654796	5.454882	8.335951	5.449210	8.892309	8.113317	7.322552	9.582368	9.053391	7.433175	7.077915	9.325101	7.707268	9.580460	8.769076	5.832638	7.615086	5.690442	8.208956	6.162177	9.470262	7.075134	8.192381	9.780137	9.727515	3.290803	8.143379	4.870077	9.768210	9.362769	8.034790	7.608851	5.061118	7.957638	8.180243	3.927367	8.967236	6.474027	8.746867	9.531356	8.485715	9.791884	8.906061	9.672047	8.964621	9.662206	9.826459	3.878204	7.644017	5.432617	9.799028	9.267616	7.151199	8.355927	9.771094	9.570460	7.828962	8.604419	5.441391	9.515389	8.707453	5.880452	8.654035	7.380424	7.263556	7.626654	9.058291	7.443844	9.849052	6.799141	7.450644	8.531135	9.660425	4.966736	9.558533	9.298961	6.737132	8.794117	9.078371	9.243235	8.408707	8.343824	8.893156	9.859162	7.152005	9.703506	4.565656	6.822801	9.191659	4.567342	8.324617	9.826013	9.857511
8.055843	9.298739	9.500259	9.093692	5.461323	6.727282	9.639117	8.265984	8.847270	7.854894	9.621955	4.806007	8.852228	9.648680	3.867639	9.080382	4.611227	7.965313	6.358655	9.400565	8.608833	6.852075	5.611027	7.653628	8.472700	6.622826	5.814304	9.700338	7.834823	4.820454	8.249318	9.683091	9.821953	9.828710	8.062145	9.812036	3.236435	9.181879	9.566842	7.273503	6.702990	6.667281	7.313872	8.010307	9.292758	8.551927	8.130420	9.179157	7.262472	9.361096	9.013537	5.109232	9.826790	9.045506	9.750967	3.527258	9.714554	7.906550	6.828743	7.613869	9.360294	9.405523	9.487030	9.421577	3.317488	7.680630	4.258016	8.599310	8.726909	8.812447	8.920644	9.616897	7.226718	9.382936	7.244755	9.839437	8.362988	7.799040	3.751886	9.293258	9.254384	9.662546	8.157145	8.000988	7.667803	7.347131	9.205393	8.630518	8.306915	5.713664	9.150106	9.163615	8.720160	3.055730	9.746513	9.470487	8.762055	9.644857	5.078689	9.469743	9.780943	9.750708
8.520168	8.733263	9.857776	8.204588	8.723407	6.423636	7.809697	9.680863	9.090545	6.111894	8.668817	7.826856	6.600239	7.418768	8.892423	8.455670	9.465031	9.280528	7.201379	6.590473	8.390897	9.574110	9.756032	3.121691	4.517893	9.402685	7.272623	8.988046	9.596152	5.983483	8.751244	4.852756	9.180826	9.676775	7.109196	9.658995	5.737104	6.271268	7.591223	9.663434	7.854024	8.647269	9.496433	4.604036	9.313893	5.820581	8.461443	5.960431	4.181280	9.825108	8.497840	8.807328	6.981717	5.661051	9.342602	9.731839	9.751051	8.212319	9.859810	8.256082	4.645238	9.488370	4.831302	5.540291	9.492566	7.984194	8.986270	8.002435	8.285555	6.498970	8.575875	9.607569	4.536118	8.951265	8.482843	6.117465	3.140775	4.417266	8.759452	7.809269	4.250157	8.888785	4.986999	7.646507	7.504120	5.745773	7.933450	8.257013	9.196968	9.498359	9.333904	6.479605	5.372703	9.748390	4.994590	8.397426	9.718261	7.277246	7.645231	8.727305	3.764712	7.024240
6.830924	6.065656	9.739907	7.976484	9.847331	8.349991	8.282270	9.281071	9.802560	9.415419	6.110151	9.789291	8.847161	8.580428	8.240289	4.654464	7.428449	8.930928	7.700963	6.704364	7.626178	9.755987	7.487672	9.131289	9.858463	5.425696	9.578592	7.793163	5.552973	9.763368	9.367169	6.903249	9.602428	9.028870	9.646431	6.199280	9.590427	8.470639	8.347435	7.759302	9.376529	9.753937	8.437097	9.425195	4.595425	9.560253	9.675713	8.697531	8.291070	7.377874	9.436708	6.933008	8.909567	9.413694	8.459472	5.768934	8.957730	9.535309	9.742683	9.249730	9.530595	8.724519	6.839748	7.687960	4.110760	8.584362	6.484720	9.037760	5.657318	6.452882	9.595180	6.818008	8.934730	9.664935	5.826103	7.912245	8.717865	9.235245	7.232334	5.679774	3.104481	5.768092	4.329502	9.687696	5.757348	8.311605	6.248724	7.462295	9.263282	9.385783	7.180161	8.868247	8.260599	7.052742	5.870965	5.279400	7.472406	4.765261	9.273659	7.954457	9.320396	9.347009
2.816134	8.804898	8.430754	9.283456	8.397305	9.469774	4.760155	7.979461	4.507404	8.898899	9.559840	6.974902	8.295661	9.435318	8.079207	9.840758	7.552290	4.285653	8.763746	8.711076	6.896308	8.226554	8.238793	4.075871	9.848880	8.207136	8.323430	8.391626	8.907129	5.904671	5.064279	8.658179	7.451174	8.547828	7.635941	5.668924	5.322138	5.277923	7.354821	4.708912	9.538871	9.828052	6.148997	3.864157	5.043183	8.997234	8.820674	6.943056	8.983321	7.767363	9.427160	6.544694	3.900316	7.251680	9.715169	3.276687	3.971134	9.853192	9.610302	8.933475	7.888041	2.434997	8.267245	9.688406	9.104978	7.574139	2.485056	8.943742	4.902776	9.809847	9.471115	8.425207	9.814441	7.333451	8.012026	9.667000	5.167891	5.769017	8.868447	5.797072	7.599881	9.581151	6.952362	9.405191	8.120481	9.246677	8.680913	9.856289	7.519201	8.972612	4.015308	7.632276	6.008646	9.163265	7.447634	9.597409	9.503766	7.219023	8.802618	9.544995	9.028449	5.490706
9.729730	9.451314	9.579413	8.460326	8.811912	7.623456	6.800953	5.757890	6.769709	7.904698	9.058475	8.676975	9.108592	5.837650	5.316326	5.698451	9.381986	7.500390	8.548587	9.248976	5.884268	9.628946	4.585857	6.004257	9.663036	6.481307	8.448208	9.709042	4.462962	9.317961	8.704233	2.385907	8.957121	6.151356	6.665832	9.239250	9.760588	9.403778	6.523201	9.698154	7.005677	8.865193	9.796528	2.615519	9.450267	5.729608	7.115760	4.991435	3.156761	8.303944	9.584235	9.567458	9.535894	8.995102	6.609891	9.404476	7.030041	9.566868	9.818792	6.969845	7.855673	6.475621	9.739517	3.286076	9.488040	5.691830	9.580637	6.964660	8.193406	9.250184	9.812183	8.395891	9.850990	9.616794	8.209046	9.156728	9.508002	9.687225	8.955611	9.323931	8.176637	5.977874	9.688393	7.533673	9.347474	8.718079	9.473582	9.364525	8.981849	9.277853	5.751352	8.879263	4.226487	7.563952	8.892330	5.374773	6.236034	9.737703	8.809066	3.819188	9.496956	8.463581
9.395543	8.203558	4.981733	7.092293	9.856295	6.556487	6.641942	8.167986	5.773482	9.332872	9.464353	9.057898	5.684225	9.850561	9.117853	8.001472	6.311654	4.791758	8.422992	8.877922	9.597855	8.539260	5.523898	7.761805	8.180215	7.396702	9.145988	8.983580	8.766872	9.783292	9.748507	9.433759	9.836780	5.661105	3.435985	9.606422	4.510358	9.780522	9.340751	5.991944	9.158321	7.390919	4.235736	9.370041	9.398925	9.349337	8.793608	8.857494	9.329299	5.461875	9.760277	7.951273	7.740343	5.244915	8.944177	9.411265	8.740033	9.769339	8.406415	8.937532	6.071952	9.396821	7.704451	4.241868	7.182375	9.739589	7.015272	3.668527	9.157595	8.827855	8.485544	9.622799	7.308109	8.265322	6.097661	9.001710	9.290983	8.858274	6.879805	4.932360	7.930403	9.194531	4.493423	9.364984	7.478010	9.805822	9.732010	4.770380	6.548098	9.247347	6.056946	9.779233	4.962937	6.565960	9.096744	9.185259	7.123558	9.141901	9.834144	8.890964	5.591346	6.667185
7.066616	9.626752	7.748202	5.794043	6.004181	9.324043	4.541870	9.534605	9.709494	7.215306	8.921146	6.109850	8.514711	9.849908	9.582202	8.255719	4.245069	9.554812	9.693685	5.195841	9.046666	8.888176	7.620175	7.058327	4.522469	7.672213	5.143350	9.642430	9.800709	9.330812	9.389110	3.565159	9.261940	5.500656	9.696107	6.942682	8.771509	7.605091	3.725592	9.246858	4.569301	7.218638	8.969601	8.721233	8.188154	6.993453	9.669057	7.920279	9.088404	9.729310	8.795843	5.976708	7.330603	9.170772	9.114478	7.959378	7.330738	3.412172	9.060372	7.157898	9.630521	9.858177	9.622794	8.697777	8.042244	4.128681	5.116740	5.998933	6.274746	7.011897	9.380698	9.680002	7.946130	8.721872	8.627977	8.178505	9.113847	8.742506	8.845312	9.017961	7.302330	9.057884	7.248575	8.108100	9.739101	7.661161	7.398328	9.198432	8.966368	9.152189	5.654625	8.581037	6.786391	4.632692	8.131874	8.954878	7.027057	2.441711	9.745634	9.664317	8.894066	5.639151
5.211572	8.830613	8.783953	4.433295	5.731390	9.347449	5.294690	4.786596	8.815279	7.003802	5.428243	9.816400	9.100697	9.079839	9.185004	7.993951	9.194286	8.702184	8.210416	9.559953	9.382867	9.216699	9.569390	6.592831	9.547345	3.014412	9.573663	9.147133	9.852213	8.344810	9.662032	9.474052	7.757692	8.352957	4.820306	9.609935	5.884447	8.251707	6.849961	3.626337	6.569440	7.276514	9.171459	8.567052	8.649090	6.547639	9.020452	7.887810	9.231139	9.056234	2.527711	5.253939	8.165669	8.295356	3.005283	8.914994	6.640514	6.665880	9.765478	8.915133	3.789749	9.260573	6.147109	9.847433	9.835269	7.549255	9.395769	9.555041	9.518541	8.844339	8.979907	4.894281	6.745961	9.542136	9.441179	6.953702	6.685426	6.801932	9.519434	9.516444	3.743995	7.145966	5.902424	8.285694	3.667724	4.166067	9.608536	9.324143	8.152134	9.586610	7.547009	8.499044	5.705559	4.671953	9.288394	7.134738	7.159478	4.853529	8.651834	8.668192	9.250575	9.324295
8.406606	9.805075	8.145589	7.894308	8.558831	5.114104	6.119915	4.558635	7.420971	5.801353	8.701898	8.831922	9.287056	8.615443	9.766499	6.624603	9.635455	5.862182	6.324696	8.889064	6.166014	7.666078	8.447531	6.660512	9.271475	9.741309	9.013220	6.668812	4.130248	9.019235	8.429291	8.011129	9.651711	9.813315	7.846963	9.684000	7.377615	9.636254	8.337673	3.822689	8.269278	8.314116	3.598316	9.263530	9.339731	9.572930	9.607643	7.336454	9.154431	8.195444	7.963942	7.629772	4.551749	9.480210	7.915421	7.305809	9.661430	8.939511	5.427989	9.163378	4.782880	9.084994	8.779897	5.745290	9.611243	9.654109	8.958033	8.991737	9.352654	8.851147	6.732589	6.849769	9.707217	9.853374	7.123518	8.469517	9.345601	9.446911	6.879117	8.739025	9.672992	8.744920	8.451253	7.075639	8.694609	8.647232	8.667458	9.183178	5.962191	6.826461	8.041502	7.856062	7.837973	9.375522	8.583560	9.221873	8.912446	8.096428	8.159728	8.055704	6.496028	9.041672
7.859934	3.419862	9.046047	5.937427	9.129690	9.202906	7.832250	9.848423	8.764867	9.608767	8.525159	5.421973	6.354780	6.559138	8.059287	5.428104	3.637853	8.580027	8.463329	5.047187	9.664877	9.152004	5.851913	9.644143	9.549153	9.846338	7.503916	8.621828	8.795402	7.665117	5.508448	9.842997	6.735685	7.157059	9.439106	9.709988	9.329825	7.113866	6.310255	2.864947	6.039727	8.955447	6.922746	6.682622	7.920091	4.705071	3.195832	5.338666	9.829527	4.411651	9.252064	8.970006	6.574399	9.650727	5.589802	6.673663	7.307218	9.367663	9.136674	8.832659	5.399631	7.890278	5.463315	4.249308	7.288605	5.571423	9.723323	7.229830	7.492715	8.523844	7.681692	6.528222	7.855076	8.948362	9.269049	5.016737	7.898802	6.347939	3.855741	8.288241	9.848277	5.275753	9.789475	3.896597	9.012673	8.820488	7.558515	9.842550	4.709856	9.317764	5.326157	6.360553	4.070705	7.090303	6.706184	9.745960	6.714319	5.919188	9.257163	9.833070	8.543429	8.549045
9.043343	8.501062	3.539663	8.773709	9.007206	9.282450	9.003590	7.498585	9.439233	6.877284	7.495856	7.443843	8.155030	9.780248	3.072324	6.377395	8.380656	7.933710	7.230553	3.071621	8.384476	6.239416	9.097572	6.352466	5.341684	8.896765	9.171140	7.756106	8.726712	9.474199	8.124174	8.652395	7.336840	9.668403	6.158077	5.140780	9.215675	2.856211	9.736866	7.840060	8.314484	6.021446	3.640981	7.073935	7.793965	8.578773	5.943819	8.580366	8.324586	2.206392	9.840768	9.324784	6.619569	6.956529	6.185233	3.875501	7.232558	7.761937	3.130436	9.724902	6.180775	9.527007	6.119528	7.563142	9.540024	9.169779	7.389432	8.722668	9.769855	9.679144	5.974499	9.742439	8.916316	9.259367	8.909346	9.544959	9.288041	7.586959	9.400081	9.605345	9.217512	4.886570	8.569141	9.549526	8.695975	6.793647	9.566566	7.645124	9.413253	9.215939	8.270688	3.285074	9.750677	8.688475	9.783986	9.205099	3.067020	6.995233	9.055528	5.001862	9.495007	7.367327
6.645630	9.330456	9.278427	6.006701	8.235201	9.688079	8.406068	8.903986	9.243100	7.163848	8.377230	3.891278	9.793299	6.884220	7.936470	8.979865	7.115793	9.630234	9.624485	6.757383	8.748414	9.811257	4.377563	4.149080	8.789047	7.704253	9.219605	9.499625	9.389089	9.138872	7.072270	9.787451	8.889708	9.627342	9.760386	6.130209	7.401756	8.907772	8.448599	9.798744	7.130009	9.333693	9.666087	6.009299	7.370399	8.283870	9.129622	5.852035	7.951812	9.572317	5.788889	6.714373	5.482580	9.682065	3.848782	6.922381	9.129752	8.982090	9.769364	9.834445	7.661478	9.750658	3.713934	8.935534	9.841314	9.509362	8.952540	9.177979	7.802055	9.139071	9.742731	5.780235	8.534496	8.954395	9.171523	9.091848	8.534865	7.746853	8.330401	8.750759	8.615189	4.872568	9.814385	7.231022	7.891595	9.638497	9.602993	5.991537	9.773777	9.210576	9.568687	9.026270	7.481914	6.037368	9.270470	9.673381	5.953256	8.812174	5.603452	8.603297	9.431536	6.671158
7.052159	7.063562	6.752443	6.321837	9.527542	8.860149	9.849875	8.289934	8.790148	9.419708	9.793660	8.823619	6.926593	9.767389	7.089795	5.040457	8.637379	8.828928	9.493472	6.400024	8.233570	5.412769	8.612903	9.164959	9.823652	8.849159	9.696828	5.309761	8.890738	9.667351	9.451890	7.499639	9.058680	6.268623	9.174680	6.439906	9.829365	6.174371	9.699847	9.107996	8.637810	5.906115	8.003950	8.689767	8.879203	6.944047	9.218034	3.854854	9.756693	8.658439	6.926355	8.295182	4.341265	9.474108	8.608375	7.492021	9.791787	9.578984	9.077118	9.477597	5.651344	4.095848	9.818182	5.339055	8.966822	9.848980	8.971843	9.764297	9.063499	7.380749	9.248131	8.065355	8.560325	9.739823	6.454637	7.988566	6.483540	8.224963	7.175230	4.463491	7.892417	9.270330	4.229892	8.470887	9.726289	9.586019	9.658893	8.703602	8.982101	8.559698	4.323032	8.828912	6.092814	9.635292	5.050741	6.198058	7.423895	7.117583	9.164797	4.732544	7.279985	9.571571
9.806617	3.651899	9.470728	8.332490	6.473125	7.234685	9.078121	7.676799	9.565584	6.740556	9.834648	9.197075	9.310984	5.562869	8.377168	9.005885	6.871645	9.743938	8.955072	9.740027	6.808136	9.708230	8.625889	6.549640	9.838602	6.782645	7.669313	8.748657	5.914554	8.275253	8.808985	9.729875	9.421410	3.451830	8.877265	8.543317	6.670878	9.180341	9.181117	8.105511	9.391171	9.734530	9.710751	8.636354	8.428381	9.597357	9.422824	9.692266	6.379912	9.349190	2.523963	7.970983	8.172624	5.318862	9.326053	9.631972	9.842472	8.965498	9.427527	7.960487	7.708007	7.144995	9.040144	8.438800	9.746831	2.836482	8.963242	9.153795	8.926508	8.035857	5.622207	9.436531	4.097164	3.124547	9.785470	4.669466	4.016266	7.989406	9.561482	8.309515	8.626813	8.327388	9.621751	4.909454	6.436033	7.837453	9.065153	9.775739	5.731798	8.427696	8.780283	5.034244	9.502097	9.319469	4.662892	8.200852	8.696775	7.539544	8.046001	8.980608	9.027659	9.751609
6.358529	8.520808	5.789749	9.641051	9.030078	8.576435	5.572125	8.523551	9.117592	7.446097	9.278303	6.904505	6.570783	4.726054	5.755813	8.592980	9.641953	8.265791	9.025107	9.790433	9.230381	4.910779	7.659191	9.722936	6.331431	7.857587	7.944839	4.479658	8.447751	6.073489	9.438450	3.879858	5.660064	9.517134	3.909255	9.136026	8.205776	9.133775	9.003316	7.832857	6.630401	4.717720	8.815020	6.070556	9.809800	9.818595	4.957399	9.599959	6.828271	6.463720	9.073102	7.090471	6.785922	7.113593	8.391238	9.576441	8.054089	9.300846	9.694951	4.706952	9.815976	5.685615	9.608315	2.587811	9.158040	8.312976	5.740371	6.914429	6.358852	9.531043	5.486710	9.448901	8.295869	7.553229	8.788810	9.606591	5.715308	5.693733	5.316625	5.753851	8.595622	9.847924	7.805888	4.203017	7.055886	5.912302	7.618928	7.537751	9.178520	9.710313	3.845412	9.819118	9.679207	2.397837	8.664681	9.639614	7.117249	6.518787	9.818010	8.659651	6.443594	7.350023
8.745442	9.411823	7.403233	8.746982	9.135633	9.788220	9.498437	8.135539	9.833954	9.807754	9.358918	5.815306	8.204711	9.531808	5.681302	5.683441	6.455068	9.437018	8.398908	3.927078	8.769555	3.635875	7.472577	5.487090	9.025787	6.334558	9.800906	8.757724	9.785571	8.710128	8.350883	4.192781	9.856237	6.769784	6.520751	8.925720	8.988958	9.157286	8.683312	8.327574	9.342891	6.046700	9.359829	4.415225	9.035762	7.499917	9.367950	9.733955	4.778312	6.800785	8.157061	7.371751	9.555336	8.855096	4.502517	6.216869	7.141886	9.792956	8.885584	6.551718	6.975826	4.272133	8.268075	9.321993	7.872793	7.507280	8.178637	9.193862	9.227136	8.122251	7.711794	9.489447	6.412773	9.560308	9.783168	3.124147	9.481165	9.177758	5.255681	8.004213	5.922835	8.852964	8.146300	7.173047	9.514233	8.568296	8.668117	6.421948	9.509119	5.234004	7.410108	6.417783	8.872866	8.373795	8.442128	5.131347	8.826454	8.796669	8.705965	9.599843	7.629925	9.673515
7.261039	3.488481	8.408882	7.209033	9.574147	9.818413	6.888902	9.393408	8.015292	5.522328	7.986237	9.658291	8.050456	5.776686	9.818984	9.413062	9.511858	3.997599	9.270870	7.209041	9.789391	9.453494	8.594149	9.666125	8.515860	9.364451	8.265233	8.368031	9.644464	5.665807	9.686353	7.657162	8.584616	7.858549	9.593254	7.693507	8.672421	9.191023	9.739827	8.828969	6.645049	4.168424	9.071886	9.610987	9.728420	9.026312	7.600154	9.530118	7.945144	8.809448	5.290767	9.407174	5.140623	9.699957	2.765075	9.820234	4.992462	9.052607	9.447788	8.260789	5.950189	9.163084	9.698877	9.515106	5.512545	7.373642	9.401198	6.896452	8.700303	9.547448	9.171188	8.933020	9.347467	9.250687	9.085668	8.453415	9.185215	7.634906	7.597686	8.646530	9.542094	8.949565	8.809273	7.002027	9.228083	8.720026	9.789499	7.864976	6.943505	9.205755	9.178595	9.637030	4.180401	8.309772	3.373877	9.680421	6.709853	8.202819	5.776317	4.234143	4.245887	8.598200
9.550075	9.139994	7.088994	9.169302	5.356538	8.301587	9.815229	8.052246	8.790165	9.216622	5.979238	7.571380	9.312494	7.631724	9.633204	9.507369	8.234507	7.062747	6.108198	9.799814	8.637065	9.103493	8.271532	9.746276	7.867778	6.688215	8.768125	8.360804	5.847145	9.723180	6.787341	9.756683	7.004330	7.992511	9.587227	8.321499	5.939774	7.682128	9.583239	9.230269	2.806670	8.279505	8.495804	5.949899	3.492012	5.102401	6.490349	9.020274	4.111198	7.204458	9.189927	9.091431	8.613282	9.680636	8.076889	7.084529	8.565355	8.345570	8.004775	9.237929	9.548725	9.819403	8.373255	5.436937	9.833915	4.378488	9.767537	9.311231	6.490350	8.814296	9.764902	9.616549	8.600347	9.693243	8.633188	8.929018	9.803805	9.781443	3.620478	9.326249	9.145525	7.667806	4.040042	9.726222	4.584507	9.431417	4.039126	7.510590	3.141481	7.949562	9.634605	6.307691	6.139396	8.989290	5.572790	5.501903	9.848320	9.644831	9.095795	9.686921	9.248778	7.138919
9.673438	5.712013	9.260714	9.304715	9.571584	8.040493	8.623285	6.855939	8.515037	7.614546	6.497900	9.486418	9.848894	8.076890	7.509122	8.412915	5.404016	6.954588	9.434541	6.803537	4.764818	8.265704	9.737897	9.836112	9.857376	8.311732	5.576802	9.268129	9.234277	6.511871	9.802251	6.615702	9.440928	5.535459	8.909320	6.915007	9.480113	6.589452	7.676919	7.307085	7.018856	9.318394	6.282675	9.706012	9.500136	9.106664	9.699097	7.596720	7.434653	4.058729	9.391757	6.913985	8.906546	7.653123	6.748468	9.635890	6.964672	5.796044	9.145013	9.805127	3.339233	7.169286	5.016752	9.323884	5.046030	7.685974	9.574923	9.783808	5.928613	6.679002	5.944944	9.738428	9.189431	7.781353	6.606183	7.695542	9.597071	8.326814	7.434539	8.374400	9.081341	9.664256	6.648770	6.712430	8.848744	9.306708	8.849869	9.015259	8.868956	6.954506	5.735428	9.220565	7.930920	9.190498	9.550582	9.691591	8.629936	9.820911	3.597071	9.807187	9.184798	9.825739
7.660643	4.841732	7.071146	3.872448	7.999909	5.504455	8.486454	9.647504	9.628696	8.586472	7.262778	6.529739	9.335249	7.161155	9.528543	8.988255	6.718984	7.852999	9.111286	5.847334	9.796731	9.512536	8.268467	8.336785	8.665543	4.028073	8.106933	9.737916	6.327754	9.241082	6.710964	8.888170	6.889258	8.423397	4.119854	9.648840	7.490529	3.585324	9.835172	7.148177	9.675482	7.356072	7.303256	9.535550	6.021652	5.518868	9.337295	7.235682	9.701474	9.210966	7.713760	6.404696	6.033481	4.899463	6.252808	9.482620	9.814728	4.111358	9.556321	7.277829	8.960204	9.022653	9.270653	9.199136	8.047401	4.536545	5.720760	9.130564	8.642405	6.764839	8.879244	9.311084	7.468242	3.707659	8.849831	8.392470	7.042952	9.237752	8.981046	9.247901	8.532877	5.097931	6.157435	9.297289	8.335267	4.723360	5.403497	9.152123	8.619614	9.281212	5.004158	9.305945	8.591395	9.461988	5.016316	6.016012	9.253956	9.782108	9.141678	7.794566	6.349794	8.968807
6.681768	9.590555	4.866291	8.537208	9.778880	9.266486	9.241835	6.045646	9.122128	9.090099	7.978406	8.104124	7.072863	9.844957	9.411977	7.548654	9.754729	7.793875	9.523967	9.292709	8.863839	8.796181	7.350089	5.335099	9.533491	5.323408	9.040465	8.231073	5.524221	6.107944	6.644737	7.184815	8.003579	7.312534	3.896477	4.628000	7.964687	9.854996	9.044094	9.467086	4.967260	8.256400	8.147597	8.843191	7.292793	9.228335	9.178417	8.828000	9.085586	5.319876	7.180656	8.087081	8.045479	9.823393	4.078600	7.127200	9.823489	8.890873	9.730031	9.371212	6.973662	7.209835	9.452098	9.832026	9.027933	6.533679	9.796913	9.430859	6.326288	9.834836	8.438540	8.101260	9.055637	7.989318	9.568959	6.673237	5.707024	8.317990	8.532038	8.248951	9.827839	9.513839	9.806762	9.625353	6.820551	7.102562	6.964301	8.804578	9.152303	8.009524	9.416369	5.719807	7.557214	6.050882	6.931877	7.836315	9.017321	4.389842	8.711827	3.703944	7.982047	5.734165
3.356184	9.598544	5.127070	9.248306	7.988220	8.070227	7.938081	9.762487	4.439649	9.645150	8.088130	7.636776	7.340701	9.386178	8.410587	7.546339	9.453235	9.846777	7.027087	6.511112	8.071933	5.297818	5.034819	9.822896	9.125828	9.263256	5.969967	9.205326	7.727785	9.765653	4.377083	7.835591	8.418886	8.084298	6.419243	4.948744	9.856653	7.079687	8.011036	9.847319	7.957883	4.720370	8.463157	6.829720	6.137996	8.178748	7.453370	9.841019	9.554205	9.799563	9.616908	2.690073	8.329268	9.478430	9.238928	9.211962	5.642638	4.566552	9.181310	6.398607	7.611137	6.530538	9.757759	7.716302	6.623832	9.492482	8.090359	8.375645	9.798818	9.690030	9.349131	7.145318	4.937173	7.708723	7.035468	7.033703	9.193539	9.543282	9.367453	9.606972	6.921444	9.749180	9.834208	7.851454	9.495937	6.038567	8.660551	8.250415	8.988612	5.458636	8.233041	9.570490	5.725257	7.862792	9.287955	9.207285	7.781300	9.764873	8.701973	8.526546	7.301623	8.790124
9.366291	3.020785	3.943124	9.467425	9.631258	8.877522	8.545713	5.643513	8.314368	9.820197	7.558724	5.892517	9.816387	9.344650	7.831734	5.547582	9.549938	9.473313	9.621569	9.019236	9.683707	8.771201	7.561381	8.545016	4.771854	8.235257	5.530375	9.366135	8.131369	7.714901	9.706277	9.636452	4.138567	8.788578	5.111904	9.557877	9.560219	3.946411	8.852687	9.456274	4.228191	6.971366	5.672408	9.659726	6.358681	9.826783	9.409499	6.028226	8.245208	4.688189	8.588238	7.132511	9.769724	9.602003	3.692302	8.121059	6.715583	8.361061	8.610074	7.704787	9.205917	6.758541	9.464395	9.488169	9.013950	3.840052	9.471480	9.228452	9.697062	7.586820	8.247599	6.793771	9.726178	8.983559	6.553146	9.242556	8.991349	8.737077	2.900091	9.099252	8.110078	9.173645	7.538442	9.847714	9.781050	5.909972	7.386954	6.482639	8.776302	7.132426	9.304270	5.102102	9.544306	5.088913	9.329643	9.122066	6.317581	8.048844	5.681879	8.779377	6.799182	7.513043
9.693806	9.661493	8.943443	9.722543	6.552075	7.211392	7.075287	3.764762	8.060250	7.590342	9.135952	9.695516	9.667399	4.278093	4.441660	8.069110	9.775028	8.731206	8.808031	7.297108	8.101648	9.249115	8.830246	6.730888	8.568354	8.002670	7.182759	9.360956	5.775146	8.023941	9.157994	9.746754	9.829832	8.853315	8.493907	7.600893	9.635713	5.731286	7.129686	9.584497	7.584563	6.483065	8.947588	6.758367	9.580828	8.973927	7.221045	9.798914	8.052669	9.531949	6.653879	9.854712	8.325326	7.398539	6.258930	6.470596	8.093384	6.418515	4.344070	7.771278	8.734780	9.434665	6.811850	9.853984	5.512913	6.907550	9.731610	6.276034	9.263470	7.593327	9.674323	7.466439	4.286694	9.391243	8.782237	9.220717	8.054853	6.284381	9.720179	8.976996	9.468587	6.665371	6.072311	7.068897	9.379456	6.532623	7.863154	7.334386	8.981940	8.712948	7.911852	9.037832	7.794878	8.970291	5.398473	8.859167	5.784149	9.195601	8.864635	6.795493	9.149558	9.614725
9.725933	8.458896	9.257391	9.300463	8.527300	4.775523	8.441379	7.746193	9.854135	8.521529	8.714202	5.539362	6.072430	9.129251	9.143961	5.289826	8.727712	6.981862	5.850307	4.605534	9.729260	6.551529	9.379452	7.117567	7.555807	8.957698	7.433526	2.438810	8.924985	9.178337	5.632814	6.970703	8.099098	5.485924	3.649555	8.915716	9.589725	7.823226	5.586613	6.974021	9.850651	7.111440	7.690802	7.066009	6.042450	7.880273	4.289851	9.040068	9.392606	9.272775	7.820521	4.063290	5.701612	5.677887	9.834396	9.372452	9.432826	8.623218	8.821330	3.706739	9.791706	8.263471	5.082308	6.033026	9.012648	8.213856	8.276040	9.662118	9.100388	9.806896	5.194276	8.208678	4.806247	7.352653	6.554042	9.856924	8.618962	9.590964	9.837846	9.615488	6.422191	9.522686	9.228143	9.509604	8.074977	6.527374	9.427088	6.714112	9.819150	3.808051	8.271702	9.565469	5.047843	8.486621	2.611068	6.871079	7.014644	9.833697	9.159772	9.434181	9.578884	6.391594
5.556179	7.584214	8.988259	6.864298	9.728324	8.753880	9.852654	8.889889	3.759918	4.399793	9.497409	9.056357	6.969973	7.199584	7.231137	9.723198	8.283160	7.724604	5.741464	9.518726	6.398858	4.614820	9.343776	6.200520	5.570738	8.263984	8.908559	4.803477	8.041500	9.157324	9.318816	9.174299	7.402721	9.771487	8.544895	6.548311	9.714656	9.114908	9.573370	7.001240	6.141659	9.696117	9.471300	5.396439	5.207666	9.028825	7.908236	6.464773	9.292555	6.530812	6.791445	9.252788	9.095723	9.675861	9.502682	9.552612	8.144193	8.390928	7.822264	8.753307	9.844864	6.926329	9.719887	5.616148	9.755873	8.775020	9.030589	5.592491	8.243381	9.438811	9.387620	9.815675	5.052063	9.843104	7.691937	3.695086	8.399871	9.824922	9.805347	7.428815	8.735959	7.047352	8.902577	7.674959	8.799436	8.171252	6.546847	7.213118	7.091071	9.768512	5.251121	7.279769	8.697148	6.800203	9.612705	9.859309	8.944545	8.413645	8.344716	8.864301	9.850742	7.096558
5.822725	7.459270	9.768354	9.746949	5.435470	8.718019	8.800439	3.298674	8.848471	9.545911	7.294728	9.779542	9.742311	5.040284	5.234062	8.912427	7.232722	8.144984	5.844307	8.179089	5.760244	9.544908	9.826750	5.241616	8.926490	9.036747	9.679143	9.044082	8.998933	9.567508	8.904712	4.606340	4.232435	9.809583	8.876865	9.777169	9.561277	8.619264	9.571098	9.794393	7.549251	7.452815	6.897856	8.330392	9.563241	8.508177	9.647817	8.685454	9.468312	5.843044	7.555397	9.379152	9.664914	7.654454	9.623460	8.408883	5.957093	7.014766	8.533226	9.192192	9.426427	9.853626	9.857985	5.517101	9.610991	9.336018	9.851546	6.904025	9.826902	8.211784	8.667847	8.990267	8.361493	8.104082	8.067786	9.142087	5.273236	8.458412	8.831208	7.333487	8.335969	9.370097	9.833230	8.766517	2.825349	3.616351	8.201092	9.534886	7.030799	9.647627	8.651428	7.262682	6.275540	9.719037	9.623716	9.830384	7.089362	9.114364	9.634452	9.091552	8.999206	9.266201
8.254476	9.201057	8.320179	9.237082	7.687249	3.520546	5.772328	7.372261	8.962825	7.901268	9.391885	4.527868	9.710909	8.851441	8.061817	8.559736	8.826399	7.653193	4.195912	9.695514	8.909141	8.892414	8.931550	6.015775	9.658115	8.005950	4.566354	9.308427	8.470690	8.267620	9.078140	6.319137	6.843602	9.536935	7.689512	5.830945	7.871638	3.485902	9.191219	7.766750	6.019445	6.639460	9.382831	8.029284	8.485076	9.352617	7.514503	8.145429	8.884532	9.133505	8.308525	9.690210	5.121344	5.795083	5.128585	8.558657	9.719967	9.151717	9.422693	9.439993	5.143504	9.678304	7.213336	9.630671	8.091797	8.700799	9.202923	6.555522	9.768774	8.459978	9.229663	9.561284	9.197651	5.478282	9.588320	7.760542	9.329346	9.041686	3.079236	8.325510	6.182795	4.586595	7.302274	8.129578	9.114085	8.527289	9.780775	7.746987	8.510286	8.808103	9.657444	7.229921	8.183622	9.258281	9.175788	5.643168	6.424732	9.798179	6.415185	9.469437	8.917423	9.658191
7.477020	8.230718	8.992840	3.813839	9.202084	9.695700	5.952129	9.517787	4.061031	8.888154	9.128084	6.468610	8.196884	8.584011	7.195092	9.777183	6.646875	9.382200	7.975196	8.162693	9.346250	8.862405	8.673196	6.338374	7.125786	9.473257	9.674989	6.467181	4.176389	7.559130	6.999138	5.568099	8.679648	8.550213	9.249262	5.883413	9.458624	7.452383	5.848695	7.391991	9.611529	8.507325	9.687063	5.656751	9.189470	9.784293	9.670086	6.611307	9.851782	4.435077	5.920083	9.296767	9.019107	8.526970	8.444524	9.105455	6.895566	6.849439	9.643954	5.745222	9.847400	7.475842	4.973052	9.668853	8.681321	7.130035	8.748000	9.231170	5.442172	6.854401	9.247515	9.803987	8.626385	6.553220	9.720490	3.650373	6.629125	9.723413	2.520118	8.911187	7.684991	9.591134	5.784209	7.447194	8.296424	9.485630	3.929196	8.704494	9.012387	9.642948	8.674777	9.154155	5.816699	8.842796	9.685066	7.529832	9.485868	9.576594	9.456371	9.492204	7.771494	4.780494
7.388692	9.556481	6.118340	8.809496	9.079807	9.017083	6.791537	8.202022	8.913914	8.677860	8.707918	7.281222	9.035976	4.276290	8.729186	4.483460	7.161480	8.335063	8.903671	9.720680	8.875028	9.428130	9.002544	7.237840	8.855459	9.009968	3.700071	5.211334	8.800881	9.665742	9.036270	6.723194	8.704176	8.737877	8.331579	5.395696	5.128821	8.724524	5.183186	9.403253	3.273759	6.770726	8.128418	3.063178	9.650024	8.604215	7.972871	9.704239	6.609546	7.550112	9.208792	7.136549	5.772615	7.507919	5.882541	9.663382	3.834160	6.953266	7.371186	6.602176	9.858862	7.511279	4.293920	8.464618	9.764795	6.796652	6.724614	8.456460	3.748250	6.850181	6.359062	9.325260	8.797511	9.279758	9.721687	9.367058	4.033646	6.587269	7.192498	8.636792	4.817167	8.985926	9.354576	9.539084	6.775543	8.668019	6.143389	7.113468	6.393891	6.139724	8.251840	9.836135	8.521723	7.402699	9.799050	9.011955	8.212243	8.239280	8.109920	8.106904	5.939934	8.233457
8.647168	7.054039	7.540547	4.727949	9.812737	8.199812	6.032494	9.801325	9.439581	7.935696	5.192793	9.701093	6.301652	9.300378	4.502044	9.577797	8.472675	7.787170	9.193263	9.565939	9.648118	4.272248	9.807139	9.789457	6.366059	9.379290	9.374817	9.784499	4.987531	7.984751	3.497298	9.666903	9.342108	8.708831	6.122022	8.353281	9.247902	8.319344	7.793691	7.249956	8.005999	8.586303	9.170149	8.559313	8.832077	9.530384	8.166203	7.651985	7.255949	5.168574	4.746806	9.279962	8.930733	7.278577	9.029564	9.582391	4.273751	6.786513	6.573251	7.951538	8.421698	9.365494	9.711325	8.579795	9.795793	7.707292	8.387472	9.502147	5.823754	9.399800	2.536760	9.155022	8.499874	7.832173	9.026815	9.777638	4.607613	5.828417	9.157584	5.668218	6.993573	9.581529	5.748007	7.149468	7.196993	8.176151	7.890924	8.673474	5.235443	9.459000	9.647569	9.586702	3.075976	9.339090	8.449973	7.724705	7.019842	7.851501	6.213944	8.471650	7.279391	5.287239
3.819378	7.250440	9.478894	7.733742	7.521013	7.127299	9.487383	6.599395	9.797280	9.802058	6.608732	7.292248	6.288457	6.834977	9.051493	9.405334	9.674871	9.753002	9.685660	9.272569	9.435468	9.746914	5.369675	5.296966	3.737523	9.499586	9.808073	9.409283	7.598338	3.476491	6.093408	5.063898	7.621584	5.138436	9.764273	8.779819	9.332133	7.911541	9.715406	6.578056	9.185985	4.670340	9.537799	5.220853	8.077876	7.947704	8.760393	8.063733	9.549658	6.887717	8.900330	8.526383	6.004158	9.591747	5.610129	9.762320	7.209494	8.813767	8.952811	4.972572	8.534153	9.679008	6.866659	9.493548	9.735357	7.674923	9.345478	9.091647	3.899000	8.541249	9.171799	9.541721	6.965516	6.996181	4.882743	6.331692	9.765823	3.419798	4.891542	9.329019	5.589090	8.845141	8.312083	8.821259	9.425132	9.029792	9.776004	6.988825	6.638256	5.117969	6.935558	8.953044	9.426551	4.927442	9.433608	9.232836	6.139672	9.519138	9.385057	9.700548	8.914183	9.180853
9.781388	5.408371	8.699731	9.464278	7.496730	3.798251	5.235597	5.542146	9.388004	9.624488	8.442025	8.500506	5.934663	9.174828	8.085526	9.682753	7.269796	8.292310	8.989409	9.651638	8.487538	4.867392	6.839266	8.676119	7.801254	5.342368	8.416561	8.878473	9.682274	8.879930	9.754383	4.186783	9.169184	4.962825	5.239434	6.408623	6.099113	7.191810	9.690198	9.090892	4.261300	7.779168	8.704866	7.091618	8.335005	8.259833	7.200688	7.461201	9.056232	8.366926	8.820507	6.024281	8.063517	8.653237	8.838024	9.492064	9.523472	7.126919	7.100530	5.419397	9.384281	9.612958	8.549000	3.309211	4.505755	9.335815	9.558270	7.798827	9.842180	9.664427	8.508138	9.790262	5.190077	9.035383	2.765762	9.690570	5.469363	8.227355	9.679054	6.544038	9.425441	4.685854	6.272224	9.024402	3.633125	8.379493	7.737909	9.477042	7.952815	6.552164	9.189048	8.313966	8.516902	9.181163	3.309336	9.192780	8.395667	9.699504	8.922301	8.659379	3.872613	7.846679
8.909764	5.802506	8.814118	7.647435	8.660789	8.427197	5.379567	9.775984	7.474025	9.042950	9.745729	7.465568	6.778882	8.631009	8.827823	9.751649	9.032102	9.782845	9.844154	4.423045	8.715754	8.770189	8.560435	8.744543	9.852644	6.330586	6.607041	8.946808	3.727684	7.575394	8.666430	2.362241	9.748912	9.395558	7.398405	7.812700	5.869754	8.382960	4.521478	9.531996	7.868094	9.722488	9.259836	9.266779	4.847207	6.746134	6.283229	5.032195	9.817341	9.556469	9.356184	7.958658	7.768190	9.844826	7.465214	7.328186	4.416835	8.429559	5.986566	7.099308	8.084170	9.826766	6.144114	9.243152	9.706897	9.769153	8.259092	8.577406	8.891284	9.599957	9.858868	9.215174	9.859742	7.665986	9.709840	2.341100	7.328171	9.856984	7.685787	6.882164	8.798872	9.834235	7.835600	8.291632	3.001712	6.909814	9.522720	9.082515	7.666474	9.223645	9.852509	6.039129	7.298070	7.111035	8.982939	8.714701	9.399792	9.190712	8.882214	9.789127	9.536914	2.904971
8.141549	3.832552	8.413124	9.588260	6.522674	8.932939	4.948179	9.047088	7.292172	2.966184	9.724940	8.248174	8.170556	6.989597	6.396504	7.623576	7.333281	8.605199	7.733601	9.728210	9.315596	8.284497	9.688114	7.251602	9.173251	8.658382	7.686647	9.113436	5.962324	9.387759	9.517515	7.551586	7.719489	8.849525	9.129236	6.379689	8.515729	9.732083	3.225131	9.072187	8.826834	2.286288	7.458668	8.001191	9.420455	5.874147	5.674234	8.609743	7.548585	8.943353	3.789652	7.863300	8.541118	8.337406	9.079769	7.634584	7.865687	7.249208	9.502431	8.706723	3.007933	5.589489	8.229739	6.096207	9.828032	8.645358	2.658289	3.822475	4.498948	6.158794	5.931339	9.479610	9.689767	7.823353	6.544720	9.497092	8.149835	8.988342	8.391962	8.119382	9.444621	6.998476	5.071833	2.925098	7.944490	7.278066	8.800528	9.101330	8.892790	7.070365	6.705625	6.460213	4.821719	9.177534	8.516660	8.935079	9.545389	8.146523	9.688709	7.747826	4.418644	7.737017
6.486216	9.518546	8.319958	9.377924	7.394102	9.536837	8.849954	6.044379	9.772755	9.356372	6.438307	7.542580	3.273554	8.976260	5.078333	9.548539	5.595994	7.328496	9.385301	6.152754	3.961751	8.676832	9.769576	9.620361	6.776610	6.102508	6.556034	6.015628	9.814796	8.912997	8.471214	8.344422	6.398661	4.837503	9.611786	5.601326	8.555343	4.237168	9.163231	9.544413	8.874906	8.053109	9.588231	7.439067	8.558392	5.346917	6.744028	4.310720	7.191083	4.984474	6.454406	9.442234	8.232916	5.756528	8.856238	5.016641	9.107600	4.016228	3.836452	6.615560	6.715433	9.824128	7.588234	9.731103	4.517520	8.276585	8.966140	9.137187	9.108039	7.655185	9.632505	9.511943	9.151212	9.497854	9.741762	5.976487	9.765684	8.668481	8.693786	3.840360	5.527314	7.352813	8.914292	8.403742	8.140897	9.528310	7.394743	7.994820	7.970470	6.432951	5.300852	8.853026	8.362579	9.843895	8.829410	7.402779	8.675823	3.090034	7.177693	6.424974	8.935548	5.982337
9.713998	7.495624	8.660507	4.575190	9.679202	7.029446	2.410231	2.278733	8.747998	7.719271	8.778373	7.129453	9.449641	9.550254	9.121499	9.705539	7.834517	9.834968	7.979999	9.563860	9.369096	9.383192	8.055963	5.517547	8.341671	8.262002	9.283799	9.853773	9.750442	8.681330	6.452225	8.848387	7.828394	3.243836	8.982402	8.748157	5.081579	6.861203	9.411232	7.269236	6.743210	8.890857	6.950455	6.213864	9.718982	9.653642	9.286718	9.658946	3.703155	9.664245	9.759947	9.852908	6.612851	9.745391	9.846573	6.559611	9.678299	9.454479	7.950808	5.925090	8.827432	7.187764	9.460998	9.282139	7.991134	8.555220	6.048832	9.535162	8.216124	9.632642	6.668579	9.021690	9.002920	9.438054	8.959803	8.038210	8.774843	7.074716	3.707799	8.420945	4.616723	9.270124	9.766737	8.926488	8.863121	6.152506	7.008507	7.805051	9.161024	5.055621	8.494561	9.747210	9.176785	9.370744	8.425627	9.520191	6.823571	7.973276	8.497037	7.853370	9.146670	7.521003
8.718460	9.666062	7.708617	8.050603	8.179409	9.739684	8.959586	8.718563	7.940983	8.940931	9.057491	8.285764	8.550299	9.399371	7.827406	9.844674	8.796342	9.808798	8.563736	5.088541	7.166941	9.196323	8.829523	9.539921	8.288026	6.485006	6.598886	9.829662	5.482711	5.556972	8.264829	9.033348	9.608407	9.196481	9.826685	7.534538	5.946143	8.987453	9.402137	7.077447	6.704686	7.283438	5.510423	9.796434	8.947297	6.971913	4.924367	9.453785	6.783631	8.387339	9.850016	9.644856	8.500527	4.829744	9.159593	7.723942	9.853402	7.623709	7.618985	7.647463	7.652764	6.471302	9.606278	7.229869	7.759254	8.944716	8.864250	6.632302	6.478102	8.505596	6.878677	8.529371	6.212015	8.062104	9.280942	5.267627	9.197838	9.088332	8.089431	9.586355	8.117315	9.821778	7.040945	7.669369	7.058661	7.319542	9.822398	9.059305	8.720787	9.623749	7.834639	9.094552	8.474112	9.360790	5.039142	7.543309	9.104964	6.649102	9.576353	9.234835	5.548315	9.464150
8.624257	9.172991	5.993087	7.443298	8.941196	9.827123	7.524371	9.830371	9.224745	3.964013	9.348028	7.584804	8.070766	9.674027	7.839490	8.252620	9.314148	8.445042	9.509519	9.572213	9.853427	9.362871	4.993505	6.606506	7.110397	9.682918	9.750852	7.669282	6.991928	8.106445	8.689436	6.774562	9.405306	4.622992	8.699035	6.329355	6.570723	7.208696	8.388768	9.836266	5.905375	9.578249	8.138781	5.183790	9.109130	7.153577	8.909438	4.483952	9.829205	7.332152	6.945768	7.368827	7.618201	7.215475	6.141784	9.233596	8.002896	7.236166	6.163493	9.515719	6.153868	9.527831	7.372521	5.466465	8.892181	7.967088	7.095800	8.508020	9.853534	7.137193	9.439158	9.391701	3.205746	8.752859	5.635358	5.911438	9.766694	9.593854	4.945744	4.293891	8.703475	9.635968	9.697440	7.975034	7.803818	7.810685	9.032653	9.477598	8.699915	9.073853	4.515106	9.802098	8.974380	5.461648	7.808653	8.771843	9.323404	8.125067	7.725630	9.368108	9.497531	8.965893
8.469611	8.651105	9.388834	9.833882	8.624655	8.005313	9.187316	9.200389	9.749928	7.221151	7.498808	9.037388	8.180763	5.092126	6.006311	8.592407	4.481724	7.129687	8.097907	7.876414	8.500735	7.119689	8.423238	4.276933	8.081414	7.437038	8.090381	4.044622	8.779214	8.966214	5.798970	9.791668	9.334078	6.877864	7.005930	7.689489	3.488039	7.411986	4.987061	3.421071	9.019550	2.705984	7.243250	3.341861	8.309094	7.935117	3.535203	6.115440	7.018451	9.300136	9.066228	9.043441	9.134197	4.932378	9.345197	4.260759	7.045965	7.174460	8.894860	8.316011	8.089619	4.217233	8.212580	6.799753	9.853023	5.172892	7.707755	6.274166	7.973171	9.535253	5.707613	7.659555	6.728984	9.102906	9.780182	3.948032	9.323078	8.911878	6.508050	9.164458	5.568149	7.630629	4.575748	8.468781	6.630476	9.161056	8.727492	8.233274	6.324514	6.340402	9.409672	9.728831	5.421309	8.830429	4.168542	3.806423	7.572863	9.807371	9.577291	8.358266	7.094290	2.870712
5.594285	9.592119	5.672927	3.457722	9.486368	8.007773	8.237070	3.326635	9.846825	4.483258	9.716308	6.008740	8.347479	9.585452	9.362566	7.464922	9.817382	7.803952	6.161481	9.614122	8.197789	6.313119	9.349937	8.998585	6.213262	9.839791	8.207653	7.274661	5.359062	7.775341	8.146200	9.310897	3.847905	9.072334	8.649665	9.126177	8.830295	9.705221	9.610656	5.990201	4.601066	7.658605	9.302779	8.908045	8.628126	9.678370	9.728378	8.263915	8.480139	8.254963	7.547863	5.976798	8.465944	5.409147	9.334516	9.655471	9.542693	8.078545	4.909744	9.285175	8.737859	8.669695	9.828415	9.756334	9.099455	7.706760	9.850751	8.475813	7.382291	4.667167	8.060757	6.191594	9.254641	6.244701	9.683827	9.112927	5.538593	7.515639	8.556274	6.200309	4.874485	9.547845	8.202303	8.534086	8.409379	6.381128	5.585663	9.321004	4.816682	8.721843	8.371281	8.813503	7.859740	9.713112	8.722302	8.383466	5.085354	9.225070	6.871328	7.888529	8.566222	9.645940
9.022993	7.247899	9.832135	8.606169	6.547673	8.536856	6.430679	8.979878	9.640757	9.169193	8.857036	9.779703	9.415581	6.734497	6.311512	9.458450	8.962653	9.282006	9.362507	7.706923	7.102612	9.221839	9.364228	8.094532	6.587633	6.394071	9.467631	5.845731	8.194156	4.155624	8.561800	9.620468	9.709661	9.532479	9.793311	8.086224	6.201601	9.239290	9.361924	7.146255	9.798762	8.293917	6.961592	4.838168	5.721673	9.801355	9.541871	6.980129	7.269639	6.133278	6.955577	6.448766	9.215784	9.077029	8.941968	9.194217	7.527564	9.599681	9.778399	7.919349	9.105526	6.779135	6.484542	9.538270	6.678721	9.691991	9.371247	9.699744	8.193991	6.023952	9.625252	8.964437	8.947764	9.036915	9.858795	6.638227	9.750862	3.701162	7.501595	7.190733	7.421459	4.440162	4.597342	9.461410	8.768039	9.596026	6.078069	7.752907	8.435130	8.363560	6.772101	6.796527	5.072929	8.797852	8.410044	5.551764	6.318961	8.371964	9.670255	4.639362	4.768038	8.148364
7.355097	4.376827	9.510931	9.125977	9.066103	5.857803	9.847585	6.531772	7.007084	7.468207	6.931483	8.700520	4.525291	8.131009	9.385938	5.011160	9.799935	9.170263	6.346948	6.285157	8.777126	8.525943	7.858800	9.854353	9.200671	7.887304	8.116339	8.391357	7.255720	8.131007	9.624934	3.335137	9.068034	3.846576	8.048323	5.228805	7.242643	7.683689	7.697190	8.683898	9.610592	8.273136	3.396677	8.837388	5.099598	9.841886	8.629585	8.906442	5.116241	9.018473	9.829078	9.776323	8.272174	9.194596	8.810313	9.790278	9.104703	9.548665	9.129526	9.169640	5.335077	8.819225	8.782206	7.725309	9.770479	7.617491	9.630788	8.486223	8.880335	5.852471	7.688507	6.980941	8.569933	6.448446	6.756714	5.533634	9.639055	9.733581	8.707874	9.721841	6.076794	2.589318	8.546350	9.824586	8.989971	5.073041	4.327956	6.382634	8.649832	8.667131	8.072877	9.543957	9.647689	9.378609	8.964521	9.502636	8.895553	9.445901	9.719954	8.702966	5.220207	4.882937
7.735829	9.542314	9.499990	8.872860	7.809372	9.653958	9.794730	9.199130	9.447437	9.643502	9.808121	3.584988	3.814928	9.352753	6.052070	9.546942	4.828532	7.207282	8.672251	7.603258	9.859583	9.105220	7.474960	7.762895	8.027363	9.568418	7.877193	9.854190	7.323656	9.324760	9.800692	8.096401	9.000419	8.855822	8.080476	8.322569	9.059536	5.949499	9.143211	6.576461	3.562895	9.505123	8.998374	7.398412	9.249999	9.331660	8.486065	8.949855	7.034611	7.736994	9.055201	8.712349	5.579325	8.906627	8.048003	7.965513	3.401354	5.478573	8.707700	3.048924	9.794204	8.727183	9.080342	5.793362	5.924150	3.503257	9.199988	7.414359	7.621681	6.886044	8.882743	9.788947	9.477930	8.979954	6.062223	9.542607	9.025744	8.486564	9.331200	8.860304	9.772273	8.193654	5.959823	4.546331	9.799459	8.530691	4.379935	8.259170	7.130688	8.840761	9.652649	7.703495	7.324662	7.278544	7.905924	9.587939	7.802874	8.556907	7.890179	8.798216	8.436739	9.078827
9.747609	9.854169	9.526027	9.220414	7.253762	6.212153	9.546814	9.326534	8.919842	9.259243	5.460561	9.378792	9.310478	9.776360	6.627568	6.115515	8.291176	8.848988	6.430300	6.663653	7.751276	9.779112	5.559209	9.247926	9.099182	8.260782	8.768763	7.184226	6.206394	8.167619	6.051457	8.226207	9.652170	9.765536	4.514434	6.399030	3.126867	5.501159	7.505852	9.119763	9.437468	6.936064	8.607812	7.027290	8.920766	9.761575	9.442543	8.337778	9.567732	5.387495	9.460413	9.480698	7.636552	6.315616	8.819964	8.685229	7.678814	9.650934	9.280261	7.100405	5.977172	6.952956	9.389586	9.310429	8.749253	6.928636	9.396170	5.950501	9.732042	8.433008	9.495537	5.757467	8.427810	7.669895	8.854682	6.894061	7.403587	8.771146	9.828272	8.730853	6.333957	9.306469	8.521985	9.128668	9.730475	7.630643	5.672231	8.317898	7.731596	9.835275	7.230005	9.749701	2.450878	9.846868	9.815933	7.961651	9.800664	3.408555	9.038270	9.800049	9.650611	8.879109
8.891036	5.418543	8.208167	8.299571	9.855131	8.212206	9.573289	7.948717	9.043834	7.784984	3.470692	6.580237	8.886276	7.411344	5.536764	8.986386	7.710324	7.887143	7.082988	6.770237	9.846647	6.751839	9.335003	4.193502	6.639589	3.905552	6.483399	6.382886	9.632344	9.736002	6.377901	9.207681	8.976106	8.554959	6.742867	8.775136	9.490252	9.801660	8.568812	4.278933	9.265929	9.271815	8.119493	7.498883	7.946473	9.858323	9.793631	7.080008	6.468234	8.968578	6.795078	7.164426	9.662549	7.693037	5.402246	9.512291	6.960634	9.721168	9.262962	9.604984	8.033640	8.792063	9.016142	9.562944	8.735188	9.510390	9.770039	8.405538	9.376775	8.629425	6.820626	7.250653	9.641782	9.568295	9.582940	9.831116	9.689975	9.737050	9.611685	7.497462	5.014316	8.528872	6.409102	7.967085	7.368024	7.369652	9.754745	8.309151	8.049993	8.760238	5.436918	8.126001	3.141189	9.708142	9.510144	9.142601	8.711936	7.209532	8.710677	9.514373	8.487327	9.799546
8.299406	9.250822	9.389252	7.536379	9.256036	7.449190	3.685689	4.870853	9.308434	7.214724	6.453548	8.743011	9.741054	9.043517	9.805293	9.389444	8.646469	7.338384	3.652608	6.877837	9.201137	4.825007	8.309302	8.987769	7.916137	6.768403	9.733611	9.778147	9.420263	8.821761	5.836084	9.649393	7.067266	7.990313	7.936764	8.894080	7.315682	6.414166	9.208091	6.108892	9.751268	9.766069	9.537860	7.575391	4.082355	9.487304	9.099529	9.018586	9.561229	6.240141	6.166643	6.263358	9.143007	4.253175	4.264218	8.566917	9.531594	8.005464	9.709866	4.194177	9.794684	8.869997	6.957301	8.326000	8.411142	6.718811	9.840156	9.247406	8.588222	3.193671	9.832156	9.630979	4.317784	8.782625	8.179046	8.473345	3.441674	6.347320	9.261388	9.247054	9.494853	7.968066	7.302157	8.950380	7.926938	9.850479	9.445280	9.056845	8.373406	4.738358	8.247722	9.182890	9.549779	9.023209	7.709159	3.549221	9.579441	8.425421	5.665263	4.052323	9.413927	9.158730
5.072231	9.548029	7.507456	9.408922	9.542135	9.226902	4.184697	8.963507	6.988384	6.946112	9.858729	6.835089	5.770338	5.903754	7.488127	7.166064	9.103048	6.862948	4.747931	7.723916	7.379342	9.640265	5.635705	8.954859	9.606962	9.741185	6.378365	9.727766	9.489749	7.710120	8.119062	8.457535	5.066859	9.843824	7.718642	7.112452	9.714873	7.883964	8.710125	8.544115	5.311463	9.776831	9.084740	9.839670	6.016121	8.028536	7.871504	8.315363	5.468808	9.283413	5.649224	9.240980	5.066801	6.476298	9.422165	5.430061	6.918398	9.216431	7.502533	6.653725	9.380689	7.459295	9.370646	8.707783	9.085136	9.765945	8.871238	8.810305	6.671545	2.058546	3.817242	7.431512	9.242097	5.666450	7.900775	6.957787	9.683331	9.107239	6.650441	9.740210	7.544983	7.902844	6.191195	6.798715	9.302318	8.565023	9.017404	9.057604	7.763749	5.747093	9.771358	7.873500	9.543430	5.987684	7.037134	9.192969	7.388651	9.147085	8.321871	6.138194	5.677427	9.051273
9.593781	9.315821	9.744522	9.749413	7.638477	5.923270	8.099018	8.609482	6.959802	9.796729	7.895795	6.549242	3.459558	7.699398	7.360162	6.993401	8.598265	9.509200	6.580242	9.115415	9.794439	7.768596	9.426424	5.389946	5.180626	9.195793	7.556034	2.960446	6.646027	9.718044	9.644897	8.876078	6.116919	8.660378	9.071512	9.343035	9.664854	5.081239	9.203756	9.708588	9.572618	8.446060	7.080507	5.124277	6.193063	9.616218	9.745030	9.061920	9.047744	9.796239	5.733015	9.779666	9.538050	9.572858	9.700211	9.311462	5.005858	7.654173	7.373797	9.091109	7.579526	6.165052	5.782489	9.500939	9.304876	9.777961	8.328076	8.981207	7.553855	9.531551	8.192355	9.782094	6.259326	9.833357	9.531580	4.578000	9.051533	9.379480	7.985791	7.497212	9.214635	6.373468	6.837418	3.809092	9.765493	8.489636	3.288185	4.179276	7.822355	3.149836	7.770765	8.348143	6.733160	6.852629	4.658140	5.029052	8.132958	9.122683	9.845245	7.969093	8.802862	9.769263
8.324952	9.684924	8.439340	7.684349	9.156130	9.109015	5.664172	7.155790	7.877092	9.783981	9.707566	7.317955	8.283346	9.739698	7.736633	9.386512	3.185447	9.302160	9.805432	9.459280	9.472808	8.244868	9.800227	4.702113	8.874117	9.840986	8.677035	9.778033	9.441429	8.015981	9.017793	8.224717	8.021466	9.381145	7.859582	8.426000	8.110395	6.971201	3.688120	9.018258	5.674534	8.489510	9.827174	4.221402	8.580496	9.477265	6.446405	5.209096	7.670929	9.207005	8.311959	9.748792	2.915923	9.003713	9.667197	8.450846	4.385074	9.165722	9.268465	5.920573	9.290784	8.488859	9.318197	8.304360	7.220009	6.262682	5.634085	8.272908	9.852556	6.739849	4.003395	9.447733	8.430425	9.098175	3.110356	8.985235	9.198460	9.088630	5.387710	8.863137	5.003490	6.676800	6.235446	4.883887	9.809707	9.757616	9.337085	9.096417	8.076630	6.610055	9.607813	9.221275	4.987678	7.784420	9.783073	6.443652	9.800579	7.738370	5.295932	9.488588	6.627720	8.617989
9.588211	9.588594	6.339484	9.206264	5.218368	8.496057	7.794723	7.885991	7.845259	9.793263	9.698199	9.620504	8.530982	9.780207	5.388820	6.934567	7.846336	5.388018	8.193587	9.545964	3.057390	9.425365	8.523286	9.229601	6.539844	9.714824	9.829589	7.971181	8.304031	4.901974	6.954210	9.541863	7.842265	5.515390	8.323237	7.719798	9.468570	9.604161	9.579764	9.569955	8.999714	7.794865	9.185038	7.873166	9.713565	8.944846	7.581790	7.492078	7.191263	5.452963	9.617107	8.596580	6.521166	5.928878	8.919958	7.440378	9.703310	7.272468	8.131473	8.688134	8.933420	9.388145	9.391230	9.189147	8.403602	3.470528	8.982663	9.805516	6.818052	8.595714	7.800634	9.410278	9.647146	9.300775	9.084564	6.286674	8.645625	9.828919	7.128837	9.778438	8.896351	3.765821	8.494705	9.529189	9.508562	8.456815	7.590053	8.936835	7.521454	8.752028	4.094296	7.673010	8.162763	8.440382	6.198073	7.898709	8.497941	9.736726	5.016062	6.612816	7.131849	8.484644
4.876145	7.653968	7.385115	3.541046	7.003561	8.434479	6.869172	8.994462	8.080518	9.003077	9.000667	9.650249	8.993002	9.170674	7.485590	3.436024	7.192843	9.803921	6.446286	5.228930	6.129322	9.176821	8.981212	9.304681	9.544453	9.761323	8.432255	9.704149	5.990449	9.234336	8.549273	7.490340	6.470160	9.814253	8.743841	7.876494	8.591694	9.757904	9.237486	8.436883	8.659667	8.624245	8.660599	8.317134	7.877710	8.550950	8.332920	8.792163	6.751275	9.693308	9.163317	9.159997	7.763612	9.515732	3.042320	6.374014	9.375456	8.501551	7.410221	3.966266	5.809268	9.791434	9.337520	9.697348	8.286547	6.703585	9.145130	9.135088	7.651450	9.191266	8.716789	9.507032	8.507659	9.506555	7.574490	9.734007	9.029506	9.541490	8.958678	8.899572	9.548502	9.845391	4.561930	8.172835	7.357343	9.470474	9.628844	5.543187	9.095938	7.396067	9.532719	8.516344	8.811415	7.275465	3.659066	9.856306	7.838042	9.042408	5.663219	9.614080	9.804981	8.320246
7.200909	9.815832	7.460187	9.394849	9.327348	6.543727	6.801385	4.789409	8.418375	9.165893	7.455178	8.925214	5.010210	9.261364	8.798367	9.499666	7.627962	6.698281	9.830746	7.722233	9.631691	4.840456	5.429566	9.451310	8.709141	7.065929	8.156351	5.577620	9.825179	8.752034	7.626173	8.865579	7.282802	9.466916	8.759903	5.158247	9.378670	8.025808	3.015059	4.732684	5.831186	6.056200	9.490969	9.642857	6.483764	9.703059	9.479693	9.845255	5.004752	9.725395	5.959278	9.484003	7.078685	6.059545	7.656526	8.563999	6.781105	8.926949	9.202255	9.253433	7.886785	5.978378	5.787578	8.886733	9.700301	7.869647	6.764431	6.732958	9.157891	9.104707	5.338019	8.480926	7.253392	5.252725	4.867334	9.083267	9.417710	9.485210	8.171757	7.784219	5.834191	6.793324	5.813084	9.440869	8.054160	6.444871	9.168341	8.520960	9.280896	9.702463	7.963167	8.634359	7.808669	9.154431	8.901458	9.156377	7.250997	6.597629	4.908835	9.091942	5.346716	9.835624
6.168775	4.825010	7.292246	7.291534	6.710447	9.429385	4.733668	3.146250	3.648235	9.850911	7.305940	9.089737	3.997647	6.001379	5.657464	5.604839	9.023246	8.125553	9.140817	9.857402	3.549316	7.959125	7.796098	5.680828	7.369852	7.372224	8.180393	7.118835	8.664030	9.327323	5.932594	9.180486	6.231609	7.128562	9.289383	4.929622	7.125310	8.447515	9.683062	9.485203	8.165701	8.217669	8.147677	7.723634	8.129708	9.387536	7.308564	7.096714	4.466913	8.717138	5.119122	3.699630	6.316330	9.072037	8.840176	9.348098	8.955456	5.762165	9.179238	7.725347	7.866145	9.065338	8.590911	5.959707	7.629666	5.383317	9.034447	5.176363	8.168916	9.660953	9.817798	7.764421	8.688284	8.345465	2.755544	9.301848	9.736432	9.813093	9.007038	6.687858	8.214213	8.605191	8.614706	7.007980	9.772030	9.377265	9.329386	9.397199	9.761380	7.776133	9.139200	9.057279	9.537916	8.378960	6.045967	4.174210	9.852623	7.415120	2.327812	9.711996	7.181862	6.894391
8.017610	4.210219	9.724906	7.412102	8.629667	4.551310	8.747627	8.477806	9.570096	5.769907	5.877220	8.385252	8.194191	8.754921	4.870403	7.587823	6.795766	9.408928	7.203461	9.471710	8.295765	4.608086	8.759397	8.101343	4.398530	9.828196	7.782064	6.998632	9.479096	5.758798	7.836898	8.107306	6.877477	9.425388	7.030211	8.389595	8.666676	9.302649	6.029298	5.920641	7.454431	7.889590	7.804395	9.751636	8.581490	8.986706	9.726648	9.551174	5.971640	8.778947	7.683439	9.115045	9.487661	9.768731	5.984918	9.825885	7.096427	4.519565	8.180794	8.661527	8.323153	8.748308	9.672784	9.845115	7.077528	9.356195	8.423303	8.944149	9.820320	8.502875	6.722853	4.498262	6.261390	8.917003	9.639111	8.621013	9.813707	8.368909	6.460310	9.719436	4.626553	7.705628	3.104824	6.619106	7.587052	9.054633	8.674937	6.515156	8.106142	9.747225	6.982886	5.662042	9.404778	3.379105	9.826755	8.080965	8.635724	8.212933	9.161171	3.189247	9.457370	5.895216
9.196216	9.781075	9.598780	8.687680	9.210485	7.848350	7.666909	7.893628	8.282536	9.781468	3.147024	7.777266	9.615624	3.783051	9.685424	3.930459	9.033133	9.518272	7.676045	9.499597	8.801454	6.235296	6.707623	8.152236	9.256439	9.170442	5.478499	2.914263	9.565331	9.091144	9.859628	9.798688	8.124871	4.607657	4.939665	5.769587	8.235832	7.955660	9.858691	9.700978	9.020819	9.560855	9.581019	9.337210	5.435404	4.422024	8.759294	8.080031	7.926122	8.219735	3.368618	9.309130	9.505112	9.472327	6.895743	7.765426	6.343581	6.910076	8.283300	9.585351	5.964540	9.703564	5.566823	5.780014	6.746687	9.851590	8.461974	5.855333	7.967491	5.536251	9.795158	4.051487	3.713834	6.083412	9.399656	5.413754	9.434472	8.489611	9.340164	8.784206	6.155865	7.409072	5.800812	9.710112	8.772506	9.803835	8.394112	6.495041	8.550711	6.779399	8.983452	9.842090	9.673476	9.439799	6.250461	6.102008	8.960203	9.554372	7.622790	9.638038	6.416597	6.903009
7.418032	8.245920	9.789679	8.354378	9.820178	6.740943	9.669768	5.910360	8.527325	4.505316	9.389581	8.519585	8.051379	8.428559	8.962634	6.069333	9.802642	8.960351	6.496411	9.784086	8.598124	9.844793	9.711225	3.282338	9.174753	5.488382	8.132296	7.806719	7.366581	7.192096	7.992195	7.999203	9.802995	8.221888	6.787488	9.750373	7.098029	7.410754	9.083456	9.225659	6.265509	5.659773	9.419656	9.830479	8.962958	8.739222	9.793907	4.343045	8.920875	7.043175	4.646798	9.507669	6.873644	8.957883	7.620935	9.379458	8.353539	9.132663	7.096134	8.972819	5.677837	4.535754	6.406862	8.649877	5.926553	5.681838	6.974380	7.767600	6.087334	8.370213	6.008605	7.335804	8.183933	7.952234	8.755055	6.179801	9.593173	9.753279	6.389914	9.465158	9.557024	9.758740	9.850176	8.373432	5.663662	7.098232	9.553809	4.695828	9.506132	7.612497	7.013203	9.461956	3.558741	9.115938	7.986343	7.257402	9.662607	8.447699	9.535844	8.770649	9.856895	8.901296
7.444681	6.336407	9.834196	7.810846	9.400166	9.633739	6.507921	9.155732	7.509222	9.500315	3.339600	9.446930	9.220952	8.159593	7.734884	9.231135	4.646268	9.803650	6.036497	5.824521	6.212888	8.598601	8.799412	8.327996	9.843653	5.198134	7.934142	8.572702	7.987136	6.351945	9.037413	9.804791	9.041188	7.208944	8.753262	6.895896	8.475283	9.691487	7.047690	8.393596	7.164627	7.971217	9.079755	6.740997	6.458896	9.650795	6.942079	8.881194	9.738081	8.952189	7.831329	6.560202	7.019419	9.368050	6.765178	3.877648	8.676860	8.727948	6.913749	3.674218	8.995872	9.415793	8.715511	9.778291	9.542494	5.440470	4.862109	8.281040	8.457546	5.901318	8.452109	7.162957	8.985271	9.460438	7.606180	4.626338	9.154950	6.792710	7.633964	9.448469	9.793046	9.675452	3.617815	8.483824	9.446324	7.728953	9.164178	8.821203	8.009903	8.850986	9.303469	8.238196	5.603063	8.596445	9.565187	8.335138	8.517603	8.582550	8.579808	6.035310	7.186817	7.206979
8.292581	8.816049	7.875157	5.589254	7.740055	4.170446	2.655874	8.737901	7.007232	9.235397	7.886285	7.736431	7.381557	3.782966	9.643558	4.951961	7.972906	7.529093	7.969792	6.568880	6.807217	9.572220	5.164136	9.382023	9.800928	5.720071	9.855813	9.381165	6.967170	6.927885	8.668253	2.703694	9.377476	2.853623	8.009254	9.010207	5.729928	9.564449	9.078672	8.738989	7.419661	9.053207	7.819984	9.832314	9.358180	8.475529	9.111975	5.136186	6.820384	6.978964	7.153989	7.145230	9.396773	9.242227	7.559090	7.163295	9.409193	6.030247	3.700176	2.451196	6.361567	8.479104	8.077410	9.796329	3.184139	2.768474	6.605025	9.852848	9.657255	9.796412	8.371427	5.891915	7.220397	5.108089	9.732188	5.281840	9.844777	8.905117	9.318327	8.945040	8.489046	9.398533	9.859462	9.710009	7.067204	6.606760	9.747415	7.415375	3.638281	8.519429	9.435125	8.427977	3.190348	4.550063	8.923415	9.850073	8.818905	8.932437	8.819585	3.893662	6.944253	7.042276
4.523299	8.078178	9.239698	9.310538	8.049461	9.686382	8.237458	9.473338	9.083024	9.801161	4.206654	7.469354	9.550010	8.495247	7.636899	9.828512	7.729679	9.625786	6.866565	8.135764	8.897686	8.942627	9.292890	7.075075	6.991242	9.731194	8.756912	6.442196	9.053312	8.520815	9.374560	7.375607	8.773754	8.271722	7.008852	9.700079	9.602388	5.219366	3.520530	9.801994	6.620406	6.814954	5.780564	8.524296	7.587180	6.908318	8.091974	7.693531	8.871306	9.794309	9.673360	9.581979	9.660824	7.654885	9.725959	5.026349	9.611408	8.988013	9.845444	4.386760	9.479331	9.768456	9.694541	4.527404	6.515315	5.575780	9.477549	9.841257	6.272521	9.611735	5.796688	5.940287	8.083576	9.597915	6.269834	8.167030	6.823204	7.520211	9.459188	6.349497	5.146883	2.737764	7.550137	5.842826	9.274912	7.881432	7.039148	4.432630	6.330820	5.333293	9.791638	9.852633	8.115385	8.812136	9.129393	7.691564	8.301275	7.688013	9.403797	7.713026	9.740069	9.030966
9.656816	5.092205	9.841833	8.538164	4.508496	7.986515	6.844638	6.507694	2.533774	9.578864	8.081869	6.602823	9.688900	7.446442	3.077964	6.238853	7.199916	9.568186	9.408979	7.056121	7.134784	7.430052	8.315081	7.798071	3.653216	7.359383	9.857610	9.264324	9.856320	9.455730	7.435550	8.191093	8.335817	8.237312	7.605121	6.845099	8.119342	4.158527	9.213141	8.755906	9.454992	9.131062	7.389047	9.715240	8.841677	7.990154	8.190945	9.125203	7.827791	4.888073	8.778994	7.185129	6.123514	5.875728	9.758298	9.844630	9.176524	9.730487	9.091025	6.673443	8.110697	9.335970	9.164845	8.342081	6.981904	9.333285	5.967377	5.213928	7.104023	5.326083	9.416057	8.100153	2.838677	8.336189	6.085820	8.967994	9.856660	4.022582	7.391458	4.305838	8.805628	7.737115	9.345803	9.363660	4.008050	8.300066	9.095349	7.079983	9.185701	9.624867	9.853186	9.148465	5.248911	3.324537	8.750620	6.503701	9.670807	8.148420	7.867878	7.818294	7.697733	9.859863
9.695820	5.910784	9.432422	9.848178	9.463843	6.898578	9.834261	8.928868	9.375812	8.853802	4.122675	5.866869	7.844956	8.944836	9.664196	5.432213	8.486336	9.747400	8.659596	8.878754	9.050121	9.044531	5.890741	9.393679	9.559055	9.523422	7.462951	9.649701	8.756534	9.748049	9.859593	3.463425	7.228534	5.593104	5.194911	5.346917	9.484908	8.662320	9.554035	7.929472	9.645317	9.362998	8.996271	6.457216	9.729820	3.809209	8.430946	7.979975	8.644312	7.633149	7.433493	9.556054	6.845377	8.036066	7.335275	6.887286	9.033270	5.467546	6.278934	8.251642	9.256685	7.524023	8.191299	8.703995	8.494781	7.576973	6.147207	8.606510	7.291349	9.761142	7.803118	8.963757	9.708929	8.794766	9.187038	9.822564	9.000508	8.028385	9.396707	9.844723	9.548770	8.982760	9.575348	9.631622	8.461817	7.896596	7.906435	8.927762	5.444371	6.108255	8.779133	3.421209	8.494025	9.418263	5.058349	9.346808	9.344046	5.120524	8.510334	9.850475	8.296970	7.072150
6.397943	6.598673	7.618502	9.368263	9.838731	9.735637	7.815900	9.588107	7.638640	5.459814	9.069638	7.161992	8.053498	8.452813	9.848853	9.765156	7.780721	9.845280	9.029835	9.303810	7.476279	7.614361	5.877451	9.204344	5.066837	9.365520	8.423266	6.555503	7.572699	9.783956	5.718742	5.174518	6.677194	2.519997	8.862370	9.667644	8.265101	3.869633	5.898959	6.975722	9.846408	8.833516	7.753765	7.780016	9.514478	7.615806	8.331330	8.417318	9.598455	8.531151	8.542122	9.499240	8.841166	9.032590	6.945409	6.447092	7.070480	8.610992	6.205894	4.978811	9.795016	9.365830	9.734767	9.679593	8.533342	8.212899	3.846773	7.712509	9.712114	7.004828	7.793164	9.704829	8.429542	5.324214	7.616198	5.419950	3.788282	9.831231	9.611843	6.544559	8.837265	7.295530	9.809789	8.356051	9.840453	8.143619	9.129086	7.876383	4.677427	4.982299	9.551238	5.855718	9.442141	9.691918	7.742648	4.417318	7.109284	7.297417	8.358021	7.196075	9.467207	9.741056
5.016587	9.554761	9.438715	5.468320	7.641837	9.760417	9.779039	9.119718	3.122973	9.628248	7.145312	6.071533	8.731719	9.783511	6.797578	9.202739	6.780397	9.728548	9.486029	3.996706	8.832464	9.167403	5.651718	7.608367	4.879888	6.351935	7.535409	8.004986	8.943263	4.609527	8.868683	4.908689	5.061607	6.272252	8.091461	9.194379	9.838189	8.972496	9.077278	9.850220	8.055163	8.803596	6.313005	9.781830	8.446881	9.792409	9.738188	8.597287	9.765931	6.848283	7.694923	6.669650	9.846249	9.545986	7.426948	7.637387	8.577275	8.575909	8.499901	8.491809	7.653966	7.230674	8.170345	9.702637	5.079009	8.494556	9.811006	7.652654	6.483016	9.454384	9.552969	7.732805	5.849775	8.150033	9.844761	4.442031	9.614101	9.088035	9.804743	5.528746	9.429278	9.491877	9.096052	9.551788	4.723445	8.688742	9.794426	9.820544	5.089033	9.736858	9.473350	9.761898	7.600633	6.611399	8.185722	9.085753	9.470407	6.350673	7.898956	9.521666	7.354564	9.844220
9.539102	8.969279	6.237871	5.308999	6.238401	9.433012	7.188414	8.941126	8.525071	7.884259	9.551967	9.398622	9.663372	7.740865	6.069001	6.121419	9.439536	9.124727	7.234219	7.759680	9.758437	7.820352	5.611473	7.159550	8.812087	9.747745	6.993574	9.496162	6.391822	9.810359	7.816818	9.766402	7.509448	4.551603	9.819928	6.877830	8.827935	7.649096	7.673043	3.244256	8.753468	7.756224	9.616762	5.079767	8.937763	9.807427	8.974331	9.488056	8.294790	9.440345	9.819798	8.994430	9.221732	9.620562	3.478425	7.554196	5.120375	9.049701	9.409923	7.419997	6.861492	8.857100	9.642382	9.379661	7.045834	9.374343	9.589638	9.776972	7.214910	9.684866	4.637375	9.829618	7.794813	6.926412	9.559818	8.531950	6.546190	9.507644	4.698861	6.749850	5.250069	7.933727	8.961387	9.763956	3.351716	6.731996	4.223172	7.564899	9.110890	6.269392	9.182013	4.351019	8.806093	8.291141	8.073544	9.767630	9.402853	7.456856	9.502494	5.918693	9.740778	8.399740
8.161653	9.470778	8.972087	5.872717	7.874088	8.531963	7.650896	7.594656	9.181554	9.525128	9.756605	2.488022	9.210986	9.748943	9.486128	9.779804	9.224881	9.726660	7.939581	8.531055	7.748705	9.082109	9.639107	9.803943	5.801753	9.043895	4.399725	6.077657	8.875364	4.045779	8.526823	8.988847	9.759512	6.664595	5.611661	8.227231	8.939711	9.641542	8.867560	9.744224	8.876316	9.730675	4.671770	8.932965	5.668258	9.688371	8.401085	6.581315	8.654691	5.154671	8.056094	9.284585	8.291605	8.247566	8.633436	9.007265	8.442153	8.424009	8.155855	5.640445	9.413864	9.728221	9.836722	7.058005	5.356684	6.364459	9.550186	9.423653	8.910078	5.731064	8.688165	7.312916	8.280224	4.555874	5.985365	9.507296	6.241039	7.569761	8.151893	8.801608	9.782647	9.732115	7.317654	8.547244	5.550173	6.786974	9.169242	9.388664	5.874107	7.701893	8.087835	4.285686	7.818730	6.573476	8.447927	7.398081	6.488713	6.390869	8.854815	9.235168	8.253781	9.704975
9.166840	9.369546	5.662407	9.758126	5.356082	5.415708	7.903837	3.311563	8.718826	7.881063	8.623494	7.076861	9.289455	8.570683	8.763944	8.787496	8.501777	7.876472	4.604534	9.307611	7.987139	9.115255	6.342022	7.702584	9.455812	9.349034	8.457016	6.955579	6.806237	9.736678	9.698961	8.421593	9.755107	8.932938	8.882368	8.062381	7.735171	7.635533	6.918030	9.322213	8.339662	9.833883	3.357831	8.002165	9.287212	3.976994	7.827201	6.998379	5.788232	9.808184	9.088649	9.509561	7.498571	9.281233	9.652938	8.726063	4.924215	7.603832	8.917218	9.544509	8.001959	9.774462	6.325553	8.484073	9.304136	8.895426	8.843426	9.320690	7.113273	8.045656	6.669413	9.417169	3.758780	9.432383	7.331031	7.003259	8.317668	8.012834	9.408064	6.750856	9.779413	9.804989	7.487134	9.743130	9.829189	7.050329	8.303696	8.751759	9.693550	8.125177	8.926358	9.404716	4.466853	8.590712	4.986476	9.201024	2.767709	8.316158	6.835394	8.018692	6.356695	2.344906
9.776038	8.437191	9.633718	7.228973	8.928859	9.394164	8.920348	9.225536	7.855901	7.476043	7.026518	9.341247	9.663848	7.443478	5.684847	8.555958	8.185587	6.368564	3.050581	9.757676	9.061228	9.716936	8.398367	9.012426	5.052465	9.609886	8.727959	8.969855	9.589087	6.521013	8.131726	9.734542	8.575073	7.054057	5.758969	6.810307	8.378287	8.490118	9.779648	7.745696	9.677391	6.471227	9.857375	8.959941	9.841802	9.366965	7.583160	9.152233	9.538983	9.472924	8.134860	4.830085	8.108300	9.458240	8.663432	8.349339	9.627922	7.216639	7.538390	7.509243	7.341718	9.452560	9.602051	8.027148	9.000049	8.986539	7.360323	9.357824	9.118131	9.622484	9.604765	9.696374	8.021826	8.066411	5.858510	9.776357	9.502059	6.561488	9.322568	8.648881	9.661290	9.313058	2.574801	5.316640	2.661415	6.663333	8.471606	6.306784	8.779505	9.683891	9.678525	9.564245	7.331998	9.625732	9.721915	8.143727	9.847058	9.403882	8.365961	4.646230	7.674897	7.385604
7.021933	9.797314	5.264843	8.622802	5.894319	6.625314	9.506535	4.421076	8.705738	4.484714	5.040024	9.536281	5.717591	6.213232	9.419013	5.050886	6.073496	9.358846	8.855169	8.242777	6.843932	8.577391	9.572424	8.813681	9.526182	7.994998	9.433814	8.220428	8.525296	9.563269	9.063991	7.350420	8.225565	9.524992	6.645024	9.471643	8.781124	9.697720	7.516980	9.573584	9.605857	7.740422	8.466150	8.571286	5.577110	8.013205	7.153002	9.766522	6.158290	7.837014	7.314320	8.687684	9.545965	4.704225	5.365713	6.601919	4.140290	7.147529	6.234719	9.066306	9.822629	7.457773	8.741410	4.476927	9.026187	7.384666	7.550372	9.064009	6.091701	9.821644	7.569259	8.305743	8.707534	8.445590	9.111790	8.751351	5.331514	9.391992	7.811517	5.085749	9.306553	9.038104	9.365736	8.136678	9.085723	9.055856	8.638661	4.655797	9.703733	7.657875	7.992875	3.643770	7.926941	9.008611	4.918347	7.591927	6.471668	8.683881	7.277445	7.916442	7.985660	7.223435
