0.000000	42.034118	17.774829	35.787634	32.514873	41.308517	23.257389	47.968664	24.210668	35.814797	35.242075	38.237790	47.144650	41.986622	43.612822	34.827986	33.592093	33.619933	21.283740	47.323239	40.896234	48.481846	42.608125	27.700334	17.854918	38.330339	46.840418	42.171758	46.309108	41.411557	45.354501	48.543626	34.239377	46.936872	46.562821	47.844806	43.018342	28.380899	30.187701	42.366478	37.322390	45.626103	21.595938	27.868384	46.971475	24.768595	38.839633	26.539608	41.587006	41.813749	11.489217	22.450996	48.268154	45.746547	37.866727	47.879014	41.859262	26.893361	44.334929	38.934456	44.655707	39.700189	36.518371	41.711499	44.870134	36.220620	46.851439	21.242318	35.466018	43.541045	36.942836	28.257718	41.212862	26.669791	41.062807	42.117228	33.106729	31.896070	47.763311	38.049066	47.850960	42.792063
34.828343	0.000000	48.385776	44.678882	28.669664	41.749211	39.056528	41.432728	38.267911	48.317508	45.488733	48.528801	19.936699	48.621831	41.083237	47.438069	46.358030	48.560658	35.142182	48.534617	48.555001	48.798392	48.452666	20.641916	22.908444	48.507490	43.793031	42.907150	38.617969	48.867085	43.118052	38.368210	41.467204	40.767847	47.488974	34.380889	35.854733	48.441254	41.266155	36.559349	43.961207	43.686526	48.291732	44.827177	36.353906	36.257609	39.167243	18.388019	42.296137	41.435577	31.000483	28.633363	48.795763	44.335346	34.695961	44.036326	35.937111	46.442651	37.295254	42.083575	32.448410	36.803702	25.503506	47.916308	47.918059	40.523124	48.370289	45.814509	46.410967	47.775208	32.189213	45.026756	46.672408	37.271910	47.606347	43.878859	26.919173	27.360288	41.109254	43.365373	38.122046	41.527341
40.517567	21.893740	0.000000	42.420654	38.752840	34.244573	47.572256	43.004608	33.880023	40.471619	47.283304	44.817880	43.265664	41.196622	24.932532	47.564530	38.867482	48.862616	38.549802	45.746824	42.820407	39.561456	40.709781	27.799502	48.333516	44.540060	30.756819	42.537390	31.079415	48.332793	48.140846	48.672188	48.238222	40.761335	41.580228	48.784627	34.632451	36.253160	31.563328	28.695090	23.268673	48.805389	11.072320	46.184818	43.423128	47.966258	35.780256	45.512647	39.829708	37.212478	36.028567	33.724868	45.240330	28.261942	14.993685	47.831403	43.825118	44.399668	33.809869	48.126545	46.662641	47.869624	47.400648	43.317121	40.451081	41.053796	24.856544	45.654896	35.080971	42.723837	47.362550	48.249066	40.980741	37.850992	44.937873	46.937129	39.837115	34.495619	47.393463	41.722789	38.896099	27.015700
43.142691	13.765040	14.213528	0.000000	43.259717	37.479670	45.259772	44.028640	26.740602	41.022102	34.001703	29.393538	39.836015	47.527343	48.411512	36.612357	24.064069	37.670556	41.915274	38.563037	37.993663	28.617013	37.403009	40.416669	42.515949	46.537953	42.888617	27.393305	42.385715	43.255155	40.705095	20.650113	42.112451	41.463746	30.256177	47.258497	37.898648	26.375304	42.057189	48.837259	20.240456	47.205908	36.406533	28.412167	33.452189	47.922857	26.248540	46.336732	46.784379	30.158156	39.675525	32.657285	47.474007	47.355903	47.843440	45.352357	23.116955	47.698414	46.995274	48.028658	17.763227	36.589786	29.740282	46.566616	46.953379	38.455331	41.994353	32.449598	45.565369	37.394262	39.247915	48.858799	35.478318	22.351679	18.834403	45.401247	44.734299	36.663074	41.097108	48.894751	46.192709	43.606647
43.203671	38.253254	42.342850	47.639439	0.000000	46.512679	30.055217	47.404634	42.539236	36.541888	44.696227	46.527346	42.770413	47.383444	47.545430	45.741496	24.463950	39.862664	47.898519	39.259313	47.628335	31.402725	45.640541	31.395541	48.313235	47.726285	38.732343	47.251296	35.368524	35.888446	48.745214	22.715002	38.430523	45.770814	43.240420	41.118214	27.402106	42.718763	27.742572	42.139588	39.531540	23.271883	47.036646	35.651650	17.478358	40.746131	37.043370	32.118619	20.420166	46.830321	41.299869	44.585149	40.220253	48.172624	45.497663	39.016655	19.131889	47.520014	46.684925	32.357760	28.633803	44.546512	29.210257	31.833924	25.083525	40.997438	47.450149	46.458695	34.942102	44.945598	39.445313	45.131387	43.782338	47.302364	45.832874	43.704815	24.780832	31.844287	34.161418	20.687921	48.090978	15.365160
14.809037	48.769103	45.767125	45.820707	47.881241	0.000000	26.427907	46.819379	22.829922	31.606567	42.984926	42.542146	48.811528	25.759685	41.472032	47.269917	41.152360	32.104300	38.497886	48.862196	44.548334	36.397471	42.630591	40.247425	42.470111	36.056386	41.164611	40.953212	35.498639	35.375605	42.415394	40.149956	42.398809	27.668112	44.212470	36.831314	43.531473	47.207975	32.808498	48.710591	44.906731	37.993283	47.653905	44.484872	46.365502	39.868540	27.550302	46.691220	46.983005	46.626573	45.891934	27.098720	43.992090	45.888021	43.618487	41.518976	41.984000	42.549302	41.261833	44.381727	44.036600	33.817778	45.127901	23.996741	34.105528	30.698517	28.300183	42.168128	35.770841	19.214727	19.994405	46.387804	48.199919	30.461856	35.143026	27.042616	46.482096	29.410896	45.361626	19.519854	47.585686	37.234408
40.415099	48.130175	44.120305	33.269126	47.139491	46.999996	0.000000	39.508996	48.744110	47.576331	47.175534	45.550469	46.893878	48.633682	21.929136	45.296018	46.251004	33.014167	31.576094	41.737417	36.899604	41.610633	47.091993	35.788107	48.043645	36.398518	40.850146	45.997250	38.095737	29.974845	40.210340	33.430576	31.819219	45.630791	42.611957	46.804603	44.345894	19.501712	45.349993	40.764816	37.242958	43.149794	43.841791	38.741644	46.830872	41.066510	48.102073	47.884059	32.550073	28.104572	47.951203	35.577194	37.224688	47.870917	41.243596	46.350887	48.652778	45.589821	36.748435	31.411883	22.357918	38.133595	39.937032	46.518374	46.463182	47.407734	29.885207	45.464918	42.317671	40.454231	37.503929	48.800394	45.931247	38.477740	25.937209	42.891916	34.462135	43.700977	31.145445	48.810185	47.079233	40.149711
47.577971	43.865952	46.655368	36.849143	39.283239	43.218355	48.883064	0.000000	48.632978	48.815437	40.555131	47.157100	37.604934	43.349232	44.254750	37.188746	28.301684	45.863153	40.906484	42.089101	46.523268	43.197461	31.826483	37.605153	45.050526	47.409982	37.040143	39.766290	46.516500	17.474903	46.497325	39.762969	21.913904	33.322488	36.682096	41.881918	48.428680	33.072354	37.624036	47.575856	23.458171	32.763220	42.490572	47.424257	45.635842	48.554019	46.312642	48.840829	25.053178	46.532409	45.325723	42.657800	48.097524	46.383056	43.803627	24.601766	32.355657	45.307044	45.827074	41.542014	46.191867	46.471944	46.296332	48.048016	46.347474	39.328155	39.584590	22.329381	28.779192	42.125875	48.188161	42.179716	47.899517	37.875305	39.740439	40.783399	48.523670	45.332812	48.729747	28.606213	15.055731	39.365177
21.550490	33.551743	40.184176	47.902191	48.893119	27.853439	48.405241	46.860428	0.000000	46.914423	45.846426	37.261305	40.678019	40.956084	36.297533	39.397175	48.808952	47.099252	48.315083	32.973838	37.367811	31.732734	32.254313	48.372777	47.196552	37.604293	12.081149	31.098331	40.068081	45.992533	45.977960	45.816073	44.745982	25.182457	42.669676	44.834073	33.859564	40.366789	37.861679	45.118939	47.177221	44.998837	24.434274	17.063030	21.325247	47.630977	33.421508	48.342989	45.391082	21.161274	23.885729	20.013792	40.375793	43.447662	48.390686	46.569320	40.064770	45.044565	43.747034	37.993072	43.399912	40.152470	34.439536	25.078986	23.951805	44.348591	22.301351	40.087688	48.512030	39.730643	45.514538	41.419577	43.247276	41.857610	44.276100	25.639684	34.291337	41.864860	31.056035	41.232691	17.076964	36.364958
45.631309	40.768985	48.850447	39.244633	43.881987	46.410462	36.614821	25.236156	34.335820	0.000000	44.388042	42.602300	24.971736	46.798251	40.402654	34.083653	34.572437	41.585857	24.753956	19.164360	48.832696	48.224705	41.516266	34.696384	47.840355	43.243150	44.606637	42.844579	33.346698	47.308309	22.380355	48.809458	28.555305	47.687456	29.976859	31.217496	44.601601	37.671574	41.680202	46.481683	45.203809	44.199443	44.273866	48.801031	47.692742	48.092304	42.596098	43.670762	25.930570	48.160094	42.511256	48.815296	33.128649	29.163770	45.952466	44.785071	44.843512	40.989024	47.296982	44.613958	38.820374	18.772670	31.004136	45.140777	30.196925	42.242301	48.060178	48.160948	47.528812	23.796291	48.404700	39.557837	40.031235	41.914192	41.041064	42.852661	31.919845	29.804639	35.284202	29.306339	41.057017	39.755413
35.213251	21.216136	48.356781	21.753490	36.844183	45.631843	42.277254	16.189623	47.717771	47.777325	0.000000	28.520029	37.213919	43.073608	35.538566	48.346026	22.129181	31.365114	48.361039	38.568578	26.458365	46.739933	39.491402	39.678748	48.896454	48.843714	39.496876	35.579239	35.546272	39.375341	38.838608	14.319870	48.387528	25.708583	45.804827	38.318055	40.749839	43.156130	45.227931	40.888372	27.016767	47.316037	22.713085	37.607910	41.716152	48.450847	37.561348	29.762738	39.520541	34.140365	32.979216	36.653866	41.160668	46.938718	36.975425	41.136584	42.652968	47.511864	32.283595	37.941246	48.586547	47.237005	45.191152	39.649607	17.865535	42.164331	46.051388	41.347015	38.847841	47.419415	39.433359	37.601596	23.202025	47.607400	34.529940	45.029861	42.127443	38.402262	42.714838	45.790011	33.963726	19.566437
47.585470	32.489924	26.601291	29.813896	46.774608	46.781706	30.055548	47.606950	43.190023	43.171056	38.923318	0.000000	47.801507	45.043908	39.918434	48.365319	45.382881	42.288445	32.082834	47.220582	35.786165	28.531447	45.065236	41.151476	27.385293	45.056378	40.666399	14.956893	48.249624	48.509554	39.553123	47.700797	31.845205	38.626500	32.559647	46.965758	23.702738	28.492011	39.747504	47.770175	46.237225	47.486857	41.299681	19.729627	32.311854	35.923915	48.707581	47.537712	44.910648	28.722501	47.904229	24.302933	41.968709	34.537899	41.881486	24.920921	46.657539	32.566591	48.197772	21.516082	46.336801	47.742537	48.154586	46.901624	46.326929	32.388252	15.521338	38.066665	32.461179	47.406961	48.898434	39.947514	47.901715	22.643268	44.164506	36.075731	44.014626	18.420800	44.191136	42.220475	17.969947	46.709224
35.024300	38.804603	43.223495	38.478368	41.872586	29.313577	15.771412	48.879430	26.141038	34.422004	29.837156	24.995055	0.000000	48.513366	46.817217	47.297170	37.194231	44.390580	40.309728	47.147545	24.404147	46.929607	39.723575	25.335433	46.508286	45.092901	39.303828	40.766921	47.920628	46.410984	41.287544	48.709022	46.599609	48.834187	31.384177	48.447396	33.827967	27.284781	48.579918	39.869732	36.866153	45.691645	40.646506	43.645314	43.687574	34.571124	44.649732	45.980985	48.207412	29.512247	48.169115	25.282515	46.946070	48.663859	19.990538	48.587612	48.833540	32.038949	46.908867	42.893906	34.897038	32.479160	41.750413	47.471709	33.272057	48.590690	18.887814	39.415817	48.888313	40.020817	29.342589	29.167728	42.838777	29.272417	47.969735	46.139340	46.787904	26.388880	47.825723	40.336188	41.779710	41.389623
23.162832	41.399988	40.126057	42.208884	35.215518	48.351158	45.668024	48.690220	45.521113	39.825977	34.706202	36.685497	42.958067	0.000000	37.181033	32.961813	48.280027	45.531468	22.444971	35.759860	45.941794	48.469298	47.108183	47.420176	34.587642	44.456450	39.105975	42.337824	47.133343	42.482687	42.693779	37.769679	28.119850	48.559069	48.453825	38.550317	30.933380	46.805813	47.808725	41.649176	38.840804	42.636524	28.419308	41.648881	47.029462	32.595764	45.401745	43.820883	38.347913	45.952113	46.798327	37.314940	48.847234	24.651715	30.422976	31.988931	39.544426	47.217284	42.778676	34.921455	46.310457	37.301743	41.329804	33.775356	44.856120	47.169072	28.841061	33.572813	25.217322	45.282796	34.661660	42.754637	43.634507	31.504390	44.720557	30.730488	46.569079	44.696743	43.459174	20.993962	38.851621	46.159904
44.666823	29.230009	26.317290	47.072325	41.037484	43.974480	31.436958	44.578736	44.580249	46.005033	42.904557	25.827592	18.679137	40.496478	0.000000	39.396648	41.997491	43.705555	27.010814	19.838459	42.110220	24.920049	24.445108	29.284121	48.184657	29.450422	27.320726	47.850044	42.092585	43.588100	35.254756	35.304745	42.129916	38.405983	32.701801	33.398940	36.826290	21.982984	23.081635	41.883889	48.536943	29.126996	18.174366	44.771744	33.684257	48.877409	30.665431	21.482264	43.431826	18.125436	36.586499	36.835411	38.863884	41.982654	31.275773	39.178993	34.661762	17.130515	38.793650	47.369706	25.380541	46.733105	43.636630	36.147829	27.167534	44.669837	47.529239	32.155188	28.172287	22.467368	30.126750	42.137926	28.351253	41.023957	48.550556	34.229208	44.830045	23.395850	37.324414	20.521696	27.813948	31.270896
47.144381	48.069014	22.393242	48.502789	40.711658	47.586812	33.163251	44.960178	28.545164	40.985601	38.746530	44.674172	33.222252	27.504117	42.842326	0.000000	43.783665	48.580804	32.306098	48.398962	46.574480	46.419595	30.513773	24.305832	43.559373	41.454038	37.405412	31.611814	44.099083	39.723660	47.553504	48.201342	31.640560	48.873753	25.188191	42.988582	38.451857	47.720485	33.241327	48.165854	41.481478	28.032392	30.814312	31.325394	44.418853	48.397389	42.462089	42.974605	44.494017	41.833352	26.053066	44.534921	48.158955	48.686670	17.525511	48.583155	27.128371	19.355453	20.588817	47.584276	40.920739	34.177035	39.230710	41.371959	48.577390	28.559755	35.909017	47.008359	41.123397	48.358589	38.132031	37.815588	45.439435	19.764122	36.193215	47.529098	48.245358	37.671477	47.875579	30.547419	47.787137	39.613215
27.003290	13.963193	33.726611	42.364469	46.487670	44.612280	33.533922	45.972837	47.427099	39.776107	31.838990	46.894702	46.498254	42.403826	38.363972	35.972563	0.000000	44.298729	47.807255	32.027173	44.820037	44.463034	38.285370	26.948417	44.946949	47.999741	42.595227	48.651576	47.031501	20.706417	11.988583	45.431230	34.585346	47.374808	31.010896	41.211213	48.693009	40.427637	37.631262	30.766538	37.274960	32.968411	44.894448	36.610715	45.909720	41.865336	34.676213	30.098413	21.542723	24.070572	45.157591	44.753545	26.440420	24.318160	35.578813	48.744707	21.370003	44.175364	31.429457	37.584883	32.999606	44.232165	24.211676	48.581298	43.104802	44.969891	47.810915	48.820433	46.016369	47.559349	39.512785	45.046168	37.796438	33.634114	20.751416	46.621082	44.326077	48.547858	46.006273	39.750473	45.637162	37.880670
29.337435	14.609540	47.439806	45.037316	43.776855	32.266532	23.467209	28.609786	33.110615	30.878827	42.361447	28.860669	30.750542	34.338455	46.954528	48.464620	23.509436	0.000000	17.917150	37.814245	46.617297	41.903978	48.091261	25.448381	40.594089	47.936918	45.998544	47.605963	48.303828	28.890728	48.207442	31.605023	20.492695	35.123652	43.439576	29.729252	36.190637	42.255221	38.859579	44.292867	47.573451	14.905417	44.866512	48.862011	46.850500	46.840678	46.927514	41.314573	45.609273	48.430116	35.458119	18.339063	44.325364	45.558397	36.320030	35.978626	35.239114	37.353499	34.732816	44.466700	39.477643	26.018848	28.781486	47.140742	48.176936	43.340568	30.384586	42.565981	37.803870	48.110257	38.178709	44.875281	44.897834	48.551630	45.710335	38.852041	47.484017	13.738541	44.701330	46.829948	47.873676	33.846477
22.140834	37.706968	32.361438	45.290292	47.356549	39.213415	42.976983	40.380714	42.902081	48.207949	43.035546	48.898917	44.967227	41.445848	46.893862	43.348405	45.816632	47.873199	0.000000	46.752218	47.784412	43.921916	35.936816	48.147185	36.972296	44.096655	45.289523	31.067485	40.226812	44.900119	31.567967	37.580740	47.657142	33.623987	40.937650	30.846066	48.614361	35.948294	38.513156	48.133448	46.075665	48.279701	48.303172	48.348129	45.869090	33.906877	27.385593	36.489292	34.566231	48.600394	28.335709	46.126460	39.536913	41.218069	38.659927	47.710204	29.499861	38.862784	48.576350	36.116946	43.257131	36.276882	18.156907	35.868157	43.578762	43.389135	45.056456	47.342008	47.031463	48.540575	48.876587	25.794827	43.132124	45.766944	27.729150	44.378442	40.942880	34.299893	28.154631	42.025209	44.138934	31.618902
43.531457	39.223407	46.930625	38.912756	40.512805	27.305624	32.858145	46.385089	46.653489	25.568982	36.550808	18.419649	48.661963	44.581909	37.936702	37.454863	46.726222	43.714080	47.662094	0.000000	30.242971	48.630700	48.844291	33.915287	48.442635	26.450679	46.522885	31.024020	34.343193	38.909848	45.373051	35.301238	25.202574	21.936203	43.673456	43.754944	46.875473	42.100421	34.353155	43.154620	35.982700	42.049050	48.661175	21.506816	46.052420	42.199524	47.962943	17.476872	42.434795	48.662860	37.905148	28.124327	47.171628	41.098051	41.819625	39.328949	26.467326	44.118453	35.958666	38.805394	47.674892	35.907065	33.977651	14.631319	18.478326	35.183647	41.822543	27.178559	27.515360	33.939747	38.806824	41.993822	46.667854	38.971346	24.330544	43.346312	14.167836	37.984227	34.759743	46.787083	10.005116	37.154948
39.680326	42.729492	40.257924	48.246620	29.008070	47.992530	30.440121	48.549961	33.231080	14.792881	48.857301	18.975390	34.670251	45.487662	43.229454	44.705456	35.518954	48.787254	31.344476	22.970128	0.000000	44.345949	47.314715	45.091145	44.897102	41.624491	21.540655	45.556625	25.494632	47.267678	33.823410	40.775395	47.550862	24.412237	47.743320	38.803703	48.457723	35.355470	26.318525	32.004077	27.638741	47.296732	37.837335	48.502403	47.889324	22.134359	23.318845	39.440783	33.029884	44.191398	47.810505	19.741412	39.995240	39.589035	47.931224	48.899467	45.442456	29.146418	42.763742	42.558008	44.914249	37.856078	46.419915	44.530566	21.280318	25.636020	39.158133	30.055616	18.963769	44.463958	38.998537	42.079547	44.486525	48.863650	40.148334	18.279520	36.058196	44.891415	18.748971	46.489986	42.943242	36.395760
47.575711	46.455734	40.232924	36.425465	45.944867	46.131115	47.855541	48.343337	43.779965	46.172819	46.840360	45.603044	36.188688	18.109870	41.955532	41.865269	46.539127	23.587018	36.835296	48.869752	35.543009	0.000000	38.212233	48.175693	36.330369	37.329890	45.920659	46.332370	39.182816	47.843417	42.956925	44.253454	48.537804	27.675068	46.111225	48.585442	26.232604	31.645437	36.595668	38.485791	31.407795	47.174854	48.220742	40.559454	43.119720	36.791955	13.840230	17.901757	22.929839	42.807123	34.512201	48.230941	21.575719	15.921650	25.296958	40.199039	48.375416	46.515100	30.931490	47.581531	47.674876	48.573301	44.745110	44.929256	20.048731	47.876562	38.617062	40.494017	48.771035	35.243805	44.613054	38.925118	33.203163	47.150193	48.234456	48.774444	23.515176	30.006572	13.068310	35.840219	40.299778	21.742070
26.670132	39.569676	47.404415	41.714478	46.908917	37.747392	42.467765	45.476107	43.827031	40.427474	35.735941	42.038427	26.939220	18.642229	41.922691	24.921531	48.358105	25.522205	44.631585	40.404180	46.397636	27.182279	0.000000	42.768419	48.631415	22.973533	23.607405	48.884632	48.752360	45.049300	48.658211	46.288496	27.476230	40.980145	34.313589	34.096871	38.213439	35.662349	35.616334	45.276188	32.732904	32.810221	46.698052	40.346447	47.853007	42.577182	43.384373	44.354917	39.165656	42.448169	23.858124	46.613191	39.190240	48.353417	46.870542	48.216257	38.927001	33.486824	27.540134	32.315074	23.923542	48.531468	19.848297	42.110895	35.184313	47.052553	48.282115	34.869127	46.267045	39.035616	26.435179	20.834597	48.356284	40.452734	13.636389	39.596382	41.414159	47.387204	45.287420	45.666815	47.043822	43.266908
48.830371	34.436416	44.118658	28.337837	37.740109	41.103408	48.464269	36.995708	35.798859	22.272894	46.582325	36.601661	30.108092	37.798068	15.201702	25.829592	29.780499	31.056328	48.000667	34.876553	30.243989	44.750566	48.456866	0.000000	39.957159	37.674971	45.367346	47.620200	36.499261	48.457805	27.139858	31.000383	45.635015	22.287971	43.744459	16.621275	28.503681	46.522388	44.634280	36.637537	46.434118	25.967894	35.975093	48.481477	30.901428	41.614052	36.941221	44.376314	43.383953	46.891851	44.665767	18.229288	43.222174	48.480128	34.971458	46.996727	21.791882	47.199072	32.309488	38.368245	45.588708	42.149866	46.343142	13.093431	36.139134	26.677449	48.838003	41.823536	47.978862	48.208139	44.596485	35.918394	35.195615	42.900306	32.612974	47.097171	28.604512	40.464647	47.862216	43.685899	43.521517	30.807662
39.949092	46.878946	46.852747	48.710810	25.388852	39.809267	47.004563	31.322596	48.160252	43.946599	48.015384	31.644636	44.368928	48.827151	32.149392	40.387486	44.349401	38.653681	43.761065	39.906903	48.746737	48.337057	43.845160	45.816699	0.000000	31.556955	46.265924	35.390722	37.291037	45.869749	48.887419	34.910925	48.893654	44.243434	30.431790	46.248361	37.924557	47.589062	26.848838	46.928992	33.627002	44.090086	42.089554	48.373338	42.475091	23.774387	48.051005	46.453000	21.383463	39.110593	25.907315	47.193347	46.267153	48.295717	48.883353	45.702041	24.712741	43.633074	42.980542	45.718418	37.104151	47.271184	41.007221	40.731343	45.795184	15.002639	20.333733	43.807345	46.428937	27.630350	35.517960	42.803685	29.212180	46.844629	42.374305	48.872411	46.745195	37.175916	48.054675	45.079780	43.788074	32.286714
42.317219	48.435050	43.647478	19.131881	43.386022	42.801356	48.652307	37.382958	46.970117	45.447626	32.437691	48.341096	38.805846	40.415259	38.598928	46.507336	35.087628	47.271983	48.874019	29.838404	38.724591	43.861831	33.553297	33.973169	43.553339	0.000000	48.781798	25.246075	24.729158	42.949501	46.404492	46.841486	46.597392	43.946714	44.056443	42.642452	35.024956	27.186872	45.612575	40.933906	37.009568	42.965780	47.149346	45.253791	38.602434	21.991497	30.039831	41.666247	38.845409	36.346150	30.204026	45.517945	47.685873	41.983987	32.500926	43.011819	30.685543	45.961072	46.403356	30.937381	46.362567	29.493247	47.046700	31.053062	42.986307	40.933661	30.111943	40.221934	48.823568	40.153209	43.168306	48.881142	21.347102	17.218922	46.909849	37.658538	42.757285	45.996951	44.417654	36.983418	25.739442	33.059994
39.028204	44.201858	24.977973	47.923155	47.156573	48.627026	48.814277	43.502969	32.357282	42.469078	45.305105	46.519881	18.533343	25.986355	25.007102	47.836733	47.509329	35.747423	27.359940	19.725733	37.179455	44.161642	43.171356	48.307498	35.286405	20.194273	0.000000	46.120255	39.327555	34.747042	16.776172	40.364580	48.414790	45.190835	45.612929	47.521361	46.132476	43.247148	33.534127	43.508250	34.566382	35.450085	45.260870	48.519220	46.650699	32.547127	42.098796	41.403603	47.621661	42.784244	35.766793	27.316141	38.540873	45.215512	19.573720	48.148283	32.195906	45.205703	39.206363	39.278804	47.330052	48.359692	25.177952	45.640931	18.621295	30.660507	46.990313	40.390147	35.211356	38.056615	45.311103	37.647649	46.762925	48.749083	36.460146	29.208798	46.544607	32.680515	48.404342	45.507420	47.540253	21.247765
46.670420	45.228219	48.505668	42.104403	42.814310	41.238551	39.268985	45.283082	42.983155	38.560767	44.234956	24.900714	41.730754	31.428900	30.666370	42.157176	42.055994	45.586531	40.589407	30.180544	27.910227	42.754565	30.602683	44.688594	34.370476	27.682050	28.230533	0.000000	45.454999	47.052597	48.891845	44.204005	48.682142	46.122843	47.621111	45.620407	47.316265	28.844282	47.010402	39.544508	40.502466	48.188150	47.350360	29.604439	32.009008	43.692525	48.119383	46.616494	46.858122	45.120129	48.868659	37.617418	46.220606	39.622966	31.863733	32.524556	46.054827	23.510005	45.896248	43.226741	45.440338	30.989429	38.379046	47.789668	27.886520	47.215294	48.749701	41.240691	38.306043	30.269918	27.127669	37.549828	48.741003	33.683787	34.689393	37.696369	29.272902	27.756863	16.489434	46.458216	47.158483	46.775307
40.946700	47.961468	43.987301	45.550597	38.161361	43.880377	33.477616	28.988084	25.783939	45.145493	42.857824	38.360436	39.528790	44.148802	48.110024	39.216554	45.841026	38.073341	27.801137	42.796892	35.114445	43.120301	42.740324	48.227750	43.059756	26.212356	32.019485	35.722909	0.000000	36.765251	36.375416	48.176866	48.508023	47.978147	47.964089	47.274184	44.371126	47.684981	43.834862	22.704945	38.272798	24.809654	33.864257	47.732002	43.626749	47.124619	41.890444	34.435323	46.015920	42.758086	32.239192	44.707019	47.270420	36.163577	41.570071	29.576704	27.929506	21.502227	30.338761	42.896591	28.088300	38.188853	44.686088	22.673391	39.377651	28.215285	40.297029	38.565238	45.118524	39.150007	45.318678	47.780150	28.538575	32.373672	40.659435	21.666729	30.112385	25.756642	44.959985	42.043387	47.909572	44.673774
46.998754	29.188149	43.967292	47.788767	32.939214	43.047637	48.806264	33.161366	39.288546	32.869693	32.716969	45.792246	48.598260	48.273989	38.081353	47.897720	45.930006	40.624348	47.256384	47.140628	24.189453	46.954917	26.669003	47.752211	47.511074	31.734507	18.611763	38.386539	46.710516	0.000000	41.269150	47.521362	48.716772	48.204370	46.241232	39.833248	37.999067	42.769511	44.541368	35.110953	38.552440	42.828314	48.239669	37.514958	27.572011	39.375000	41.940420	47.107867	36.068558	14.353337	20.033685	45.589112	47.221055	45.088848	48.697084	39.228169	43.426141	14.057842	36.517266	46.753010	35.177093	44.625979	32.678597	48.194188	32.255723	47.993779	45.410665	48.002987	36.746145	40.259241	45.655280	35.693953	46.082095	47.129599	28.496298	30.267075	23.891302	42.824547	48.209806	27.750820	48.534241	48.127718
45.400376	12.318377	34.196237	44.763548	26.879728	48.306784	43.405559	31.160565	44.118845	38.525849	39.818510	21.439020	45.851576	34.739629	43.542699	47.148790	41.938114	19.095265	34.341774	27.977666	40.346578	43.609282	44.840634	45.903924	45.709331	38.901139	47.574536	42.926709	47.643496	47.510971	0.000000	45.912823	46.001593	35.030844	46.395795	44.699271	45.770930	48.449103	43.046976	47.256620	30.904969	35.844615	31.765064	45.988778	47.847785	33.006640	45.245402	48.033527	42.147807	48.810410	47.691441	47.328629	48.835519	42.094549	47.700356	45.016407	47.560947	42.948259	48.799684	48.888861	34.384865	42.022103	37.227129	41.847996	48.102314	43.854489	35.994126	34.972514	26.439922	44.238568	47.633664	24.158660	26.230125	37.660929	41.884580	44.001491	41.443055	38.226202	23.701262	39.842868	43.307226	33.999780
48.786113	36.646466	38.798503	39.354222	43.971460	43.511563	48.610809	14.021705	42.824604	37.412699	36.294693	12.411769	48.489339	48.841982	45.260745	33.364487	30.547262	42.023875	48.367751	47.899162	41.403452	36.126272	47.010486	47.869412	17.108563	39.085821	44.670124	48.251826	47.725417	48.846796	42.333841	0.000000	33.076008	46.634177	43.833857	47.061076	28.070707	40.982716	37.336487	41.931765	26.295879	45.781220	47.319218	47.709975	34.430157	38.819526	48.433581	46.130910	42.722954	37.370035	38.443361	35.857581	42.794929	28.272701	45.266345	46.487177	34.279687	29.076339	45.281792	43.724194	46.917799	46.038420	47.044891	43.745658	32.671896	42.557873	31.237837	40.133535	36.045595	46.056145	48.847360	26.645476	48.350307	19.566477	40.903377	45.477641	45.522962	43.244641	33.746655	48.591945	33.860769	48.065698
48.535262	22.829874	48.045916	46.612306	40.079602	40.405562	33.845678	46.174212	34.285187	41.384299	37.628704	43.365578	48.265101	46.602946	40.468026	37.504308	43.027463	40.042561	47.026843	25.944743	46.386898	34.826982	48.698895	47.516255	45.600771	48.221032	45.846695	47.225071	29.480142	48.610022	25.557585	43.986912	0.000000	47.205316	41.918841	20.009553	39.758012	41.443759	31.728845	38.890658	46.203407	37.987910	36.685634	30.737252	34.748908	28.471453	45.268535	45.526550	46.611087	44.277395	45.003078	48.421341	29.689176	43.670360	26.054791	38.236070	29.961499	47.893251	47.543110	37.861881	42.722601	39.223971	48.868921	35.443881	39.126144	48.410268	38.456969	43.088841	42.761525	40.976127	14.806719	29.111890	39.841979	46.644867	42.048226	48.853661	22.557999	43.995959	45.215527	48.273520	47.543690	33.347957
30.260850	47.790896	47.547455	36.348852	47.436200	26.771691	43.498621	41.938667	22.330979	28.861669	42.514765	47.920962	32.328395	43.824633	47.273649	46.492877	36.495388	48.896970	44.815615	31.688556	24.151518	47.360813	48.785988	48.650644	37.645414	41.493644	48.826378	48.164458	37.030950	45.347755	47.401528	45.171650	41.441561	0.000000	39.127266	22.411403	42.787032	30.460613	48.569914	25.171386	44.227631	48.768481	47.577870	11.460898	26.413943	31.056427	38.327866	33.562189	40.594535	35.839371	48.685547	47.047587	41.161619	42.848040	46.329640	46.559341	13.501102	31.082053	45.500325	43.390054	30.448309	46.008745	48.681467	35.377543	42.479825	41.573166	48.185686	40.966286	32.204019	47.433875	39.770859	39.595034	20.480699	31.001674	45.054206	37.400992	32.529524	48.120765	30.708096	46.071787	30.495173	39.866931
48.288340	39.937066	37.265159	27.739388	46.451651	44.446217	47.725883	48.771134	42.077622	47.227874	45.069035	47.033637	32.385669	30.728860	40.952425	43.518008	37.669526	27.299963	43.492602	43.240911	39.707838	15.713636	24.976814	40.860710	46.171513	41.883953	47.058467	46.922293	46.120430	44.115335	44.509842	43.953646	48.259824	33.605803	0.000000	32.451270	47.373365	47.610712	48.368264	37.545727	45.873534	42.261177	39.252009	45.305145	44.122715	46.884943	44.379035	48.657479	33.630414	24.837087	48.132847	43.336339	23.759646	48.372666	34.935045	48.682714	29.326845	35.956774	48.535148	40.328541	47.639563	48.860817	41.313851	42.356853	38.261946	27.882607	43.943400	43.541136	41.863829	30.950013	29.974853	40.740234	47.974366	26.651658	25.329907	45.250153	43.822493	48.275711	38.148081	21.659634	34.549228	29.010144
38.594961	47.836918	39.233398	38.557207	47.195670	37.650838	42.412965	31.416743	34.073838	43.115434	23.201504	37.703408	35.484094	46.661743	47.270697	41.097092	39.561256	46.448980	41.140586	34.601596	46.970960	44.009441	31.802726	39.814497	42.915037	47.741774	42.710955	41.853428	32.373052	33.099533	48.634524	47.347990	34.547490	34.984050	47.704500	0.000000	48.073882	47.728067	20.262850	40.960439	34.691222	41.731880	48.770903	40.583483	35.744543	48.765999	37.110589	32.100439	44.420771	39.469319	41.730405	34.894631	48.888594	41.177466	38.948454	34.126030	36.027596	47.334592	43.797162	46.936727	38.058075	44.483473	45.315489	34.754795	47.853411	45.939627	47.314098	45.436568	19.124003	46.269195	35.537364	45.797873	43.655998	44.458702	47.150995	40.888754	28.967400	48.033891	30.643423	45.063353	41.055370	37.691618
43.737194	42.348600	28.703970	47.863434	48.298931	47.685107	35.667434	33.700144	34.844710	48.570794	48.833310	22.478405	40.360547	27.095085	42.741318	30.328205	23.555261	47.748295	47.091928	47.071357	39.278468	9.953729	44.967060	45.954630	44.179202	27.485456	45.837514	16.831609	47.025910	38.221557	24.233963	44.183330	23.512157	25.817023	47.137802	36.441359	0.000000	11.202403	38.346492	42.268578	36.133445	27.587798	41.608340	21.445555	29.878226	30.834292	43.818424	46.944456	48.466189	38.489754	25.429112	33.632271	42.452320	39.078282	47.725404	40.901410	48.294257	34.642382	45.905359	48.151058	35.052834	44.444388	48.489023	40.301220	34.016153	48.798979	47.474979	45.840054	26.202949	48.354570	22.983778	44.196554	32.716909	39.959479	34.945893	48.384900	35.322861	36.538522	46.877632	48.823842	48.624183	33.356711
30.638685	47.025188	35.877536	17.213651	45.079106	30.326880	46.485204	44.384141	34.367090	39.047114	33.576700	22.203356	40.299767	22.916802	48.059746	41.941542	47.154987	48.692344	45.952355	47.081987	19.729477	40.506952	38.414623	27.413879	36.529611	42.457173	40.638875	45.205177	46.130517	42.193528	42.807289	46.057074	35.515734	37.953870	48.741716	40.369573	42.484257	0.000000	37.328911	44.992802	48.889585	44.976188	40.724935	21.896868	44.530058	28.602237	45.406867	28.091465	48.850543	32.490446	40.465648	46.404951	42.142343	43.351605	22.293096	12.687180	41.577307	42.829343	35.730846	41.609972	37.700501	43.843708	43.190333	45.214823	47.501354	37.397725	48.455628	43.420779	11.349661	41.962681	48.475907	20.619288	42.458418	48.451922	41.322325	41.609581	43.724630	45.272476	38.055940	39.911187	44.810611	33.329100
48.056139	35.330002	46.924146	35.917862	48.006387	40.727582	46.780047	47.984007	35.965776	32.106456	30.298163	45.455122	31.668678	48.600000	46.603009	47.964180	48.158709	35.337171	43.402866	31.742633	38.860724	47.443423	45.962889	44.991315	39.178976	14.281944	28.565429	34.004398	45.805292	41.877541	42.631765	26.576050	32.379618	47.291117	47.438042	46.469149	44.037649	40.707617	0.000000	42.135597	48.370491	48.790320	47.707515	35.010252	40.905367	41.675295	37.361243	47.822641	32.588061	48.831499	25.478131	43.201533	37.657288	46.967143	41.090269	37.556245	28.759243	31.535693	42.783417	39.035819	27.762475	29.351254	41.085916	25.497407	35.464595	32.870918	37.707779	35.318000	48.183886	48.467845	42.168360	48.407228	39.062101	29.155412	35.252034	42.613079	46.188001	38.719973	29.009817	42.990589	48.424340	42.138773
37.203755	36.412569	46.081492	46.177530	40.458189	48.116109	13.978401	42.201111	35.685800	44.371246	47.191858	47.157538	43.022747	48.186234	30.303127	45.082965	41.564940	30.679375	12.739511	27.858815	47.244272	36.412255	47.745818	43.963028	47.018908	40.275411	38.995804	34.050279	44.148804	45.011827	44.963002	32.194589	39.544515	45.447787	38.029152	34.242473	36.414734	47.725293	42.075622	0.000000	24.284380	42.785687	47.766576	24.718328	40.207804	48.102752	46.551414	33.147801	48.161715	42.799811	46.879219	25.279614	40.827022	40.574255	31.774628	25.402579	28.150899	44.522044	42.478886	35.528259	27.958852	29.761883	43.074867	34.385681	33.906757	46.855602	32.481770	48.199453	40.136443	34.008481	22.935326	45.767157	45.372267	40.079922	22.169148	46.756989	43.630855	44.721866	36.660645	45.633508	47.529160	34.997990
38.886102	43.357951	24.198718	46.409025	32.644944	20.549751	46.259030	26.068746	36.949635	32.406899	42.535016	39.788988	42.146086	40.091026	18.992061	23.096735	36.739525	16.095089	43.059312	48.087672	32.359384	34.910059	48.897332	36.239485	18.642687	40.881575	22.460655	42.159930	46.751827	34.046878	42.441929	42.405390	40.900173	31.350204	18.861937	35.358266	43.453974	21.768570	33.963715	46.720300	0.000000	40.877586	45.503859	39.844823	31.263219	48.255109	39.933159	46.556268	41.414008	48.566960	47.927807	47.787356	29.714647	46.402252	43.585516	42.465858	34.070627	48.859526	40.533094	47.480740	30.799714	32.205218	48.367709	46.770561	35.854193	42.150503	46.190976	48.603380	37.411683	39.143314	41.821843	16.850284	38.931392	45.998496	22.772678	47.733282	17.225778	36.941437	46.027035	27.318836	45.768703	36.485912
30.629888	48.374597	46.626741	44.631520	41.532629	39.971295	47.776582	26.396736	35.966185	46.437662	48.828027	37.828989	29.897703	45.136875	44.947277	47.054978	47.930402	48.293581	47.417890	44.329444	45.868610	41.828082	30.445235	31.256232	47.721534	38.601935	29.260532	37.929029	40.086338	41.256095	31.017813	48.519536	48.839129	47.269466	36.968191	48.450664	37.408206	24.937131	42.510452	45.385318	34.528473	0.000000	44.572003	47.168016	22.925366	32.296655	43.832319	43.526461	47.558132	37.726262	19.408753	23.929767	39.575259	45.137385	43.456328	26.139245	44.169687	29.075521	46.212701	48.010087	47.519208	47.193135	47.741165	19.242466	48.165341	47.454395	45.867106	48.833581	47.307469	43.945653	43.311602	39.574575	47.783407	39.148163	43.836929	43.322820	40.928398	43.656685	16.976494	44.523257	43.108361	17.210345
29.743427	42.137639	25.769335	44.079040	43.073590	43.750350	34.126254	37.986377	35.493231	44.596245	48.892250	43.908033	46.245766	47.124102	19.643075	44.448075	32.944347	26.361693	38.154112	47.599231	33.851347	41.743236	37.923692	18.390940	46.487311	36.151680	44.493937	36.336603	48.560550	29.096341	45.464611	48.777996	42.174688	38.980894	48.733792	48.481859	17.579163	43.145506	43.258329	36.015812	32.538850	46.027968	0.000000	42.268512	35.290898	45.673817	38.094490	37.825145	42.567852	14.172487	27.327584	15.794164	47.358066	48.427195	41.124536	44.467432	48.198723	46.465977	43.008643	41.781731	37.261372	35.548142	41.071166	43.579445	44.274376	37.164954	48.603641	42.321884	48.684210	47.790899	40.117472	37.244142	39.846171	39.809507	36.903597	47.631707	42.835455	38.848046	18.230910	40.500529	47.994666	40.563958
23.003010	46.975639	41.389555	36.044863	45.331195	42.393155	44.114110	45.159440	39.344047	44.319876	47.637604	19.958948	47.139964	38.735648	45.330235	29.875502	44.708248	41.750574	43.108119	25.049037	31.603527	38.551022	39.259888	40.116460	10.946611	37.655688	39.240721	44.470438	24.236918	25.031651	46.273643	46.088808	41.745023	45.554977	32.217268	24.513601	48.842079	47.696449	45.348506	22.887858	42.173200	35.156746	48.251971	0.000000	46.429158	26.994272	39.840972	45.141184	48.675058	29.319839	25.780071	38.068970	16.744390	31.888801	39.789537	40.731570	47.296274	48.207033	21.801734	44.355015	39.896201	47.601986	44.732571	26.435582	16.570102	38.421590	16.827149	37.584009	46.982076	42.251576	46.331528	37.614448	19.474948	47.922470	37.115593	48.560780	47.479057	45.404086	24.903972	32.723778	46.439960	41.713323
29.135269	39.522258	20.938512	15.044783	36.281816	40.644657	45.629945	45.743942	45.881368	31.505650	28.063427	20.310282	39.215059	43.189371	40.589037	47.492398	45.315143	33.357013	20.822997	34.174783	33.208038	32.982773	46.818137	48.711228	41.495370	42.913922	48.778483	45.466596	41.967354	29.339012	25.591471	35.474297	25.686757	47.355329	42.746146	36.814520	42.584932	41.828540	46.656160	46.975053	36.679643	41.198863	29.049651	48.676025	0.000000	25.856952	43.535001	43.894022	42.069503	42.740431	31.027872	46.711230	47.795121	47.770000	42.062407	34.870324	32.208895	18.370593	37.639258	48.880418	43.758690	47.255084	44.412070	36.460950	45.183721	34.236770	44.564433	45.287230	45.481775	20.513185	31.011551	31.826608	39.565090	25.553175	42.741324	48.813997	30.748049	48.253271	42.132260	45.922554	42.939604	36.172946
46.560167	30.661349	38.994921	31.034242	41.189791	38.824117	48.476634	35.264276	48.878338	21.347274	38.957971	48.173713	30.862176	42.868519	39.857635	17.454696	36.053570	26.048334	46.461554	27.477237	37.269664	21.597214	48.356560	32.055642	39.950082	43.569044	27.802693	34.650305	45.868216	37.767037	45.135198	14.617637	21.873973	30.195465	36.414938	47.132118	30.657403	45.009607	40.690734	44.399924	40.428678	46.563417	37.617355	48.527817	43.615316	0.000000	44.966537	33.829980	46.344364	47.755439	43.198156	30.375769	39.591225	48.763482	48.348640	46.366413	48.707077	39.221780	27.961126	47.872589	43.553899	45.918434	38.526146	46.927706	37.429023	47.077766	44.163791	31.814370	43.930876	46.972896	35.161225	35.119463	45.844564	39.448712	42.238624	48.648919	25.231693	33.208730	40.825499	48.814706	35.010047	37.813650
48.530278	48.832127	22.482950	48.452851	47.937876	44.096851	45.924791	47.873391	47.316804	25.994400	31.995506	43.350265	39.738014	40.081776	31.347380	42.185520	47.822248	40.758222	29.097284	39.856068	22.716320	48.741497	45.556685	42.718642	47.716222	34.738190	41.702289	48.306613	39.344702	31.830999	12.170452	41.367828	37.438841	41.365690	43.464165	34.668021	27.691609	37.300042	48.447133	46.020343	47.167834	22.581609	40.868918	25.053584	18.615698	46.835752	0.000000	33.115828	45.175359	46.841619	33.857602	47.797907	45.480739	33.040210	23.153214	48.696264	44.250141	28.746384	29.733349	45.952664	39.612440	37.239427	14.819883	41.696018	39.763447	48.558784	43.899649	34.553333	47.894614	30.713331	21.119323	35.933848	41.152442	39.931413	43.373360	37.854047	36.086045	20.301736	48.813862	47.722359	30.767871	28.071010
33.906907	47.244258	42.496472	44.715252	29.622229	37.216194	30.981085	46.638104	26.501795	35.011658	46.725429	41.899768	26.432275	44.913777	43.205575	28.598256	39.759957	46.444257	46.209021	37.047481	47.814020	30.470286	44.418171	28.592475	39.049738	38.065507	48.728082	48.268117	37.620072	38.092715	20.213117	32.090518	21.252482	48.890121	42.532807	48.427009	46.370279	27.202626	47.972511	48.068189	33.420586	41.662181	46.730704	34.767019	33.894260	12.562252	44.540359	0.000000	44.759549	27.042613	41.096656	45.924321	33.665878	45.422568	43.997181	30.463477	48.075942	33.806435	40.000222	36.483788	48.747100	18.352022	39.066989	44.653154	39.406973	46.666688	19.459360	45.108790	29.004243	29.866230	39.918089	45.739419	34.906149	41.841723	37.907923	46.372399	48.126022	23.880608	10.735954	41.260684	45.430445	45.037715
38.058469	48.417993	45.421203	38.646403	37.070501	22.251507	43.475887	48.119502	40.888829	41.631746	30.407677	38.314845	33.120571	45.589304	42.797031	17.484872	17.404840	46.517121	46.147616	46.832635	32.784232	48.299898	36.050194	47.712646	37.857982	44.108818	45.922926	48.787441	30.304539	48.803592	47.009775	40.164157	30.401183	48.196621	48.650805	39.109165	39.687609	44.835547	46.654016	48.178265	48.340236	29.242167	48.150730	48.267122	42.652647	36.895109	29.027661	36.997559	0.000000	23.473990	35.265580	40.052427	40.834606	36.347961	42.343265	46.463263	24.779208	41.942405	35.037259	46.622695	38.779956	35.928459	48.293867	40.024721	34.074711	30.569521	44.040507	48.846980	38.579576	25.419350	43.076740	46.165338	41.357659	46.344531	42.136087	28.197225	45.703883	48.839096	36.042450	35.925833	35.333887	26.519013
31.828421	48.558649	43.536761	40.098069	47.484728	46.651732	37.087104	36.455882	46.747481	28.315595	44.433773	48.071837	40.845246	43.842467	47.870321	44.102366	25.494609	42.689087	34.345556	18.634805	47.218936	32.156240	45.530253	32.112553	40.902432	46.193365	34.486497	40.360806	41.130028	35.747669	46.498708	35.186322	40.068632	16.302484	45.420547	40.913545	47.847459	32.495992	41.778527	46.000762	41.998818	44.026079	37.598700	44.379401	38.787675	38.145228	40.816405	36.307562	46.691402	0.000000	46.520791	48.522217	23.032549	48.352814	37.278425	48.365601	47.530687	34.997444	48.693695	45.134551	41.910135	37.738830	16.422139	36.277363	46.514341	32.479055	38.811394	37.279120	21.777774	47.245126	41.109649	45.816329	48.486898	30.983537	31.371071	35.659192	33.897025	40.001453	26.070982	42.678992	48.087409	44.452588
42.596198	40.469783	43.957945	28.238843	41.623256	48.686862	41.984177	45.907097	41.389488	37.438306	48.003858	46.224984	24.956071	24.493794	27.112060	42.006807	43.120653	48.234330	47.441713	46.593554	32.243876	47.933215	23.178032	47.056254	14.425247	22.063294	37.631194	44.498712	48.854159	48.510037	48.847187	47.786123	45.534630	46.939018	36.812242	47.573258	48.855227	44.216556	36.869562	30.345742	27.680392	38.837043	47.793668	40.365026	48.762177	43.731237	44.841505	47.085237	44.801336	47.463922	0.000000	40.427143	46.767743	48.099854	38.527527	43.876254	45.578918	36.304640	26.335807	42.397551	25.352352	33.415063	36.287529	38.196091	41.281176	46.683256	44.050671	42.481857	46.588311	48.570667	48.339581	17.732512	35.049525	31.509458	46.465032	23.355870	41.930473	41.426821	45.294667	46.738987	21.583320	17.647519
43.689810	13.261613	48.844081	40.848880	29.219254	42.545840	39.490301	37.765355	12.533849	32.632010	46.061964	48.411099	45.457751	45.631835	34.125170	48.532861	33.740528	42.946367	31.145745	42.107494	39.934048	36.714932	46.688184	40.095414	19.158256	40.877543	47.547988	45.683830	23.429641	16.820562	46.356832	40.982708	36.486711	36.081076	37.778120	32.174812	47.029624	38.259820	44.069111	22.479804	39.038387	47.795540	46.340859	45.929308	36.561542	47.370096	27.072227	38.331117	36.492471	44.881560	37.161981	0.000000	29.973152	40.959186	48.315583	25.004052	31.948394	31.879071	42.794593	35.731540	44.639110	44.368819	17.652700	36.282450	45.005241	32.606586	44.092104	43.629165	39.462024	45.890187	40.449836	25.420969	29.460291	47.476292	39.003763	45.115573	26.819472	12.516193	16.358278	48.129675	47.132318	35.437764
24.930760	46.925424	22.961921	47.301336	43.381632	46.346574	48.829778	44.768898	48.715708	26.286409	30.232989	41.331586	43.734229	46.985736	40.921825	37.916569	39.929461	48.556885	29.118100	48.546266	33.187892	37.013415	43.897556	46.501593	31.188001	39.532646	47.129823	43.820570	37.691106	47.984673	34.863735	34.328478	39.428590	32.976539	47.676993	45.357910	15.719074	42.804144	45.048153	15.228377	48.339730	40.855665	36.581054	35.896007	47.342179	33.574177	13.840808	48.136096	29.668598	42.989456	26.389100	36.173742	0.000000	39.095805	22.728210	47.478609	38.074332	45.687442	48.321005	28.233749	44.186741	44.752712	42.135810	48.368331	45.845327	46.991069	41.656825	34.182987	27.368555	34.564661	47.632499	42.364385	43.858801	48.882396	28.348320	34.085835	38.839966	37.874877	43.673154	29.992642	46.305462	44.904804
37.776688	44.291059	39.169488	47.519335	40.663093	40.194129	37.878674	38.636792	34.834973	41.159524	46.721014	46.316361	45.383772	28.979189	40.182593	40.718858	45.125849	44.328260	19.322430	40.939243	36.198126	36.451376	39.878176	45.214439	46.101610	31.354982	35.798125	37.329631	47.599724	48.208275	38.820321	42.813768	46.595557	44.161120	30.612690	40.301697	28.095991	33.563976	37.585652	31.853402	47.853666	13.901958	41.644294	47.135441	31.970968	46.066395	38.058758	48.075268	34.715556	41.534942	47.262818	45.374865	42.567707	0.000000	43.813279	37.847005	45.550441	47.689590	46.605566	37.625265	45.716145	46.912148	33.843370	27.618287	40.838713	42.817754	46.743791	22.408423	38.230876	28.082351	36.138360	34.174740	48.209668	46.054540	36.953945	37.102933	48.053764	47.169358	25.484223	37.442100	26.748487	47.137148
46.472671	36.499690	38.675346	37.982300	45.446847	26.884638	38.185520	46.297706	30.859070	40.489885	43.624037	36.716750	40.107745	46.692390	47.568063	44.790981	45.284020	41.858578	47.118649	22.300191	42.276026	32.385288	47.256868	41.937022	47.138677	44.881178	47.247290	47.652888	41.188434	27.134727	19.180418	48.845583	46.442608	40.506147	42.351705	45.873886	46.005564	47.540025	46.159156	44.498955	38.680499	48.059189	36.209951	48.572223	29.553521	36.289815	43.963836	29.408974	45.720715	25.478258	34.747021	40.458884	47.455678	34.204762	0.000000	48.833226	48.389797	48.229755	44.799570	42.512696	22.031233	42.736384	43.463051	42.538254	23.911938	33.325466	48.617291	46.753825	47.240569	43.548340	29.910499	47.376044	34.465607	44.736724	47.394961	24.833419	44.866986	48.360320	36.226434	19.392146	12.744697	46.120628
42.973966	48.138023	48.598083	35.957463	30.605574	43.327457	48.589012	38.119812	23.029250	38.256487	45.416628	47.827508	25.738895	40.431346	29.363764	44.394316	29.196664	32.674868	43.875396	45.177199	34.725436	44.525360	30.346197	34.288093	45.976854	39.353764	23.426790	17.805893	38.527326	32.409618	35.845196	39.158158	48.801178	22.232921	38.020032	25.932871	45.522021	29.876234	21.297127	33.347188	41.334286	31.738946	45.828782	38.891810	48.855148	48.195511	46.718025	27.435091	33.020749	46.743445	43.431077	47.021279	39.921712	32.535585	36.793016	0.000000	33.093813	44.448482	37.326701	48.136391	36.182577	45.647924	15.670860	47.671545	47.382759	42.820236	47.554648	48.522856	48.631736	46.030234	23.792586	38.187366	15.190988	36.228690	24.527022	32.228788	40.395873	35.694603	42.129043	45.555545	44.313106	48.170419
48.431317	41.091732	24.617432	46.328072	44.294753	47.077625	42.666373	36.840291	48.834462	39.493007	46.216555	40.016478	40.609115	45.662892	45.032131	47.770400	33.841461	42.950276	26.823387	45.120790	30.554978	24.237091	28.669001	31.407167	45.945438	30.036156	35.025274	30.153484	35.179296	40.039833	45.779023	45.703888	36.758931	18.225319	38.487531	45.803126	35.308009	48.391201	40.630200	39.954991	42.545456	48.457501	15.514155	27.269288	44.056792	46.464998	36.069211	37.747389	36.987045	35.622597	48.141399	29.285795	35.245093	45.611481	37.483289	23.851780	0.000000	45.475277	40.726637	39.385254	42.726473	36.757935	37.010919	40.607793	44.064065	48.891005	40.165299	32.192010	44.713005	44.345592	46.121859	43.663370	34.113581	45.088789	48.238208	42.415611	36.878914	43.699650	43.681761	31.306400	41.793800	46.053698
46.377178	48.769273	32.882627	26.239438	21.658695	41.351267	36.869771	39.473132	43.405705	32.170807	29.789249	47.565690	44.748322	46.400357	46.286052	11.725862	24.898560	23.224352	32.781355	36.486000	18.912298	48.512098	31.154971	41.215648	43.654672	33.777802	42.121641	46.163622	31.354244	39.771538	45.495780	39.137353	48.187811	45.144412	45.951614	24.154025	37.489959	39.428100	26.490514	42.499550	47.430860	46.397104	33.658422	43.452540	44.643121	47.581836	43.444285	26.714457	46.362549	42.776214	45.012008	43.967089	28.108782	48.743452	45.673474	24.892584	38.740365	0.000000	30.586595	32.352947	47.732055	39.018376	38.114643	39.857366	45.440102	27.877196	44.835681	29.314547	38.490557	41.253756	31.578423	43.786454	13.973375	40.901715	43.880173	46.327477	41.127483	24.050692	48.462911	45.530531	41.371943	30.471585
47.259971	40.153434	28.674973	47.795327	38.527876	33.405678	44.352793	40.550597	23.539285	45.230558	43.291079	37.122856	26.342652	48.281715	42.026862	42.834763	36.294690	45.021807	47.610060	48.864363	45.021617	43.352746	39.819922	34.303145	41.901893	47.769531	42.555142	47.914066	44.499770	43.319834	26.049630	44.187932	40.869763	30.123074	45.080986	33.702296	44.359298	48.687736	33.361706	48.345480	23.638446	14.497878	33.883190	17.055795	48.750717	24.699629	35.489565	41.944644	42.568093	42.747671	46.796645	41.782705	47.483146	48.581867	37.199292	48.287360	28.092258	48.547476	0.000000	42.205055	34.425838	38.193420	22.619633	48.785246	33.077544	41.158003	46.696222	41.431778	38.636305	48.006043	36.465011	32.250198	47.151370	29.381514	43.351416	14.491632	38.901163	47.988979	40.186681	48.696556	37.092605	24.836608
31.795400	47.109574	21.493229	22.629581	37.596440	18.948804	37.861109	29.197177	28.610912	46.393770	37.686316	45.863011	20.666267	47.868809	46.118744	48.329772	36.373768	43.887390	24.151824	44.918186	33.459530	44.686479	44.293151	43.943808	35.496476	48.048731	42.255330	26.426356	22.249128	39.319500	40.408676	41.573384	48.392698	46.519162	36.385914	46.579449	35.268439	44.904325	38.811645	46.335046	19.314226	44.764121	44.292063	20.931851	46.205962	42.711247	40.713488	41.753868	43.856488	35.566574	46.416309	45.687044	45.795595	46.095839	45.662901	47.551268	16.812643	40.675326	27.938356	0.000000	46.311869	44.086571	38.356400	40.562924	30.187698	43.738603	45.661093	34.285071	40.522604	48.382491	48.015493	33.563961	46.936859	41.683404	48.397979	42.498982	23.016586	48.864408	45.265780	42.655439	32.535556	28.404261
30.630008	45.796469	39.657115	28.424522	37.312027	48.677037	37.379576	37.976842	43.058140	48.779268	30.956685	25.627552	24.573231	44.276308	48.724728	31.772739	44.832799	48.358094	38.167704	48.862206	48.314306	37.353427	15.293347	42.924295	48.627580	46.739731	47.906725	43.464361	26.952679	38.315005	41.943937	42.962535	36.061368	41.457665	41.711170	46.294975	45.141784	24.733956	16.289583	46.530926	30.590289	44.023225	35.229886	46.650069	47.777987	33.704314	48.201717	45.609877	28.222451	46.445254	39.154584	31.615599	48.538771	18.791973	31.969341	48.615456	41.712091	34.517570	26.720708	40.578265	0.000000	37.773163	20.464144	14.228253	33.845142	19.165467	47.573998	47.263810	46.769047	32.768612	44.693801	39.719619	48.613911	47.448840	37.148978	47.780372	43.206592	30.818284	40.077797	42.575980	36.235734	42.673019
47.167861	30.669497	39.544029	21.429044	43.512901	45.804333	44.380083	32.783705	45.028476	44.487943	43.226182	45.552613	47.538675	48.271820	39.585122	37.986581	46.065956	24.197623	28.353357	30.083521	41.487551	46.126162	33.296857	36.743463	35.085766	47.781921	46.235309	15.188272	14.750154	47.427094	30.310971	34.794354	33.665500	42.856190	20.963476	36.862193	45.206598	38.948295	16.599196	36.647859	44.423925	48.266478	37.832084	38.236433	46.073000	45.473575	47.997890	24.259572	30.729508	41.392892	45.389654	43.503633	48.418983	37.051040	23.456203	48.493255	48.375984	29.319490	45.630493	44.186813	38.671858	0.000000	48.839951	44.858525	48.227249	43.011394	19.123511	23.602815	45.452783	47.347128	43.120955	32.511585	21.181003	35.577971	41.792111	47.340958	48.724125	48.718183	48.705783	33.269800	40.136801	37.917328
48.800932	46.993674	48.388379	45.015332	39.086811	27.397162	46.514633	47.718638	48.485013	19.291042	41.611438	18.010732	48.833485	41.932275	43.210547	47.524095	44.468267	38.680542	38.032032	40.560829	46.208874	39.779143	40.856857	47.512079	39.255515	39.576996	45.038599	42.973111	46.061477	43.928537	47.962339	35.374096	43.132922	46.654927	47.406774	48.193499	17.515799	42.272908	43.817600	47.800128	48.648542	48.251203	42.950642	42.250089	40.704962	33.455488	46.201307	27.188033	41.776518	36.423810	20.680539	45.967519	32.249391	47.271787	24.818118	36.173621	22.591470	20.107995	42.497495	36.093887	33.407359	25.942782	0.000000	32.673711	34.383192	37.318510	42.206102	21.055034	33.252128	41.069721	37.863607	34.809080	38.642690	47.534660	43.638716	46.968635	32.379804	42.772418	44.432227	44.737102	30.295752	24.622342
48.113271	48.712657	16.932430	48.783280	42.506241	46.782471	27.394234	32.010680	47.248240	32.333839	45.076196	44.005954	47.086746	29.473187	47.546632	47.860973	46.150433	28.858518	47.783484	48.465293	32.026036	48.002354	38.645505	23.798030	42.799869	41.737046	33.438131	38.873100	48.343366	32.180762	29.548460	36.018115	44.145896	48.882462	48.291486	42.930122	37.449050	42.537630	32.754920	27.550293	46.922092	35.583501	48.631569	46.984434	37.150234	30.497629	48.857099	39.256173	44.907210	31.171441	41.805414	34.049924	44.510836	33.871058	43.125730	47.704067	22.891991	43.654083	37.112619	37.397013	32.458462	41.514442	44.192144	0.000000	38.005768	30.954976	41.012940	40.800683	42.567893	39.921377	31.802091	16.798545	36.090933	47.631512	36.366818	29.741205	42.376582	39.647078	37.499478	43.290223	39.820994	32.470155
37.023336	46.745350	47.777168	45.385532	39.652750	23.869524	42.942606	34.521894	45.175439	48.488001	48.756911	46.446008	39.830312	47.800827	44.664356	34.411766	44.864288	32.631003	20.294608	41.698245	37.734542	44.460260	45.140401	40.305428	43.706657	41.417820	36.822123	46.204146	44.009881	48.705665	48.475873	41.337189	47.098714	47.912535	36.803906	17.606438	31.296801	38.339782	48.362068	30.234195	17.501301	41.593192	41.476427	35.934413	47.563175	34.716244	20.776189	47.950944	47.117230	41.957619	21.092814	42.642914	30.696589	23.468227	34.615851	44.753355	45.260687	47.042308	45.938171	36.059403	44.865647	35.017506	48.372211	36.434655	0.000000	42.638043	19.302962	47.369304	40.526297	38.191301	48.265054	27.174145	23.955154	44.007335	43.229414	25.799896	47.146389	40.560710	34.265760	47.035200	46.047003	39.759035
36.994910	47.558505	48.431468	39.990240	45.686567	23.403582	43.577851	30.558099	45.925462	31.202474	45.432590	41.139486	34.201369	48.129927	46.318817	39.064990	18.291616	37.086389	48.697645	48.793056	43.687560	47.363535	20.097750	46.189196	48.656421	46.047247	44.372311	32.645962	33.606030	43.814625	19.189455	36.350186	48.394113	48.572800	21.098772	33.423706	27.296117	48.274295	32.130083	47.597753	41.471659	41.779604	48.359762	33.922483	37.022156	48.518069	31.522564	17.070918	35.994325	16.469739	19.851952	46.632372	45.207223	31.506283	45.498330	28.788723	45.039687	42.586206	48.456809	48.419351	47.816349	46.268286	42.408334	40.940392	17.141386	0.000000	38.222510	37.546973	47.705185	30.470551	47.542616	33.961767	47.862227	41.170053	22.443083	46.743739	47.097891	38.077170	47.850324	33.062427	26.799012	42.217227
48.221527	33.366757	48.350790	37.941171	21.680964	45.787250	37.846509	44.326792	47.094024	36.460689	40.225867	45.567918	45.786622	37.394794	41.847512	46.026935	47.267135	34.480656	48.733220	40.307968	47.957744	27.279992	48.101751	31.041679	28.718106	48.328495	48.899236	47.940812	34.367901	46.444543	26.189157	46.808438	44.896812	39.911334	40.231739	32.058119	40.172012	47.101822	44.464898	46.894007	46.107627	48.640378	48.383520	39.961403	45.062147	43.783319	47.560359	46.367721	33.720044	34.299868	22.325430	33.435883	43.891578	46.991161	47.079031	46.924546	28.730835	47.962454	47.199909	41.001457	41.768422	17.770899	46.816418	33.350843	35.322033	47.335005	0.000000	23.675746	44.718097	41.488307	38.244745	48.483814	39.757432	17.185522	21.077573	21.699313	30.694372	46.333418	40.093749	47.904244	48.404774	44.114393
42.442444	45.841293	32.841784	45.808530	44.578606	44.909556	43.458525	44.581525	48.705410	36.988742	43.056712	48.105898	47.123824	35.095026	31.896519	45.464144	44.754472	48.642355	48.857302	39.570949	18.783837	47.752657	43.856096	31.290504	37.653205	45.950221	21.755704	36.147017	34.434026	40.345321	48.505272	45.586904	48.401216	23.231941	26.688059	47.044931	42.986189	47.194006	30.793947	44.608935	37.224845	42.822585	33.067861	30.639669	43.543454	40.183973	47.611347	39.824584	35.543655	44.607578	33.128726	45.782073	43.816855	48.141652	45.805766	48.532100	48.526852	18.440691	32.253314	48.436000	47.236481	48.405603	47.555845	38.887897	24.887877	48.440143	46.912486	0.000000	48.378408	48.017489	22.098860	47.004928	47.067795	46.785854	47.433895	45.079216	40.738925	24.657128	40.778487	45.790957	40.453967	21.640657
38.306439	36.484413	32.527541	44.317255	25.698424	19.181122	48.580720	47.507416	21.571922	45.648202	44.060011	40.908381	44.012641	34.234630	20.029909	29.320187	41.415251	45.093028	45.083471	42.638238	40.291704	45.072538	42.996817	32.209747	33.307046	46.111420	35.267518	46.904285	43.050540	44.507083	48.790052	46.283096	44.070772	46.120556	45.073955	22.017495	41.733240	45.215573	38.797405	44.000519	38.536033	25.649963	36.720335	29.677229	29.586961	38.595719	32.420416	45.430412	34.272552	32.626170	43.821759	46.771601	18.800196	32.063084	37.109996	16.283128	43.815123	27.074595	35.611954	47.742945	34.450464	24.879467	48.292914	47.325548	14.610640	47.305482	44.327770	20.291587	0.000000	35.012650	44.622468	41.319588	40.072192	48.142972	27.546433	44.506880	48.898139	46.142113	25.007871	48.400463	46.146466	42.362659
22.969198	43.954363	45.670346	47.371985	19.454724	48.623368	38.689159	32.177044	35.078178	31.799152	43.801516	40.691536	26.683047	26.924805	46.996524	32.130510	43.474247	36.528827	46.483243	42.956158	30.516469	40.315914	44.449987	40.656783	37.665984	45.107812	46.361708	43.261602	45.550533	39.809768	45.573396	36.202326	47.771737	38.139698	48.169540	37.522564	39.379218	35.694085	47.788266	29.971948	40.087963	42.788608	24.031445	40.696916	22.754716	32.248022	42.597593	44.163306	46.772573	40.866354	30.965456	43.228207	24.490223	47.242089	48.605709	14.583175	31.264276	38.837326	38.682465	26.432443	39.880067	31.713488	34.503072	34.636148	44.118070	44.096263	48.298775	46.486973	30.179523	0.000000	45.117166	46.716422	37.399496	44.489450	30.995333	35.803383	44.124442	39.143124	48.549268	42.714258	46.971030	28.485286
35.872474	45.290303	42.998318	31.941065	48.842925	34.887551	33.883195	38.331225	34.568964	38.924070	47.193922	42.515149	48.710266	46.837879	37.938912	46.887570	48.060605	48.449464	45.650872	48.307574	35.784690	38.613624	10.243449	46.954850	48.660979	30.370945	40.464285	46.370452	27.445887	46.633067	31.904769	45.260653	47.618535	43.064398	25.436747	43.662296	33.617459	44.768591	26.698544	40.675911	48.896137	28.188343	26.802025	18.328526	46.369276	34.303493	48.030503	48.891653	48.700671	44.791327	44.625217	31.271244	39.858293	39.522195	23.126541	40.908916	44.648023	32.650802	28.216003	31.730201	45.922715	48.699054	38.730223	47.939655	40.458876	46.909655	45.275863	38.401259	30.319292	36.818051	0.000000	39.271555	42.532957	45.073898	48.794423	46.414861	43.738681	48.633653	48.226211	45.497478	22.632712	38.125269
34.709186	45.896660	43.713830	36.008469	43.255311	48.821812	30.941595	42.052238	41.973800	47.018205	44.245394	48.400438	44.489070	29.799026	38.605302	48.273986	39.794451	44.011393	39.353181	35.151334	47.666149	44.328358	48.564833	45.803971	37.428994	14.842398	31.583967	39.822730	41.250726	39.097526	40.237005	46.955665	21.245782	37.555655	26.413127	25.639541	44.372010	43.774984	17.829183	46.227600	38.007131	36.085186	32.896901	47.297810	21.544174	43.661870	42.883529	39.879933	48.838855	38.631375	40.419438	44.865255	46.092280	43.962383	15.081547	47.536077	46.428048	46.793813	46.790628	27.448166	37.973686	42.437225	47.132762	42.874954	45.457785	38.816919	46.268281	40.019374	46.150922	46.715865	18.133734	0.000000	27.671482	44.246418	19.905440	21.566236	41.204144	36.962095	32.603184	43.094116	45.446091	40.901624
34.149812	46.526043	43.726869	48.312636	33.956426	47.942631	48.448283	45.244049	40.961331	25.363434	48.880565	31.510420	44.369486	48.659479	44.889408	44.673622	16.656251	32.220829	46.800668	26.315725	14.565375	32.280910	22.483321	42.598524	46.770131	19.248548	42.255518	30.000496	30.605615	48.208564	24.101535	46.906200	45.754638	39.807250	45.601937	48.892667	42.715402	48.178580	48.875896	44.053297	45.444682	48.742906	44.482520	44.997417	48.642382	23.840194	41.469308	47.485493	23.001752	26.661348	42.009012	29.697299	48.152680	44.452977	48.169742	48.244659	44.251528	48.716626	38.407613	47.761657	32.345528	48.853833	36.293595	48.466023	48.219317	37.406067	27.224220	22.248758	39.319376	48.859880	48.171235	23.637353	0.000000	48.783928	23.349562	27.795805	48.447101	41.249295	19.543880	41.137904	36.101420	13.519377
48.689548	33.686404	41.440296	46.127793	43.219110	47.247002	48.755758	43.245955	45.873690	45.690122	40.503961	29.556575	35.743890	47.941030	47.965863	47.941970	45.705579	39.623699	17.951958	37.414353	32.747595	36.170101	44.118163	21.664304	24.229177	37.440690	33.878997	30.658252	48.183676	37.146676	43.901415	34.344504	47.093241	23.406509	26.353917	40.446677	36.192918	42.359783	47.570708	31.265735	42.613086	19.443468	15.473242	41.494155	35.822843	47.813116	39.993957	47.578141	48.887456	46.140697	39.426072	38.580749	27.629155	37.457853	41.808167	48.094240	40.839129	37.401912	46.473225	40.572312	44.054730	41.313579	42.426225	48.381048	45.609283	24.845956	33.472469	32.252074	42.635324	48.829939	48.793923	48.145571	30.021216	0.000000	39.934046	19.557914	29.055344	36.024551	47.147814	28.642782	48.022265	40.790800
41.132183	45.178937	22.745390	30.952192	37.171100	46.674232	47.547378	45.087802	38.856620	43.539234	30.375500	42.805005	41.238755	38.928066	48.896133	47.521816	37.697618	22.279301	33.515089	21.576054	21.441055	41.602315	30.319748	40.163664	47.710064	33.637818	45.109797	34.169600	38.994842	18.327414	25.069001	33.754461	22.796486	37.573494	36.665477	42.915937	48.895688	47.205900	36.895362	37.902685	28.331334	27.553825	18.155916	29.204565	43.125160	46.483338	27.519933	38.517961	34.751583	44.958352	43.828996	48.490980	41.122548	24.835125	29.318402	48.395580	37.669177	35.824618	30.567335	32.717473	33.783802	47.970111	35.448021	24.520498	43.996317	37.209773	46.746516	48.841432	42.376496	48.178128	18.301877	43.352603	48.754648	26.397356	0.000000	46.051795	42.812980	43.826565	48.424065	24.564602	40.955940	33.331105
30.987308	38.859789	45.059439	32.356759	41.600389	44.940386	48.881438	45.955503	48.363584	25.587555	20.160626	36.747800	42.950960	42.580283	39.860619	33.625046	42.892612	30.219499	40.885439	42.086175	35.185951	40.509936	43.419003	34.049901	34.908060	28.261078	43.959583	25.585302	44.099948	48.498954	34.865026	28.926663	36.697148	42.713591	43.889073	24.579252	37.248919	39.164773	34.883621	36.349380	32.036073	37.732802	46.256129	35.295740	33.071225	41.344246	35.822296	47.296837	22.434660	40.744475	36.010511	38.048924	34.587843	27.778119	37.714329	14.627711	46.457340	19.001001	47.963982	45.339286	48.506466	48.378254	41.882593	38.000310	44.212669	45.973581	44.432123	42.076316	46.306874	29.843206	44.306389	47.033992	32.618577	48.396247	48.505368	0.000000	40.939075	46.426013	42.893761	46.538424	41.052324	39.210810
48.694634	48.697409	37.171099	45.424796	28.493297	29.062553	34.611512	33.993722	41.514152	27.411319	27.544244	44.764952	34.063745	42.073021	44.363078	42.526187	45.835539	48.766543	38.711453	46.745421	33.253526	48.142098	42.646887	37.058416	36.018641	27.304140	40.766865	42.929276	41.998520	47.471291	44.048164	33.937468	29.837759	32.168335	43.790064	44.842237	39.776756	47.826865	42.577067	41.106533	22.789247	15.532236	41.465383	34.496362	46.926288	21.184400	45.930200	43.983535	47.736202	48.635845	42.663323	42.426683	47.041105	41.043221	41.789887	48.530177	45.845857	43.459223	47.295740	42.172601	35.124226	40.818080	48.503271	33.031078	32.338867	37.562478	45.287165	26.091899	37.387345	42.039285	15.190909	48.370718	31.181531	32.676537	47.746230	38.685047	0.000000	39.491223	36.973682	23.203674	35.165035	27.186494
26.558178	22.564090	48.715605	35.765552	47.874994	46.798703	12.076282	43.412481	46.896200	33.400808	26.090018	46.095329	40.250225	45.596124	28.193524	34.078026	36.366405	44.888139	23.865251	40.314934	48.178502	43.178770	46.843462	46.025858	15.997341	46.916352	24.495530	38.366498	40.800141	47.375958	42.997019	48.295259	36.708135	43.504578	47.031768	12.186683	46.181438	48.373942	48.038652	21.913037	47.230341	45.725864	46.617526	44.040319	33.536908	44.707155	39.622699	44.136199	37.028442	36.609223	36.676367	42.521119	32.160006	45.562025	31.317592	44.871903	42.672861	34.746521	48.356704	43.704197	42.586352	32.218722	47.932453	41.103053	48.838338	18.979724	47.146001	34.703247	38.060897	37.344548	38.225861	20.362303	30.874185	19.870694	32.181875	37.155995	24.443952	0.000000	44.047745	38.686815	44.743979	48.788376
48.863268	36.877065	43.497018	46.266724	37.743473	42.440139	45.608040	34.536925	36.858217	48.818856	47.269822	22.587411	22.902243	34.835738	31.302824	47.556731	43.984020	35.198337	41.336548	45.605908	39.737424	43.739601	28.897024	19.668570	46.151127	41.693091	47.296324	45.148891	42.615093	45.885649	32.102946	28.381553	39.855876	33.797235	33.195335	37.873524	21.339605	38.114672	45.208131	44.766898	40.381347	29.561543	48.128577	45.334542	34.438128	48.801330	24.583207	24.496389	47.285580	44.164436	28.385202	32.207373	43.647323	40.887083	42.395782	16.613378	46.424490	48.100263	45.561801	47.713421	35.260664	41.861047	47.008821	45.428905	34.684330	48.049394	36.264746	28.353371	41.023326	35.587910	48.048178	48.697092	37.182115	48.894924	38.070395	39.108736	34.827081	48.747443	0.000000	29.671367	46.701257	39.715881
31.301876	40.664168	42.462016	48.849009	37.873828	48.717840	47.840642	28.678097	42.632576	31.565627	40.272702	32.447059	43.208160	32.916339	44.781733	43.177878	40.976479	40.864327	23.573070	48.282192	48.625298	47.710928	41.619531	45.778676	43.036870	38.049180	41.531884	14.737132	48.098965	44.410037	32.083624	43.428262	38.230771	42.082837	32.710993	46.970897	36.059673	47.845971	48.486707	42.769534	48.749293	12.485361	48.418115	32.080718	33.123218	39.165793	37.179098	37.181025	35.323767	36.902184	34.271653	48.452445	37.076583	48.031375	48.495351	21.636340	46.570541	38.143360	40.984574	26.745511	47.165844	46.003939	37.568032	47.314185	47.961582	42.328419	30.455003	37.150184	31.866813	45.242858	47.094416	48.872274	19.493881	23.233852	43.281752	20.098029	44.258874	47.401183	46.567323	0.000000	42.027147	48.877856
42.918551	42.739823	38.683982	35.750403	39.901874	40.880488	48.505007	44.549387	46.307953	25.743604	33.247899	32.361260	23.207967	22.854946	25.684991	16.023218	44.792277	42.405149	32.701713	43.862313	31.738766	43.620885	43.224810	46.161102	47.898641	41.217026	45.652716	44.799824	47.297360	29.521301	27.186752	33.634887	44.571374	46.085847	40.180566	45.362547	27.640331	39.311017	48.887551	46.940095	28.939598	47.398277	44.730504	44.803836	38.043715	32.705157	45.941665	20.199239	48.340317	48.401673	36.129470	32.599739	34.252047	30.721855	46.506272	48.581970	46.083114	46.049677	43.431945	43.793246	33.619435	46.667316	48.334083	47.710661	28.933928	47.054244	39.859822	45.330609	21.079722	43.456100	44.143525	27.546131	26.507419	25.714999	37.511042	40.893343	26.004244	35.862152	48.630307	35.716992	0.000000	41.917338
45.136386	36.045383	35.380123	45.913020	47.719913	44.971344	48.743118	26.939319	46.274611	44.575469	41.045012	38.128736	41.141636	47.853158	40.515623	39.459932	41.520019	20.822446	48.721544	47.552432	40.497537	48.264339	48.884552	33.657900	24.655156	42.246952	44.518082	47.700287	38.954908	44.619999	45.468495	48.546317	37.412480	43.443497	41.790257	37.951275	40.992112	45.460217	39.832130	47.353653	45.928669	45.945805	17.807805	34.310921	27.986737	45.807287	29.300643	46.316981	46.256493	37.228157	40.068930	48.280606	38.266243	33.067496	41.507670	24.911334	46.742041	39.400301	41.673459	45.626383	42.057838	24.522314	31.268015	35.905272	42.933327	40.134141	42.018259	46.854147	48.697205	48.641998	40.337300	44.386598	39.168571	45.188049	33.420864	44.547945	39.285399	31.882451	47.261065	26.584162	32.975589	0.000000
