7.224479	9.787675	6.203209	8.342976	7.815025	8.256378	8.849655	9.158095	9.625596	7.479045	9.353239	6.098526	8.905067	9.217633	2.991917	8.866566	8.568419	8.796452	9.526530	9.312892	6.032853	9.017800	9.029004	5.426340	6.785486	4.847995	9.062218	9.208608	7.725269	9.577129	7.837293	8.884769	5.888800	9.436768	8.935973	7.169184	9.192476	8.933354	7.729405	7.375178	6.677953	8.125588	6.845387	9.752355	8.714924	9.783512	7.090100	9.545195	8.289821	7.224502	9.149931	9.420884	9.807995	7.264742	6.745033	3.722021	4.523261	9.726247	5.001056	4.504793	8.639196	9.252986
9.154807	7.852645	7.919106	8.429305	7.859427	6.832290	8.464897	8.768713	8.714712	9.802865	6.547593	8.373522	8.774365	9.726326	2.380118	6.827877	8.039397	3.897904	8.692319	9.207076	3.139541	4.306232	7.548150	4.512741	8.207494	8.596556	3.599858	8.425646	8.189854	4.073698	9.688418	8.533171	9.042892	6.973258	4.637430	9.761829	8.234421	3.556952	7.737989	9.182105	5.377698	8.801628	8.802696	6.753463	8.591864	8.118038	9.746455	5.754271	7.808902	8.520512	8.434787	7.344706	8.145477	9.508319	4.937747	9.718222	9.492961	8.003664	9.119440	9.127927	5.674965	9.798470
7.868091	7.157330	9.799348	9.374783	8.002095	3.890086	8.734671	9.723009	7.663270	9.555927	7.684618	9.071953	7.071946	6.317825	6.329883	5.342450	8.368883	7.492579	7.612190	7.542083	9.627721	7.807919	9.187312	7.548455	6.485132	9.146153	9.281481	9.500194	9.320303	9.387120	7.655395	5.695951	9.602800	7.560023	8.248734	9.193901	6.948888	9.249332	9.660677	9.469581	4.063898	9.798986	5.475517	5.728278	9.803418	6.737672	9.792215	9.721982	9.760033	9.344614	8.669641	7.406566	7.991000	6.174272	4.446134	9.708749	7.049264	7.477631	6.452100	9.693093	9.645944	9.601229
9.808285	5.455404	9.030705	9.803150	4.442203	8.320793	9.302001	6.436799	8.294438	8.681067	5.752458	8.554995	8.310160	7.960087	4.098439	9.607480	7.367211	9.538848	9.062111	9.639355	9.315811	5.323868	8.829803	8.963588	8.457591	7.729372	7.969791	5.682411	7.527637	9.670441	9.339546	7.998506	6.313661	9.369579	8.472385	8.431140	9.378937	8.443259	9.604130	9.722276	5.376417	9.396554	9.660152	6.584289	9.401720	8.625365	7.810375	4.223607	9.373104	7.093427	8.654799	4.329819	3.322198	7.961724	7.350448	7.441713	7.961085	9.802264	7.556204	8.606949	6.345260	7.848243
9.783807	9.156693	8.704235	9.392754	9.665493	9.422857	6.938175	9.582421	8.216884	5.565596	9.070035	8.285892	7.620436	9.745757	6.773858	9.669230	8.267114	9.551754	5.834311	6.184356	9.389189	8.351064	9.699543	8.764251	4.683152	8.361977	4.245130	7.040839	6.315868	8.296272	9.187547	6.824672	7.844448	9.101098	9.740934	8.585297	4.289798	9.614526	7.464427	8.285301	9.401157	4.898153	4.120744	7.595020	9.660724	8.395434	4.355594	8.497409	9.757015	6.542874	9.698073	5.559190	7.769455	8.974212	6.886726	9.691983	8.142678	4.057534	4.826200	4.495995	9.040065	6.491095
5.491420	7.247945	4.149658	9.782351	7.942809	6.802572	9.205500	2.992219	9.408512	9.796093	6.863030	9.409621	6.018990	8.123791	9.319814	8.292114	7.783363	4.754052	9.782930	5.907544	3.326168	7.627736	7.244876	8.209761	9.790885	6.339320	6.834519	9.613860	5.578065	8.729654	8.314241	8.079817	7.345839	9.031123	6.290366	9.684215	8.203250	8.959825	9.457376	7.441388	7.949854	8.762138	9.569509	7.884180	3.720754	8.053640	8.898254	9.511445	6.699309	6.519673	9.425213	6.204476	7.377625	6.447988	8.929359	9.345234	5.182416	8.902152	8.554535	7.050453	8.387599	4.732230
8.096474	9.156252	7.164480	6.060709	8.307234	7.888644	8.590783	8.325546	6.835365	7.892582	6.090527	9.625114	3.411927	8.136077	8.877043	8.831828	8.768256	8.729075	9.186780	7.857375	9.307906	8.037891	7.247172	8.488157	9.022645	9.170211	9.540963	8.101499	5.606166	6.641983	6.636829	7.613800	8.207476	7.753364	9.369826	8.644858	6.422074	8.394678	8.571540	9.686079	9.725918	9.618040	7.407579	9.477579	8.108944	8.232583	6.919472	7.868148	9.465287	9.350367	8.942428	7.761755	9.623857	9.584802	8.187137	8.209383	8.960391	6.450737	9.695068	8.026316	5.504003	9.513479
9.806787	6.387612	8.418217	6.545931	9.793538	7.518375	9.578737	9.680176	9.597617	7.488009	5.725666	8.785277	9.265277	7.822016	7.200448	5.043132	9.747568	5.306513	6.518341	9.327456	6.756644	5.250387	8.085730	9.114691	9.465019	8.605836	8.851970	7.718662	8.518008	6.325065	8.670906	9.651773	8.961511	9.126427	8.534092	9.795161	6.690973	6.547480	8.237883	4.752844	4.115438	8.285017	9.736888	4.325428	9.767459	9.287278	9.632142	7.697239	7.120470	8.270019	8.891019	4.025139	9.016798	7.099448	4.112744	9.359998	8.598194	9.750013	7.322011	7.719530	9.584370	9.293751
6.928848	7.931795	3.529208	7.365048	8.464471	9.609110	8.000698	6.477247	7.275824	9.577735	7.486090	9.072875	9.766007	2.809857	9.374784	9.650808	8.672076	7.210623	9.286487	8.598295	9.413219	9.533243	6.345154	9.095055	9.581633	5.387194	8.306443	9.229181	7.092577	8.919057	9.803508	5.117420	5.371040	4.909079	2.199154	7.474240	9.600038	4.691028	8.734936	9.473848	7.656022	8.355631	8.001295	3.979336	9.583387	8.529529	8.711379	9.532806	3.820490	5.601188	9.117964	7.267420	6.714275	9.608859	9.559403	6.026954	9.423879	6.071216	9.613495	9.689655	9.350284	9.536687
9.268983	8.853241	9.690626	8.603932	4.313139	6.796926	9.748506	7.192081	4.511230	9.018331	6.853061	9.776510	9.550829	8.586465	9.250890	6.997766	5.527310	5.544915	4.277263	5.100087	7.195501	8.910227	5.508916	5.805812	6.206927	9.030358	7.318178	6.963710	6.030692	8.422519	9.723888	6.753756	9.785617	8.286069	6.931617	9.246926	8.370721	6.424435	9.175115	9.054059	6.458482	7.563079	9.417097	5.574287	7.474848	8.039236	6.878747	9.461005	4.468439	8.448186	7.478434	8.051341	8.663057	9.741367	4.545026	9.404990	5.791537	9.680727	9.070135	8.863877	9.390300	6.671839
8.975559	9.758511	8.632714	9.566537	6.992762	8.888780	6.781927	8.061439	6.102615	9.030290	6.337098	8.829923	8.732959	8.517385	6.633292	6.571712	7.457808	9.795845	8.950191	8.808007	9.038194	9.584286	6.927478	9.179204	4.995869	9.634130	8.375055	4.818434	9.385486	4.832969	7.296935	9.101169	6.193274	9.685643	9.519361	9.503485	7.701273	8.457447	3.644821	8.342939	6.527514	9.555989	8.469477	7.914084	5.898868	8.679992	9.774261	9.723682	8.758566	9.753624	9.754481	8.223519	7.675401	9.665559	5.641920	7.128600	7.709178	8.661362	4.462548	4.563335	8.033337	8.830422
9.091068	7.309184	9.513141	9.000770	7.574208	9.566048	9.407551	8.949558	9.800634	5.103353	8.774237	4.841785	9.235198	9.783941	9.585745	4.796871	9.434613	8.956580	8.012042	3.642501	8.374751	8.734703	7.802183	9.267392	7.466693	7.290899	9.502182	7.607541	9.633927	5.503445	5.485545	6.793952	8.699388	9.540217	9.685877	9.201400	8.849566	7.831805	7.792723	6.343721	8.449578	8.847112	7.605693	8.667319	3.610766	7.832356	9.808472	8.439985	9.664528	9.016958	9.240482	4.645664	9.390770	9.362248	7.935513	6.401677	6.538035	8.349703	4.487424	9.755818	7.740266	6.678581
9.462165	7.745146	7.863177	5.196873	8.542887	9.758679	7.539503	9.690989	8.375267	8.724750	9.772710	9.584886	9.457445	5.699211	9.717365	9.219570	9.374832	8.320198	9.782477	6.345987	7.924139	2.362481	8.245569	9.282709	8.286861	9.688946	9.549968	7.068086	8.712829	8.117751	9.058246	4.078876	8.671001	9.362594	9.186163	9.170777	3.869640	7.957148	8.936193	7.923520	5.071528	9.311687	9.376103	8.815404	3.225864	8.766380	8.676740	9.120216	7.229334	6.266063	9.594423	9.057066	9.179782	9.602841	9.676640	7.560638	8.427763	2.758186	6.439670	5.417187	8.452811	9.534376
7.067643	9.475589	9.401220	8.876149	9.423300	9.574743	8.908890	8.470915	9.127061	3.803434	7.674155	8.412410	8.965705	7.917178	9.207500	2.219887	9.775397	6.893589	7.644153	9.466220	9.350984	9.694187	9.506914	8.839593	5.772505	8.875818	6.873860	8.459173	4.979008	9.611366	9.555463	6.739202	5.718833	7.944662	8.856552	8.227850	5.645881	9.338871	8.281058	9.271502	9.074131	9.302350	6.953698	8.836444	7.628762	7.422242	9.339887	8.076338	3.709218	7.445319	7.112661	2.637492	6.208496	8.781204	7.822587	8.966194	9.656197	9.088245	6.641810	9.595682	8.178322	9.469088
9.553515	7.626927	8.410728	9.722127	9.155860	9.653033	7.492083	9.529851	8.182366	7.233860	8.285514	5.023465	7.404910	4.250878	8.993873	9.725181	9.201638	9.215036	8.922965	7.878955	5.884418	3.489846	4.227625	8.212736	9.083142	9.246575	8.680803	8.953803	7.527352	9.362376	5.311095	9.452065	6.650597	8.325571	3.871474	7.498340	6.912603	8.317311	9.587329	8.562463	8.773071	5.241898	8.055858	8.870068	9.659729	7.581217	8.116271	7.095376	9.342105	9.129439	7.037226	6.381860	6.980470	6.149011	9.582487	9.002904	8.946966	6.261391	8.878987	9.808140	9.670828	7.860557
8.462818	5.538291	8.430150	7.837174	8.922930	8.250585	7.052009	6.458993	5.930095	9.784838	9.539750	8.961489	9.781740	8.986442	7.343890	7.751446	9.789424	9.426694	7.833573	9.549678	8.404594	6.900236	7.163273	8.528490	8.050604	9.608096	5.086175	7.919388	9.683798	9.442260	9.141580	8.417329	5.389878	7.258212	9.399616	9.477729	5.249745	6.558539	5.716754	9.757496	8.840117	7.771104	5.163830	9.680669	9.741637	6.856404	8.322155	7.422342	6.051542	7.656664	9.120700	8.680903	9.475306	7.539879	9.785996	9.761380	9.764153	8.915445	6.035397	4.792443	9.727546	7.640658
9.672581	7.206510	9.559710	8.560854	9.571807	9.733634	4.751264	9.466680	8.690633	6.868604	4.524621	8.070843	6.437686	7.334580	9.179365	6.206276	7.731713	6.615112	6.294269	6.686458	7.898356	7.992071	8.154995	3.903210	9.103363	3.499518	5.425745	6.065953	9.404480	8.844340	9.138212	9.618344	6.380044	8.638070	4.452949	9.624507	9.674564	8.645463	5.515342	7.473000	8.895572	8.255650	8.286660	9.276759	9.148786	9.578509	8.758897	9.692959	7.803808	3.355810	8.358229	9.222019	9.539310	5.987794	9.298701	6.939591	9.222303	8.503474	8.937194	8.874494	6.536098	3.119888
5.056490	9.062254	7.991999	8.546401	9.728325	9.001722	9.677643	6.655158	4.128098	9.190362	6.148783	3.961012	5.698367	6.757019	9.796845	7.805762	7.360618	7.928385	8.944424	4.402312	9.697087	6.338671	8.282681	9.450056	9.568432	9.523136	7.391308	6.364939	8.205204	5.567975	9.640000	8.689006	9.530866	9.568877	6.476469	6.353994	9.784541	9.340020	9.041104	8.255925	6.314070	8.910457	8.620033	9.806529	7.364294	9.806022	6.839110	7.667954	5.455624	8.127735	9.609428	8.186144	5.707879	9.602376	8.274803	5.873131	4.992477	8.386603	8.047177	9.731242	7.004659	9.742486
7.183660	9.387431	8.583109	7.526493	9.586710	7.714420	9.233969	4.412724	8.850698	9.807186	3.923638	7.872634	9.495076	9.138633	8.093965	2.923600	6.300830	4.469085	4.058034	5.959529	8.598841	4.550762	9.752489	8.658077	5.835862	9.031764	9.722092	9.352630	9.623445	6.693918	8.089825	9.088654	6.762179	9.581663	9.453958	9.123867	7.910002	9.426193	4.980654	9.702487	7.460163	8.442602	4.754667	9.745033	9.785033	8.719209	8.406896	9.091176	8.380100	7.645740	7.969682	9.562644	9.340263	5.762815	7.421779	9.765333	9.611344	9.012591	8.408329	6.515174	9.431354	8.988835
8.268986	9.252195	9.251220	7.021302	5.344144	4.996725	7.552132	9.692629	8.691732	7.505252	7.463781	2.461070	5.362697	9.510473	8.655062	5.434196	9.708013	7.099947	8.246999	8.683638	4.545693	4.850569	5.790220	6.458246	9.473676	9.154219	7.759746	9.055597	9.590127	4.726869	6.801694	9.094582	8.642540	9.730409	5.798553	8.849833	9.481825	7.958942	9.003628	5.132127	8.492572	7.040087	8.938974	8.258814	9.753956	9.809922	8.350970	8.878364	4.789588	7.932743	9.788230	4.618986	7.495363	4.239647	7.847159	5.190600	8.333440	9.673799	7.506989	8.702959	6.764793	5.850907
9.759755	9.382215	9.734314	8.845504	8.905004	9.578485	9.498337	5.433380	8.658443	9.273070	7.193449	8.611075	7.198147	9.807144	7.059289	9.088025	8.758987	5.380860	9.756704	9.754048	9.641503	9.244495	5.143989	6.744639	8.927211	6.331671	8.919996	6.912384	6.692597	8.676613	4.906345	6.461359	9.700942	8.092323	9.769841	9.387403	9.369222	9.274302	7.209710	8.756068	7.312325	7.568279	8.127099	7.445562	5.398609	5.802009	9.633754	7.986128	6.819554	5.395094	9.686037	9.569180	9.804143	8.923796	5.440665	4.294921	6.158100	7.412073	9.287968	5.642118	6.429175	9.098219
8.762608	4.301887	9.673270	7.569229	9.367498	9.489958	9.537737	5.271998	9.313514	9.483191	8.656146	8.020809	8.521538	4.072707	3.857497	7.887769	9.803168	7.400031	2.347897	6.081447	9.569768	9.345752	3.861084	7.459833	8.794073	3.698014	6.044990	9.709700	7.499550	8.222868	7.357524	4.657700	7.652386	6.947336	8.883255	5.335198	9.588654	9.708730	3.058352	9.090883	9.047260	4.053135	8.704372	7.326011	7.642517	9.383590	8.991876	7.411633	8.554620	9.346547	7.100526	7.018713	8.887696	7.730555	8.272578	7.722114	9.260400	8.266613	6.524588	6.442823	5.199963	8.011598
9.499771	8.925463	9.773005	7.688557	9.755578	8.039649	5.297093	7.107562	9.204189	6.647747	6.535296	8.523097	9.648533	8.416736	8.239753	5.326244	5.565843	8.942779	7.500934	9.139756	9.687171	9.521751	6.548361	9.492186	3.909628	9.235979	8.335285	9.066137	7.160048	6.225588	8.748119	9.270462	4.681816	9.580727	9.765515	6.590247	9.760324	9.459836	9.068380	8.033987	7.445412	7.641548	6.950233	9.308386	9.004507	7.918315	6.871558	8.132910	9.461734	8.683734	9.257282	8.486859	6.043779	9.192241	7.779589	9.767332	8.278397	8.620552	9.758632	9.004483	8.563525	7.484187
8.152826	7.800273	9.710574	9.162712	5.799258	5.727816	8.401773	7.400629	7.488757	9.505176	9.791155	7.152165	6.905787	4.397080	9.580059	8.324705	9.255663	9.304696	7.729879	7.222541	9.176844	5.591364	9.531333	9.121081	8.527351	9.804718	8.058516	9.668047	6.696160	8.280678	8.134233	7.876134	6.562384	9.537851	9.362171	9.259557	9.329436	8.630593	9.710072	8.280912	9.486485	8.080438	9.384073	7.490975	9.342527	8.244644	9.273790	8.182781	9.750343	6.620167	9.039253	9.308336	9.445942	5.660488	7.475218	5.370541	8.853956	7.866691	7.797670	9.723621	7.298744	5.295304
9.206459	8.774770	7.761049	6.487782	8.332353	9.361984	8.375600	6.112207	8.270013	9.298304	9.635817	8.667647	3.343946	9.616324	4.834169	9.405614	6.197527	7.884438	3.738523	8.630983	7.402320	7.717616	6.178470	6.974651	3.553346	9.702268	8.568878	6.415777	7.070412	5.042957	6.023867	9.323306	3.929783	6.998793	3.437416	8.226972	8.746881	8.757554	8.588240	9.626187	6.240358	5.353314	7.017146	9.590987	9.791456	6.139636	8.738975	7.986020	9.705109	9.645306	8.760115	9.050753	7.474323	8.049153	9.747972	9.326656	9.780748	9.782551	9.338717	8.936697	8.486695	6.907193
8.385799	6.145757	8.131377	8.911470	7.599065	9.042743	4.606655	5.820558	8.391052	7.464906	9.767458	7.005343	9.142434	7.641748	7.266241	9.446913	9.147242	8.186449	8.922464	7.743809	8.672426	9.587958	3.199124	9.477630	9.076580	6.193555	8.704846	8.336345	5.763905	8.230057	9.633639	8.383523	7.059083	7.474725	9.807216	8.423610	9.059908	9.374142	6.582690	9.627778	8.051761	5.776248	8.015086	8.388031	9.677802	8.695969	8.287507	9.356335	9.224363	9.795781	8.821014	7.351459	8.638802	9.809043	9.807382	7.746130	8.672937	9.137239	9.111938	5.980855	9.289132	9.748011
7.303400	7.450212	8.700989	8.004447	9.326668	6.692417	9.204328	8.348411	9.785105	7.874210	6.792183	9.598815	9.240839	8.791549	8.106407	4.509028	8.397080	9.380221	7.201869	9.321375	8.600970	5.000831	7.037735	4.318425	6.606925	8.300294	8.089586	2.728665	9.556959	9.377758	9.784542	7.356452	7.943591	9.340371	9.053903	5.814314	8.476364	8.754978	6.201375	4.336603	8.308994	4.233925	9.752524	4.279628	9.089420	8.151160	9.463147	9.089520	7.216717	8.521304	9.409126	8.921871	9.387652	9.012378	6.318489	9.224244	8.947691	9.686946	4.895356	6.259134	4.397747	3.738300
9.406908	7.751998	6.816866	9.257993	9.760957	7.727177	9.606880	4.763395	8.727175	9.540224	7.953443	5.766845	9.090647	7.018922	7.774685	3.291458	8.300242	5.527926	8.667898	8.201669	9.070748	5.367153	6.855389	3.531275	9.536104	9.232812	8.940027	8.586177	5.691008	7.203595	2.839103	9.069939	8.553090	6.769330	4.500921	9.645395	9.557291	9.731152	9.148679	7.376043	7.950247	6.499625	9.581330	8.530355	9.126000	6.756205	8.698351	8.265567	7.827364	3.273449	6.861520	7.586264	8.615365	7.938045	9.294472	9.303834	3.064290	9.323426	6.141756	8.423143	9.210418	9.754993
9.638932	8.494590	4.995789	7.557263	9.444785	7.917779	7.567347	5.829083	9.740568	6.719266	8.458837	9.259725	9.738952	7.968518	9.544223	9.314210	8.104079	9.033828	9.247503	6.896897	7.101026	9.515703	6.631600	9.450860	8.506591	4.216596	7.863331	5.047963	9.353551	9.778494	7.547576	2.732230	6.696171	9.758149	9.250339	5.060385	9.435026	5.297606	9.404975	9.347671	5.809726	8.691492	7.520203	5.189139	9.724991	8.098701	9.671251	2.432718	8.041874	9.491680	9.570372	9.798394	9.620704	9.706887	7.998812	9.157282	6.066688	4.871705	6.824367	9.445764	9.298147	8.553692
9.801965	3.030658	7.120449	4.420089	9.748993	4.920043	9.213842	5.823406	9.601833	5.562943	9.805409	8.522204	7.105182	8.980655	6.201769	9.076489	9.802012	7.445595	9.293785	5.069873	5.081046	8.970357	8.735195	6.444188	9.741215	9.045832	8.167193	7.052014	9.724271	9.491274	9.519593	9.195280	3.743240	8.194986	9.509184	9.794245	7.988509	7.460580	8.684029	6.393945	7.845444	9.538807	9.211739	9.071267	9.685867	9.607700	8.134750	9.551044	9.761657	8.682412	6.315547	6.758935	9.805340	6.694503	7.810271	8.113759	3.372753	8.206930	8.550063	5.831676	4.563554	8.999531
8.080005	8.518991	8.401768	6.121794	9.318332	9.248213	8.781251	8.552319	5.918371	5.208562	4.218607	9.301872	7.549986	5.679870	3.496373	8.398148	9.508039	8.955086	8.718997	9.123458	9.169999	9.640935	8.100111	8.998955	9.362604	9.526800	9.004520	7.360078	4.926486	8.563136	4.970195	5.993458	6.158834	6.388365	5.598512	9.529614	7.591137	9.381870	8.083768	7.330615	9.735537	7.535151	9.096067	4.401267	6.469538	8.967441	7.261937	7.302377	9.602657	8.999599	5.318328	8.724900	5.969495	8.512164	9.583791	9.364261	9.500260	5.976935	7.906000	5.131358	3.815534	9.613536
4.767916	9.620079	5.163639	9.129915	8.903810	6.764833	7.035296	9.041675	9.380406	7.348515	8.792518	9.215893	8.240097	8.107779	4.197478	9.728280	9.544769	3.849023	9.604964	9.797873	9.715038	9.518764	8.661156	9.783669	9.372542	9.719883	9.780667	9.709505	9.313542	8.283067	8.226382	6.324831	9.673047	4.335241	9.799129	9.277691	5.520801	5.371826	9.275549	9.554812	4.690828	5.783639	9.094394	9.546171	9.754863	9.244770	5.913761	7.559605	3.152049	4.420971	9.036123	8.505929	8.476520	8.819539	5.897124	9.197523	8.044307	8.521401	9.424335	9.798286	3.134256	5.190152
7.136689	8.595166	8.243446	7.724771	4.942681	6.841057	6.558179	8.717209	8.803003	8.397056	9.459281	9.753173	8.722452	9.271030	9.593879	8.741723	8.157506	9.653488	6.141456	6.731966	9.739887	6.624486	9.777619	6.451794	8.403738	5.486011	8.257030	4.383662	4.851163	7.151666	7.587995	4.588081	9.220797	8.741863	8.162253	8.911218	8.772831	9.013184	5.608304	8.350829	8.405160	9.411003	7.335524	7.736243	8.896516	8.862333	4.250544	7.007417	9.673689	8.689037	8.968248	9.696214	5.105434	6.154705	9.187291	8.754800	2.886570	8.592512	9.703356	9.574507	8.007043	9.081803
7.268458	8.955596	8.204775	9.067436	3.039143	5.732404	6.673046	9.469582	6.443107	6.916484	6.873645	6.788109	9.165487	8.840327	6.056996	7.916349	6.273594	4.687280	9.638867	6.565863	8.906102	6.969604	5.219797	9.440135	9.735541	9.155524	8.378812	6.118693	5.316338	6.987985	8.795921	9.658140	9.737279	9.362304	8.174986	4.655489	8.253471	6.586302	9.207493	8.536537	5.419771	8.970002	5.142125	9.781881	9.688735	7.167113	9.626590	7.081877	6.306200	5.103957	6.364470	7.949157	8.959730	8.264425	9.123301	7.339209	9.510565	6.251808	6.591619	8.173387	9.754953	3.992470
9.603711	8.405521	9.523575	7.601203	9.237347	9.175661	5.549277	8.616087	9.386275	9.356796	5.670438	8.683271	3.748168	7.242036	8.323868	9.516976	9.468602	8.765950	7.165130	8.477609	6.554433	8.648089	9.254405	7.062151	9.372710	8.524287	7.493020	4.673586	7.635379	7.008428	8.391870	8.862707	6.842953	8.890282	9.216002	6.993613	9.675835	9.298425	7.310699	9.107479	8.595131	6.214714	5.038547	5.756694	8.786291	7.544883	8.648707	4.905664	7.039221	4.331420	7.998039	7.446644	9.074868	8.125338	6.371250	4.742802	6.175022	7.537835	7.972634	9.222477	5.098322	8.038015
9.695186	8.805619	8.769712	3.412566	3.772661	6.494937	8.282865	6.483860	8.537738	9.403068	8.958203	9.040420	9.310308	8.366395	9.011700	6.441150	8.427733	5.706458	8.330733	9.806354	9.052710	9.711577	9.117292	9.762974	8.095301	8.908427	8.777464	9.680541	9.179355	9.385309	8.946036	9.514669	9.792594	9.606329	8.533512	6.847210	7.345345	8.315057	8.727862	9.583895	8.467419	9.634755	6.562742	9.220755	9.743563	9.748203	6.669298	9.514126	9.699001	3.973466	7.875227	8.497860	9.227755	9.712966	7.908008	9.214922	9.376275	7.520176	9.573324	7.129689	4.043735	9.802456
9.589483	9.061390	9.023799	9.665686	6.531802	7.143292	7.161062	7.850892	9.585456	9.801555	5.412363	7.195009	8.817299	9.786546	6.320176	8.514783	7.738421	8.355879	7.239315	6.040289	8.646176	7.380528	4.591583	5.150366	6.822762	9.610563	8.314494	9.162625	7.805010	9.334069	3.691791	9.807628	8.469277	8.445416	9.641418	6.415072	6.289889	8.023282	8.195622	6.472229	9.067345	8.184747	7.537167	9.524390	9.321335	8.739988	5.595617	9.731874	9.369155	9.628036	9.424917	5.707089	7.574014	9.744612	2.437637	6.547791	5.760063	6.288629	8.988129	7.099212	8.997582	7.857850
8.408826	9.310593	8.811823	9.795797	8.983795	9.704295	9.801861	7.140698	8.034383	9.292717	8.167239	8.930687	6.931342	8.615035	8.008138	9.201129	8.860362	8.909193	8.609658	9.251160	9.264433	6.170370	7.916091	7.834331	9.064010	6.657934	9.003699	9.306099	8.955237	7.600852	6.217670	9.646901	6.569514	8.578297	8.916547	9.030890	8.963846	8.077821	9.286276	5.613828	7.853998	7.201327	5.314507	8.867333	6.021975	7.202157	7.743107	6.378105	8.773117	6.979116	8.659295	9.308917	9.080037	7.318669	3.222669	6.223044	9.466977	8.306094	7.778628	9.338992	8.849719	5.577102
7.483044	8.478478	8.302869	8.380509	6.255268	9.626910	8.125313	8.392829	8.016684	4.546513	8.960998	5.287836	9.780212	7.551787	8.924452	9.111927	8.754982	7.326684	6.360021	8.891047	9.064053	9.708949	5.528118	6.479661	7.888689	9.523148	7.844737	6.181399	9.651843	3.761454	7.051014	8.976088	6.849992	9.809826	6.253150	8.699718	9.473924	5.057417	7.441108	9.793680	3.169863	8.228943	9.026486	5.553456	9.015249	6.987558	8.409113	7.108262	6.596038	9.652607	8.948108	9.699414	9.765032	8.725191	6.119718	8.104656	8.704479	7.649720	7.239180	4.134302	6.817848	9.701042
9.086454	9.803605	9.187284	9.751526	9.066144	9.790292	8.867658	7.875330	4.109233	8.861425	8.339925	3.127370	9.564640	6.412473	7.475350	9.386268	9.801984	7.470948	3.859731	7.113256	8.396914	7.477959	2.754790	8.056849	9.453084	6.699554	6.777343	6.939765	7.900168	9.461239	8.006051	9.691994	9.714681	3.575671	5.370816	6.936264	8.954041	6.419868	7.631531	6.482756	4.471230	9.635073	5.915377	8.772762	8.586214	9.790757	5.917962	9.350521	7.727190	3.160725	5.968509	7.327769	9.581956	9.325673	8.937449	9.727090	6.158467	9.309617	9.668888	7.646923	6.263039	9.755575
9.632219	7.318629	7.124059	4.831555	6.809072	6.543490	8.716771	7.093084	3.230830	9.243441	7.557667	7.427096	5.675399	5.542539	9.451065	8.273832	9.708863	8.479564	8.419130	9.203958	9.775958	8.707919	7.347085	7.730234	8.236194	9.116853	5.113064	8.945555	5.163805	8.220971	5.674760	9.799235	5.257094	4.977301	9.777300	5.663206	8.621113	7.429931	5.507442	8.293172	9.761633	8.781739	8.907386	8.519384	8.496639	9.320814	8.901762	6.096907	4.625764	9.750253	6.900457	8.664624	8.934260	7.149107	7.467166	9.331277	5.663330	9.007183	9.511052	6.801473	9.578150	9.502042
8.379383	5.242173	8.787660	8.141386	8.767548	9.385091	6.305942	9.793721	9.416490	3.268642	7.707505	7.630573	8.328185	7.959173	8.065356	7.880495	5.012910	8.919686	9.760850	6.109278	8.895331	5.954530	7.800953	5.868671	8.913486	8.054933	9.291947	5.102071	4.369193	8.124424	6.742683	9.494972	8.667116	9.222390	7.036951	8.970291	7.633961	9.539152	9.277260	8.865540	7.750382	5.181828	8.502776	9.358163	4.475625	9.741128	6.718315	7.274523	8.619552	7.491636	9.520542	9.350140	9.666647	9.208306	9.435538	3.620841	3.304301	7.354194	8.388917	3.547152	7.374557	8.168391
8.824439	7.671067	9.248909	6.352753	6.002257	6.433594	7.848772	5.422327	7.997748	4.762271	9.599109	6.174784	8.582305	8.415018	9.773520	9.248007	8.908995	7.634073	9.552557	9.243527	6.306285	7.487255	9.447135	4.677160	8.592639	6.507052	8.958240	5.602465	9.582549	9.704931	8.615338	8.814767	9.541417	4.186669	9.344904	7.636575	9.395135	8.954613	8.786991	6.747413	4.105628	8.239084	8.760321	9.412034	8.075787	8.486752	7.467549	9.592973	7.030684	4.400542	8.451057	9.348879	8.408130	9.573769	7.163850	9.775910	9.787482	8.421434	8.973178	8.634470	7.872931	7.314080
4.793464	7.278657	9.442767	8.869848	7.886512	8.289050	8.942934	5.168640	9.774207	6.740268	9.792085	9.302966	6.332150	9.722379	8.874480	8.612123	7.470151	9.649102	5.422771	9.495148	5.219683	9.061400	8.921130	9.114226	4.574267	7.516069	8.158173	8.086821	7.501361	9.741989	9.678635	7.941426	9.025357	5.529127	6.334197	5.111149	7.344316	7.283132	9.496948	5.208008	3.050883	8.313476	5.709334	5.330360	9.530278	8.851261	9.486482	3.645981	7.504011	8.898245	8.973646	8.900929	9.748787	9.341969	9.469383	7.689822	5.706425	9.744918	4.354238	8.451165	8.979214	9.446527
7.655614	9.476437	6.314224	9.236002	8.796452	5.966043	9.100025	3.000404	7.573628	9.180398	7.130627	9.730376	8.776036	9.407836	5.921712	7.739861	9.454373	6.181203	9.530584	3.663173	6.339957	8.946180	6.974907	7.124875	9.152510	9.685485	4.348780	7.586098	9.350847	7.394592	9.546543	5.572640	9.710953	5.642148	9.333755	8.585425	9.368655	6.507138	6.874002	4.896684	9.686371	9.798284	8.502830	9.499500	9.156069	6.664096	7.499789	8.416811	9.327860	4.865109	9.366277	6.141839	9.411514	9.582637	8.592523	8.401256	9.166074	4.416256	4.423877	9.646253	8.259950	8.642317
5.575350	7.159149	5.429808	4.417636	8.696191	8.300030	9.706642	9.494014	8.324027	5.175372	8.347752	7.626222	7.530909	6.135381	7.149958	6.457055	6.878193	9.641033	4.661475	9.444745	8.139192	9.692260	6.117289	6.467490	9.166877	8.089416	4.146713	9.320147	4.658856	9.724317	9.732073	5.054372	6.694409	8.907280	6.044864	4.722778	7.104443	9.567181	4.417334	3.761484	6.983782	8.843014	9.305462	6.301695	9.191057	5.904437	7.375633	7.756601	7.468166	8.096159	9.764877	9.248234	9.308233	7.554307	9.046335	5.441421	9.783729	9.563252	8.637208	3.179642	9.619550	3.464827
9.652309	6.260410	8.883291	6.809472	2.861293	9.347464	9.166006	8.871560	8.402022	6.200260	9.385300	9.526636	9.060251	5.570213	9.382813	8.995478	7.101843	4.832499	9.571355	7.351703	8.606254	7.537918	9.638665	8.754551	4.197747	7.347748	7.695697	4.242728	6.574265	7.569047	9.253052	7.112304	9.619493	9.418618	7.442150	8.978039	8.178214	8.652700	8.112034	7.467975	8.981787	8.761413	7.235640	8.506720	8.650722	9.777587	9.213574	5.533862	8.031089	9.381216	4.928275	6.287292	6.448601	7.986020	5.671406	8.218359	5.740065	7.383390	4.451375	7.278160	8.832414	2.574857
7.354409	8.978508	6.527532	6.405461	8.654801	5.065612	9.675787	9.528601	8.955738	6.257275	5.188442	7.470553	7.327930	7.305744	8.823509	6.184340	6.681912	7.208401	4.995484	9.795972	7.281048	7.574975	3.238941	6.763819	9.380465	5.959966	8.631832	6.801286	9.282853	5.956732	7.784154	9.194792	8.734007	9.663898	5.483014	6.417257	5.814955	6.676061	6.442288	9.526101	9.037394	8.656911	5.943304	8.251730	9.253259	3.797288	9.500424	7.191418	8.795739	6.520873	9.504883	6.055142	5.085268	8.949340	3.997023	7.621862	9.494314	8.650642	8.330723	4.315058	7.795148	6.769115
9.758677	8.198110	7.479844	8.456283	4.335189	9.082378	8.331796	9.741796	6.830043	6.092580	5.856894	9.407704	8.017195	9.353434	9.529715	9.763071	7.964127	9.168127	6.076540	6.795296	8.618139	8.491054	7.545101	9.340717	6.462844	8.459815	9.318988	7.632547	6.401611	9.512015	7.648573	5.429215	6.395382	9.790595	8.075100	8.961985	6.580558	9.634712	3.407272	5.676785	8.659112	5.858986	8.363488	7.236373	9.285866	8.385426	9.441459	9.113344	8.979803	9.714975	8.818889	8.616493	9.019040	4.486728	6.951885	8.180002	7.954764	7.014192	6.671869	5.846866	9.119289	7.245165
6.846961	7.788994	9.045053	9.561831	9.512103	9.079288	8.592582	9.794492	8.385861	9.358527	9.608086	6.879479	7.051434	7.760173	9.210884	5.608116	4.730396	9.367521	9.458251	6.570461	8.190023	9.222176	7.868942	6.319143	2.906502	9.443282	9.480813	9.745251	7.471110	9.410414	5.983683	7.405571	6.239368	9.511900	8.967282	8.268057	5.157784	9.421235	6.123853	7.905636	6.123324	9.212691	8.559722	6.621305	6.803978	9.705091	8.625944	7.741063	9.762692	9.742655	9.003705	9.191284	9.765764	8.294117	5.345376	4.266458	2.844151	6.459244	9.791501	9.451316	7.482683	8.574096
4.886565	7.916710	7.832049	6.883585	9.054637	6.151628	8.950386	8.320140	6.529321	8.803923	6.502938	8.072723	7.966332	8.010840	7.850626	6.722013	9.079135	7.742451	8.516343	8.974602	8.155389	9.612083	8.560577	9.759800	9.168944	9.760679	9.655593	7.335199	8.013009	9.292623	4.082087	9.025581	2.682523	9.228558	5.543693	8.412821	9.433016	5.609742	6.438792	9.373177	5.359084	9.652925	9.460450	8.017795	9.095532	9.583019	7.748366	9.665448	8.361799	9.280560	9.073504	3.231709	6.685928	9.519331	9.372538	9.253119	8.595667	6.601813	7.965294	9.278371	7.375281	7.218650
9.492256	8.527791	9.572392	6.173921	6.784361	7.925613	9.744038	9.590288	8.867741	4.877926	8.791429	8.490328	9.538790	9.260447	8.257553	8.698007	6.435741	8.010061	8.683843	9.099620	7.999281	6.816934	9.746777	9.078310	8.051558	4.892699	6.899632	7.459479	9.146342	7.639395	7.008479	9.787882	6.925053	4.839933	8.975653	6.573756	9.745505	9.709518	8.408402	9.260642	5.477122	9.788319	7.644483	5.708364	5.853451	7.268491	9.611044	5.816455	8.840309	4.641420	6.511693	9.475562	6.860256	9.537719	6.689153	8.656380	5.247030	9.425381	6.374624	4.375901	9.453276	7.431872
7.572805	5.944438	3.904851	8.633273	5.046024	6.673626	5.794652	7.696674	7.179527	8.219553	8.299051	7.931313	9.185298	5.769559	6.154802	5.633212	8.994201	8.787000	9.577089	9.590655	9.417079	5.459851	6.007540	9.686201	8.854620	8.933960	9.011390	7.632243	4.372490	9.488631	5.738185	5.678684	9.662227	3.156710	9.217409	5.984465	9.493839	5.518890	9.647944	7.700537	5.872193	5.755708	7.230455	5.702511	9.777934	9.394789	9.569123	6.037596	8.972332	8.092994	9.516466	8.748132	9.358494	8.652713	6.088357	7.373326	6.632513	6.856673	9.080397	9.204520	9.480831	9.479818
9.558903	8.788793	7.631066	8.699626	5.749018	6.743893	9.426652	8.857443	9.683755	8.123289	9.106645	9.543884	8.310365	2.824679	8.668539	8.025046	6.179228	4.819808	8.275745	8.656854	9.005719	9.314837	8.889104	3.670358	8.844186	9.532085	4.511485	7.658339	8.718220	9.514784	9.122209	4.956218	7.676516	6.513134	8.703061	5.889620	8.797035	9.442981	9.411235	9.511358	9.764270	9.027860	4.723050	6.221887	4.311891	5.757496	7.418285	5.479287	8.485624	8.117159	8.736932	4.283962	8.355992	8.109159	8.635123	9.680648	8.973797	7.205977	8.389313	9.349138	9.637033	9.790166
4.305091	7.431573	9.410808	7.142962	8.551208	6.535471	9.343202	3.695384	5.384738	9.783263	4.959992	8.401050	3.665893	9.239143	9.668873	4.822977	9.782957	7.592777	3.421956	9.799052	6.255721	8.625519	5.356002	8.664551	5.407209	7.837120	9.272432	8.035334	4.677409	9.453805	9.414850	6.039050	9.691640	6.967815	9.702322	6.844488	8.538915	9.155666	7.297539	9.447323	9.024528	6.904802	9.342781	4.008207	8.785305	9.697879	8.399805	6.014461	5.333648	9.757968	8.603825	8.453247	5.843870	5.408271	5.203396	8.713013	9.324129	8.424381	9.167595	8.961875	8.792737	8.582071
8.382117	9.634223	5.718614	6.351662	7.699503	9.627239	5.195152	5.326603	7.611817	7.049483	3.856073	7.343377	9.256242	6.859983	4.422034	8.230782	5.558085	7.898655	8.706453	9.051017	8.756352	9.711739	5.824564	8.950158	9.041123	8.296270	6.711366	9.054349	4.786905	8.838008	7.897807	8.929288	5.982074	7.899547	3.681540	9.371530	4.261951	8.331487	8.891114	9.136499	7.833478	6.655913	8.223064	8.237986	9.726647	7.649195	9.750411	9.027501	8.953149	9.733791	9.144311	8.376540	9.098124	8.609617	8.626191	4.225497	6.398835	5.496313	9.257164	9.246890	7.813691	4.445331
8.034496	8.159224	8.710349	7.533435	9.709198	9.079393	6.601429	9.364634	7.257827	8.413039	8.687385	7.595899	8.940850	2.587817	6.685863	6.637780	7.571514	9.392543	9.311310	5.551403	9.174827	9.304482	9.640353	8.471781	9.480067	9.051561	8.053450	8.608693	6.088275	6.489085	9.767881	8.681677	8.895318	5.417179	6.158258	5.997383	8.384815	9.087350	9.688114	6.853948	9.531948	9.408987	9.736925	9.186477	9.352926	3.566906	4.460625	9.512591	7.541705	9.744561	9.603566	8.195821	8.118265	9.449897	8.589859	7.441616	7.305038	4.362464	3.321386	6.901209	8.580882	2.821677
7.479162	8.627365	9.636379	4.270168	7.384729	7.467359	9.295333	8.367402	8.692088	7.131232	6.997951	9.542681	9.353256	6.292872	5.381410	6.817631	8.524304	9.171696	8.960812	9.696887	9.766084	9.798189	9.777988	8.400672	9.689371	7.522135	9.234545	8.876357	8.798821	5.739988	8.506985	6.397860	8.863827	8.204849	9.129687	8.487931	6.750440	8.758126	7.959203	7.263561	9.427159	5.260389	7.888479	5.684742	6.284804	6.190312	8.920361	8.689269	8.225878	8.138202	6.403265	9.353400	7.814075	9.242990	6.863357	6.416704	6.251498	5.500853	4.797883	4.664296	9.481051	9.009312
8.594732	3.795624	7.041469	6.008735	7.213748	3.568829	3.470935	7.828503	9.755862	9.646123	8.893540	7.823158	8.730284	9.634304	9.333847	9.506106	8.684063	7.963140	8.737602	9.226105	9.775104	9.461705	8.431357	9.659442	8.312916	9.280583	9.733445	9.751176	8.152200	8.090445	8.114014	8.176258	9.581394	8.190941	9.499091	9.503033	9.313442	8.822521	3.269225	8.927301	8.359283	8.798817	8.963818	9.380436	8.762559	4.679800	9.678314	8.626851	6.883169	8.295679	9.458392	7.979209	5.588725	8.193117	9.227260	7.617193	9.015793	7.204731	9.068710	9.233352	6.120219	9.480892
9.766108	8.115204	9.060126	8.011958	5.924795	9.409376	9.311936	8.781382	5.570675	7.618259	9.753516	4.904028	9.530745	6.821203	4.529505	7.916948	7.394776	8.634890	8.843070	8.921100	4.908081	8.550810	8.593270	9.450741	8.799113	8.750909	4.388527	8.530594	7.447397	7.870340	9.773244	5.678158	9.293277	7.763291	5.723479	6.833447	7.107841	8.599490	9.782259	8.532722	3.916913	3.999177	5.404578	9.740864	6.909720	9.136907	7.496757	8.397907	8.850796	4.355734	6.769405	6.444693	9.072681	8.928518	9.216629	6.518338	9.569410	6.715185	4.276402	7.673171	5.626889	9.377682
9.355422	8.538076	6.212573	7.485400	5.138731	5.106274	8.411890	9.608844	5.490431	6.572355	7.929497	9.789091	5.691660	9.703011	4.063969	5.707422	9.253302	8.646312	9.513646	9.493505	8.570166	9.544371	9.225472	5.930927	6.689513	8.099867	3.164171	9.528349	9.501413	6.203859	5.347926	8.571398	9.498310	9.763101	8.738537	5.618127	8.492330	7.716413	5.410695	9.518062	8.058569	5.507312	8.530503	9.448721	9.283302	9.123129	8.985298	6.957530	8.958605	3.645992	8.458692	8.505023	9.690012	9.062668	6.673090	9.712902	7.411629	9.782585	7.976613	9.709562	5.299929	6.247034
9.485693	5.225035	9.626741	7.750432	9.182408	9.545874	8.860868	9.266253	6.190123	9.222180	6.147433	9.792065	8.504564	9.305615	7.453031	8.723023	2.252470	9.347439	6.619671	5.109352	9.674236	9.777437	7.463307	7.894548	5.812069	4.327138	8.823680	8.604129	4.685009	8.343494	9.654919	6.797422	8.534643	6.737548	4.774757	2.954299	6.812127	7.988956	4.593407	8.842379	8.886127	9.622542	7.657912	6.520766	8.398012	3.500859	2.469673	8.557146	9.064993	9.206112	9.502101	6.342757	9.016142	8.558931	4.120190	8.732942	3.390753	7.738370	6.349426	9.011141	3.711194	9.742915
