6.289563	7.357769	3.109913	6.263995	5.690927	7.230714	4.069921	8.396921	4.236842	6.268751	6.168467	6.693023	8.252634	7.349452	7.634203	6.095959	5.879551	5.884426	3.724331	8.283906	7.158523	8.486780	7.458279	4.847891	3.123936	6.709229	8.199363	7.381870	8.106329	7.248757	7.939175	8.497598	5.992892	8.216252	8.150755	8.375233	7.530109	4.967059	5.283434	7.415966	6.532734	7.986733	3.778997	4.877317	8.222311	4.334537	6.798407	4.644645	7.279478	7.319181	2.009288	3.928720	8.449362	8.007823	6.628049	8.381223	7.327151	4.706588	7.760646	6.815011	7.816815	6.949092	6.391949	7.301277	7.854361	6.339812	8.201292	3.717078	6.207680	7.621635	6.466274	4.945490	7.213965	4.667440	7.187690	7.372321	5.794563	5.582574	8.360963	6.659977	8.376311	7.490486
6.096021	6.918003	8.469958	7.820873	5.017623	7.307881	6.836386	7.252464	6.698297	8.458004	7.962679	8.495002	3.488461	8.511292	7.191267	8.304013	8.114895	8.500581	6.150975	8.496021	8.499590	8.542208	8.481671	3.611946	4.008820	8.491271	7.665758	7.510638	6.759593	8.554237	7.547568	6.715860	7.258501	7.136042	8.312926	6.017671	6.275744	8.479672	7.223297	6.399124	7.695206	7.647109	8.453491	7.846840	6.363151	6.346289	6.855772	3.217283	7.403649	7.252963	5.425754	5.011266	8.541748	7.760719	6.072841	7.708360	6.290169	8.129713	6.527983	7.366429	5.679290	6.441911	4.463221	8.387753	8.388060	7.093190	8.467246	8.019724	8.124165	8.363046	5.633904	7.881786	8.169944	6.523895	8.333478	7.680787	4.711108	4.788348	7.195823	7.590874	6.672756	7.269031
7.092217	3.831143	5.381406	7.425452	6.783210	5.993802	8.327509	7.527704	5.929968	7.084171	8.276913	7.845212	7.573415	7.211121	4.363242	8.326156	6.803284	8.553454	6.747657	8.007872	7.495450	6.924800	7.125874	4.865255	8.460807	7.796565	5.383088	7.445893	5.439575	8.460681	8.427070	8.520110	8.444121	7.134901	7.278291	8.539798	6.061720	6.345510	5.524310	5.022075	4.071897	8.543433	1.936288	8.084566	7.600987	8.396500	6.262703	7.966867	6.971771	6.513489	6.306183	5.902800	7.919184	4.946230	2.622928	8.372886	7.671377	7.771982	5.917684	8.424566	8.168233	8.379579	8.297460	7.582425	7.080575	7.186112	4.349937	7.991775	6.140257	7.478540	8.290789	8.446020	7.173320	6.625294	7.866223	8.216297	6.973068	6.037761	8.296202	7.303254	6.808294	4.728010
7.551882	2.407789	2.486321	8.363050	7.572374	6.560274	7.922588	7.707014	4.679840	7.180562	5.951275	5.144375	6.972876	8.319645	8.474465	6.408406	4.211173	6.593699	7.336959	6.749974	6.650276	5.008403	6.546851	7.074550	7.442138	8.146400	7.507393	4.794129	7.419334	7.571575	7.125054	3.613381	7.371485	7.257895	5.295425	8.272569	6.633638	4.615875	7.361808	8.549014	3.541649	8.263361	6.372366	4.972534	5.855054	8.388900	4.593678	8.111166	8.189550	5.278261	6.944774	5.715864	8.310305	8.289625	8.374994	7.938800	4.045331	8.349600	8.226478	8.407426	3.107881	6.404454	5.205090	8.151419	8.219142	6.731115	7.350806	5.679498	7.976099	6.545319	6.869898	8.552786	6.209833	3.911329	3.295446	7.947360	7.830576	6.417287	7.193696	8.559081	8.085947	7.633122
7.562560	6.695731	7.411828	8.339273	4.238819	8.141975	5.260236	8.298158	7.446216	6.396067	7.823910	8.144543	7.486696	8.294448	8.322812	8.006939	4.281193	6.977542	8.384638	6.871894	8.337329	5.496188	7.989261	5.494930	8.457256	8.354480	6.779620	8.271308	6.190608	6.281648	8.532897	3.974948	6.726771	8.012073	7.568995	7.197392	4.795670	7.477651	4.855287	7.376237	6.919562	4.072459	8.233723	6.240184	3.058000	7.132239	6.483877	5.621542	3.573117	8.197595	7.229200	7.804460	7.040157	8.432635	7.964243	6.829404	3.347537	8.318361	8.172135	5.663417	5.011343	7.797694	5.112282	5.571692	4.389682	7.176244	8.306128	8.132522	6.115941	7.867575	6.904463	7.900107	7.663886	8.280250	8.022939	7.650311	4.336679	5.573506	5.979241	3.620001	8.418338	2.687974
2.590596	8.537080	8.011427	8.020809	8.381613	7.615316	4.625086	8.195679	3.995071	5.531881	7.524257	7.446725	8.544508	4.508079	7.259346	8.274569	7.203371	5.619035	6.738566	8.553381	7.798013	6.370779	7.462212	7.044915	7.434112	6.311054	7.205516	7.168500	6.213392	6.191848	7.424531	7.027848	7.421627	4.842249	7.739203	6.446746	7.619959	8.263723	5.742342	8.526834	7.860770	6.650209	8.341806	7.786901	8.116204	6.978571	4.821620	8.173238	8.224330	8.161918	8.033281	4.742547	7.700614	8.032596	7.635195	7.267566	7.348993	7.447979	7.222540	7.768840	7.708408	5.919069	7.899497	4.199383	5.969455	5.372879	4.952926	7.381234	6.261055	3.362042	3.498565	8.120109	8.437414	5.331440	6.151123	4.732723	8.136620	5.147414	7.940423	3.415470	8.329861	6.517329
7.074275	8.425202	7.723065	5.822999	8.251731	8.227305	7.065743	6.915614	8.532703	8.328223	8.258042	7.973490	8.208724	8.513367	3.837341	7.928935	8.096155	5.778355	5.526545	7.305816	6.458704	7.283615	8.243414	6.264078	8.410050	6.370962	7.150453	8.051722	6.668149	5.246163	7.038421	5.851269	5.569117	7.987554	7.458950	8.193091	7.762566	3.412294	7.938386	7.135511	6.518826	7.553126	7.674296	6.781249	8.197691	7.188338	8.420281	8.382106	5.697091	4.918674	8.393864	6.227147	6.515627	8.379805	7.219346	8.113645	8.516711	7.980380	6.432234	5.497791	3.912422	6.674778	6.990564	8.142972	8.133308	8.298701	5.230467	7.958509	7.407419	7.081127	6.564522	8.542559	8.040165	6.735039	4.539164	7.507971	6.031897	7.649639	5.451138	8.544273	8.241180	7.027805
8.328510	7.678527	8.166960	6.449868	6.876084	7.565131	8.557035	7.744971	8.513244	8.545193	7.098795	8.254814	6.582209	7.588048	7.746606	6.509333	4.953188	8.028241	7.160317	7.367396	8.143829	7.561473	5.570389	6.582247	7.885948	8.299094	6.483312	6.960667	8.142644	3.057395	8.139286	6.960085	3.834674	5.832343	6.420618	7.331118	8.477471	5.788544	6.585553	8.328139	4.105078	5.734413	7.437695	8.301594	7.988439	8.499418	8.106948	8.549639	4.384368	8.145430	7.934136	7.466977	8.419485	8.119277	7.667614	4.305325	5.663048	7.930865	8.021924	7.271600	8.085800	8.134842	8.104092	8.410816	8.113047	6.883948	6.928851	3.907425	5.036801	7.373836	8.435355	7.383263	8.384813	6.629551	6.956140	7.138765	8.494104	7.935377	8.530188	5.006512	2.633792	6.890431
3.771039	5.872486	7.033840	8.385281	8.558795	4.874700	8.473367	8.202866	8.180692	8.212321	8.025312	6.522038	7.120313	7.169003	6.353280	6.896034	8.544057	8.244685	8.457580	5.771293	6.540688	5.553973	5.645303	8.467682	8.261722	6.582096	2.112936	5.442888	7.013511	8.050896	8.048344	8.019997	7.832622	4.407005	7.469056	7.848047	5.926386	7.065816	6.627165	7.897928	8.258338	7.876898	4.275996	2.985275	3.731599	8.337791	5.849681	8.462466	7.945581	3.702887	4.179945	3.501960	7.067392	7.605283	8.470818	8.151893	7.012931	7.884905	7.657704	6.650172	7.596922	7.028288	6.027940	4.388887	4.191515	7.763038	3.902517	7.016944	8.492066	6.954425	7.967198	7.250161	7.570195	7.326862	7.750345	4.487066	6.001990	7.328131	5.435482	7.217437	2.987715	6.365086
7.987645	7.136241	8.551323	6.869324	7.681335	8.124076	6.408837	4.416408	6.009779	8.469942	7.769946	7.457259	4.370107	8.191979	7.072096	5.965624	6.051212	7.279277	4.331973	3.353223	8.548215	8.441754	7.267092	6.072915	8.374454	7.569473	7.808222	7.499682	5.836582	8.281291	3.916350	8.544146	4.997598	8.347681	5.246515	5.463754	7.807341	6.593877	7.295797	8.136547	7.912789	7.736922	7.749954	8.542670	8.348606	8.418571	7.456173	7.644349	4.538001	8.430441	7.441317	8.545168	5.798401	5.104142	8.043880	7.839467	7.849700	7.174770	8.279308	7.809504	6.795035	3.284637	5.426394	7.901752	5.285050	7.394222	8.412945	8.430590	8.319902	4.164284	8.473272	6.924166	7.007059	7.336769	7.183883	7.501097	5.586737	5.216359	6.175843	5.129106	7.186676	6.958762
6.163419	3.712493	8.464881	3.806585	6.448999	7.987738	7.400342	2.832339	8.352989	8.363417	4.677548	4.991421	6.513741	7.539786	6.220383	8.462998	3.872369	5.489602	8.465627	6.750945	4.630419	8.181767	6.912533	6.945338	8.559379	8.550144	6.913492	6.227505	6.221732	6.892211	6.798228	2.504942	8.470265	4.499131	8.018028	6.707078	7.132888	7.554235	7.917012	7.157146	4.728197	8.282644	3.974612	6.582730	7.302092	8.481352	6.574577	5.209022	6.917636	5.975555	5.772235	6.415674	7.204826	8.216575	6.471980	7.200608	7.466131	8.316934	5.650430	6.641097	8.505114	8.268806	7.910572	6.940235	3.125795	7.380569	8.061202	7.237455	6.799844	8.300746	6.902370	6.581624	4.060227	8.333663	6.043770	7.882330	7.374110	6.721822	7.476964	8.015434	5.944625	3.423627
8.329823	5.686559	4.655446	5.217980	8.187839	8.189082	5.260294	8.333584	7.560170	7.556849	6.813060	7.297909	8.367651	7.884790	6.987308	8.466376	7.944145	7.402302	5.615276	8.265930	6.263738	4.993421	7.888524	7.203216	4.792726	7.886973	7.118278	2.616486	8.446118	8.491632	6.923341	8.350017	5.573667	6.761087	5.698767	8.221310	4.147903	4.986515	6.957377	8.362165	8.093742	8.312556	7.229167	3.452202	5.655378	6.287858	8.526307	8.321460	7.861455	5.026875	8.385638	4.252998	7.346315	6.045164	7.331042	4.361209	8.167340	5.699983	8.437038	3.765014	8.111178	8.357326	8.429476	8.210080	8.109449	5.668756	2.715321	6.663059	5.681526	8.298566	8.559726	6.992400	8.385198	3.962387	7.730804	6.314442	7.704560	3.223023	7.735467	7.390400	3.144078	8.176390
6.130334	6.792273	7.566031	6.735149	7.329484	5.130373	2.759110	8.556398	4.574855	6.024870	5.222053	4.374190	6.791133	8.492299	8.195300	8.279341	6.510294	7.770390	7.055824	8.253141	4.270721	8.214980	6.953187	4.433791	8.141205	7.893368	6.879689	7.135880	8.388510	8.124168	7.227042	8.526559	8.157196	8.548476	5.492940	8.480748	5.920853	4.775127	8.503953	6.978780	6.452846	7.998210	7.114795	7.639893	7.647293	6.050982	7.815768	8.048874	8.438726	5.165161	8.432020	4.424525	8.217863	8.518651	3.497888	8.505300	8.548363	5.607592	8.211348	7.508320	6.108050	5.684674	7.308091	8.309903	5.823512	8.505839	3.304799	6.899298	8.557954	7.005235	5.135453	5.104835	7.498666	5.123166	8.397109	8.076602	8.190167	4.618252	8.371892	7.060457	7.313221	7.244916
4.053364	7.246731	7.023663	7.388371	6.163816	8.463897	7.994074	8.523267	7.968349	6.971118	6.074634	6.421213	7.519554	5.019226	6.507983	5.769188	8.451441	7.970163	3.927665	6.259132	8.042011	8.484583	8.246249	8.300880	6.053874	7.781924	6.845044	7.410948	8.250654	7.436314	7.473277	6.611056	4.921349	8.500302	8.481874	6.747747	5.414004	8.193303	8.368915	7.290364	6.798612	7.463251	4.973785	7.290313	8.232465	5.705092	7.947448	7.670635	6.712306	8.043818	8.191992	6.531430	8.550761	4.314071	5.324632	5.598834	6.921818	8.265353	7.488142	6.112325	8.106565	6.529119	7.234442	5.911641	7.851908	8.256911	5.047635	5.876175	4.413110	7.926619	6.066835	7.483933	7.638000	5.513990	7.828170	5.378478	8.151850	7.824000	7.607299	3.673590	6.800506	8.080203
7.818761	5.115740	4.605717	8.239970	7.183256	7.697530	5.502182	7.803337	7.803602	8.053085	7.510184	4.519970	3.268259	7.088524	8.464257	6.895942	7.351355	7.650441	4.727154	3.471259	7.371094	4.361057	4.277893	5.125215	8.434742	5.154335	4.781421	8.376150	7.368006	7.629874	6.170687	6.179440	7.374543	6.722474	5.723659	5.845730	6.445866	3.846770	4.039146	7.331463	8.496428	5.097703	3.179872	7.837133	5.895689	8.556044	5.367086	3.759093	7.602510	3.171305	6.403878	6.447463	6.802654	7.348757	5.473958	6.857830	6.066853	2.997092	6.790355	8.292042	4.441690	8.180572	7.638372	6.327066	4.754596	7.819289	8.319977	5.627946	4.930531	3.931587	5.272762	7.375946	4.961868	7.180887	8.498812	5.991111	7.847342	4.094166	6.533089	3.590895	4.867785	5.473104
8.252587	8.414492	3.918607	8.490448	7.126203	8.330058	5.804460	7.870128	4.995822	7.174171	6.782105	7.820048	5.814791	4.813533	7.499288	4.846514	7.664118	8.504108	5.654370	8.472267	8.152796	8.125676	5.340530	4.253506	7.624844	7.256195	6.547272	5.532800	7.719349	6.953202	8.324225	8.437663	5.537833	8.555404	4.408009	7.524897	6.730507	8.353464	5.818131	8.431449	7.261000	4.906035	5.393155	5.482647	7.775341	8.471992	7.432707	7.522450	7.788502	7.322614	4.559450	7.795665	8.430241	8.522645	3.066256	8.504520	4.747739	3.386683	3.602648	8.329614	7.162813	5.981976	6.866886	7.241823	8.503510	4.998377	6.285250	8.228769	7.198299	8.465198	6.674504	6.619095	7.954047	3.458242	6.335013	8.319952	8.445371	6.593860	8.380622	5.346422	8.365135	6.933863
4.725837	2.442486	5.903105	7.415614	8.137596	7.809211	5.869365	8.047447	8.302092	6.962386	5.572579	8.208868	8.139449	7.422505	6.715118	6.296377	8.080341	7.754307	8.368658	5.605530	7.845589	7.783077	6.701354	4.716228	7.867812	8.402363	7.456020	8.516500	8.232822	3.623240	2.096728	7.952611	6.053472	8.292935	5.427578	7.213676	8.523755	7.076470	6.586819	5.384790	6.524429	5.770343	7.858619	6.408119	8.036395	7.328214	6.069383	5.267800	3.769679	4.212311	7.904696	7.833946	4.627277	4.255664	6.227430	8.532808	3.739436	7.732706	5.500869	6.578698	5.775805	7.742652	4.237019	8.504195	7.545248	7.871829	8.369299	8.546068	8.055070	8.325249	6.916277	7.885185	6.615741	5.886909	3.631120	8.160956	7.759096	8.498339	8.053302	6.957897	7.988670	6.630491
5.134551	2.555663	8.304317	7.883635	7.662926	5.647442	4.106661	5.007138	5.795243	5.404452	7.415085	5.051068	5.381989	6.010241	8.219343	8.483764	4.114055	8.310769	3.134833	6.618859	8.160294	7.334981	8.418388	4.453569	7.105616	8.391362	8.051948	8.333411	8.455609	5.056331	8.438732	5.531611	3.585817	6.147730	7.603868	5.203159	6.334562	7.396484	6.801900	7.753281	8.327718	2.607472	7.853727	8.553348	8.201128	8.199408	8.214613	7.231775	7.983786	8.477722	6.206296	3.208711	7.758971	7.974878	6.357219	6.297438	6.167948	6.538182	6.079294	7.783719	6.910124	4.553459	5.037203	8.251950	8.433390	7.586531	5.317909	7.450899	6.617043	8.421714	6.682678	7.855263	7.859212	8.499000	8.001483	6.800580	8.312058	2.403149	7.824803	8.197529	8.380288	5.924094
3.874410	6.600075	5.664061	7.927932	8.289738	6.863857	7.522866	7.068254	7.509751	8.438820	7.533121	8.559810	7.871363	7.254761	8.208721	7.587903	8.020095	8.380205	8.350126	8.183919	8.364658	7.688326	6.290117	8.428180	6.471432	7.718924	7.927797	5.437486	7.041305	7.859612	5.525122	6.577972	8.342373	5.885136	7.165775	5.398715	8.509984	6.292127	6.741240	8.425775	8.065453	8.451384	8.455494	8.463366	8.029281	5.934670	4.792779	6.386857	6.050125	8.507538	4.959146	8.074347	6.920502	7.214877	6.766940	8.351664	5.162992	6.802461	8.503328	6.321658	7.571921	6.349664	3.176815	6.278095	7.628239	7.595035	7.886987	8.287192	8.232815	8.497064	8.555900	4.514232	7.550032	8.011395	4.852937	7.768265	7.166690	6.003488	4.927439	7.356209	7.726327	5.534041
7.619956	6.865607	8.215158	6.811211	7.091383	4.778776	5.751035	8.119633	8.166631	4.474686	6.397629	3.222822	8.518319	7.803893	6.640302	6.555931	8.179367	7.651934	8.343240	4.330972	5.293112	8.512845	8.550245	5.936143	8.479914	4.629073	8.143762	5.429876	6.011070	6.810702	7.942423	6.178826	4.410527	3.838578	7.644820	7.659089	8.205501	7.369378	6.012815	7.553971	6.298152	7.360383	8.518181	3.763392	8.061382	7.386732	8.395919	3.057740	7.427928	8.518476	6.634777	4.922133	8.257358	7.193861	7.320210	6.884087	4.631988	7.722740	6.293943	6.792412	8.345481	6.284908	5.947063	2.559477	3.233096	6.158236	7.320721	4.756527	4.815501	5.940426	6.792662	7.350713	8.169146	6.821470	4.257833	7.587537	2.478320	6.648624	6.084009	8.190023	1.749418	6.503415
6.945614	7.479530	7.046753	8.445592	5.076878	8.401100	5.327634	8.498707	5.816337	2.587767	8.552523	3.320134	6.068339	7.962492	7.567075	7.825526	6.216949	8.540258	5.485988	4.019621	6.855903	7.762575	8.282413	7.893061	7.859084	7.286042	3.769317	7.974568	4.461667	8.274177	5.920055	7.137363	8.323763	4.272138	8.357463	6.792116	8.482556	6.188322	4.605933	5.601486	4.837106	8.279264	6.622903	8.490380	8.383028	3.873276	4.080682	6.903670	5.781107	7.735513	8.369227	3.454266	7.000757	6.929629	8.390365	8.559907	7.954576	5.101103	7.485527	7.449503	7.862086	6.626184	8.125732	7.794902	3.723731	4.486425	6.854177	5.260306	3.318099	7.783239	6.826232	7.365723	7.787191	8.553635	7.027564	3.198285	6.311371	7.858088	3.280487	8.138001	7.516958	6.370479
8.328114	8.132004	7.042375	6.375681	8.042550	8.075162	8.377113	8.462527	7.663470	8.082464	8.199352	7.982696	6.334221	3.168579	7.344008	7.328203	8.146606	4.127640	6.447443	8.554704	6.221161	3.363679	6.688548	8.433172	6.359029	6.534048	8.038311	8.110402	6.858499	8.374990	7.519354	7.746379	8.496579	4.843467	8.071679	8.504920	4.590888	5.538687	6.405484	6.736449	5.497076	8.257923	8.441060	7.099552	7.547860	6.439854	2.420955	3.132138	4.012566	7.493123	6.040664	8.442846	3.775457	2.785417	4.427054	7.036442	8.468144	8.142399	5.413673	8.329133	8.345478	8.502794	7.832469	7.864714	3.508078	8.380794	6.759434	7.088094	8.537418	6.168770	7.809346	6.813376	5.811449	8.253605	8.443462	8.538015	4.115060	5.251718	2.285790	6.273203	7.054082	3.804585
4.667500	6.926239	8.298120	7.301799	8.211357	6.607153	7.433701	7.960469	7.671712	7.076442	6.254944	7.358523	4.714618	3.261796	7.338258	4.361316	8.465113	4.466496	7.812591	7.072363	8.121830	4.757178	5.627711	7.486346	8.512970	4.020217	4.131210	8.557309	8.534148	7.885734	8.517662	8.102720	4.808650	7.173215	6.005887	5.967939	6.688759	6.242058	6.234000	7.925462	5.729105	5.742644	8.174434	7.062254	8.376669	7.452860	7.594201	7.764146	6.855494	7.430270	4.175111	8.159575	6.859799	8.464292	8.204637	8.440275	6.813705	5.861118	4.819839	5.655942	4.186566	8.495469	3.472981	7.371212	6.158352	8.236508	8.451807	6.103163	8.098964	6.832724	4.626359	3.645685	8.464794	7.080865	2.385262	6.930916	7.249212	8.295106	7.927429	7.993862	8.234979	7.573633
8.547808	6.027394	7.722776	4.959519	6.605878	7.194799	8.483703	6.475532	6.265961	3.897534	8.154170	6.406533	5.269495	6.616027	2.659352	4.520320	5.212132	5.435533	8.402525	6.104463	5.293291	7.833425	8.482406	2.616268	6.994088	6.594472	7.941424	8.335904	6.388603	8.482571	4.749750	5.425737	7.988294	3.900174	7.657253	2.907923	4.988559	8.143675	7.813063	6.412815	8.128218	4.544537	6.296820	8.486716	5.408409	7.284214	6.465991	7.767892	7.594128	8.208369	7.818576	3.189489	7.565800	8.486479	6.121081	8.226733	3.813308	8.262164	5.654964	6.715866	7.980185	7.378036	8.112288	2.290189	6.325544	4.668781	8.549144	7.320895	8.398707	8.438854	7.806445	6.286892	6.160331	7.509440	5.708105	8.244321	5.006214	7.082951	8.378282	7.646999	7.618215	5.391991
6.992676	8.206109	8.201521	8.526872	4.443145	6.968192	8.228105	5.482157	8.430468	7.692648	8.405102	5.538547	7.766599	8.547244	5.626931	7.069440	7.763180	6.765846	7.660161	6.985288	8.533163	8.461427	7.674886	8.020107	7.172022	5.523194	8.098767	6.194495	6.527244	8.029396	8.557797	6.110481	8.558889	7.744625	5.326175	8.095692	6.638175	8.330452	4.698792	8.214872	5.885664	7.717773	7.367476	8.467780	7.434984	4.160449	8.411339	8.131525	3.741792	6.845853	4.533929	8.261161	8.098983	8.454189	8.557085	8.000030	4.324757	7.637749	7.523490	8.002898	6.494520	8.274791	7.177957	7.129650	8.016340	2.624496	3.557982	7.668265	8.127311	4.835636	6.216775	7.492522	5.112618	8.200100	7.417336	8.555169	8.182689	6.507087	8.411982	7.891071	7.664890	5.650976
7.407340	8.478586	7.640272	3.347535	7.594490	7.492114	8.516628	6.543340	8.222073	7.955482	5.677413	8.462135	6.792491	7.074303	6.756259	8.141039	6.141423	8.274931	8.555451	5.222272	6.778263	7.677805	5.872758	5.946278	7.623788	8.521181	8.539303	4.418144	4.327631	7.518054	8.123031	8.199550	8.156808	7.692669	7.711882	7.464289	6.130449	4.757982	7.984365	7.165119	6.477959	7.520905	8.253457	7.921541	6.756873	3.848261	5.257542	7.293353	6.799419	6.361793	5.286293	7.967795	8.347404	7.348991	5.688485	7.528966	5.370608	8.045387	8.122832	5.414705	8.115690	5.161834	8.235483	5.434961	7.524499	7.165076	5.270169	7.040451	8.546617	7.028417	7.556367	8.556698	3.735426	3.012572	8.211520	6.591595	7.484397	8.051670	7.775131	6.473380	4.504534	5.786379
6.831426	7.737345	4.371199	8.388952	8.254722	8.512202	8.544990	7.614968	5.663333	7.433931	7.930526	8.143236	3.242730	4.547769	4.376300	8.373819	8.316490	6.256954	4.788287	3.451520	6.507706	7.730303	7.556902	8.456252	6.176229	3.533563	8.011284	8.073260	6.883843	6.081785	2.935046	7.065429	8.475039	7.910517	7.984426	8.318597	8.075400	7.570173	5.869401	7.615893	6.050151	6.204890	7.922780	8.493324	8.166142	5.696575	7.369094	7.247364	8.336160	7.489117	6.260346	4.780618	6.746093	7.914838	3.424902	8.428373	5.635076	7.913120	6.862622	6.875307	8.285099	8.465391	4.406216	7.989330	3.258131	5.366224	8.225610	7.069906	6.163088	6.661299	7.931576	6.589688	8.185793	8.533574	6.381754	5.112026	8.147565	5.719932	8.473209	7.965952	8.321905	3.718032
8.169595	7.917063	8.490952	7.370076	7.494382	7.218463	6.873588	7.926670	7.523947	6.749577	7.743140	4.357671	7.304649	5.500771	5.367250	7.379316	7.361599	7.979804	7.104796	5.282181	4.884643	7.483921	5.356099	7.822573	6.015848	4.844689	4.940730	8.464291	7.956773	8.236516	8.558572	7.737721	8.521853	8.073714	8.336064	7.985736	8.282684	5.048199	8.229127	6.921832	7.089573	8.435353	8.288655	5.181304	5.602349	7.648159	8.423312	8.160153	8.202463	7.898136	8.554512	6.584395	8.090832	6.935570	5.576911	5.692623	8.061804	4.114155	8.034036	7.566600	7.954205	5.423819	6.717757	8.365578	4.880492	8.265004	8.533682	7.218838	6.704974	5.297831	4.747616	6.572559	8.532159	5.895607	6.071691	6.598219	5.123251	4.857789	2.884837	8.132438	8.255057	8.187961
7.167359	8.395661	7.699775	7.973512	6.679640	7.681053	5.859506	5.073379	4.512326	7.902577	7.502001	6.714499	6.919080	7.728055	8.421673	6.864407	8.024367	6.664228	4.865542	7.491332	6.146118	7.547962	7.481427	8.442288	7.537360	4.587343	5.604184	6.252662	7.573156	6.435178	6.366917	8.433378	8.491364	8.398582	8.396120	8.275316	7.766984	8.347247	7.673083	3.973187	6.699153	4.341726	5.927208	8.355481	7.636642	8.249127	7.332611	6.027203	8.054991	7.484537	5.642655	7.825800	8.274657	6.329824	7.276513	5.176447	4.888019	3.762588	5.309885	7.508790	4.915824	6.684454	7.822135	3.967662	6.892615	4.938060	7.053601	6.750360	7.897855	6.852754	7.932902	8.363912	4.994669	5.666203	7.117058	3.791393	5.270246	4.507546	7.870095	7.359392	8.386574	7.819978
8.227088	5.108411	7.696272	8.365421	5.765231	7.535238	8.543587	5.804130	6.877013	5.753057	5.726315	8.015825	8.507165	8.450384	6.665631	8.384499	8.039947	7.110915	8.272199	8.251930	4.233128	8.219412	4.667302	8.359020	8.316796	5.554284	3.256462	6.719069	8.176616	6.063628	7.223821	8.318597	8.527916	8.438194	8.094444	6.972391	6.651222	7.486538	7.796794	6.145507	6.748119	7.496834	8.444374	6.566453	4.825421	6.892151	7.341362	8.246193	6.313186	2.510802	3.505443	7.980256	8.266013	7.892659	8.524469	6.866441	7.601515	2.459060	6.391755	8.184057	6.157088	7.811609	5.719596	8.436411	5.645550	8.401319	7.949010	8.402931	6.431833	7.046984	7.991842	6.247591	8.066578	8.249999	4.987266	5.297333	4.180921	7.496174	8.439145	4.856731	8.495955	8.424772
7.947208	2.154476	5.985338	7.835698	4.704201	8.456126	7.597911	5.453785	7.722809	6.743463	6.969811	3.751521	8.026214	6.080487	7.621925	8.253359	7.340958	3.341124	6.010822	4.896452	7.062277	7.633583	7.849196	8.035380	8.001307	6.809177	8.327908	7.514063	8.339983	8.316778	3.767568	8.036939	8.052482	6.131480	8.121508	7.824443	8.012093	8.481047	7.535122	8.272240	5.409030	6.273973	5.559634	8.050239	8.375755	5.777037	7.920072	8.408279	7.377676	8.544313	8.348379	8.284849	8.548709	7.368350	8.349940	7.879974	8.325529	7.517837	8.542434	8.558050	6.018367	7.355665	6.516054	7.325178	8.420323	7.676520	6.300152	6.121266	4.627190	7.743773	8.338262	4.227736	4.590454	6.592013	7.331584	7.702260	7.254272	6.690994	4.147644	6.974076	7.580693	5.950938
8.540058	6.414379	6.791205	6.888513	7.697002	7.616473	8.509362	2.452732	7.496184	6.548548	6.352782	2.170829	8.488092	8.549841	7.922758	5.839697	5.346394	7.355975	8.466802	8.384751	7.247338	6.323291	8.229142	8.379542	2.993248	6.841515	7.819339	8.446503	8.354328	8.550684	7.410251	7.737969	5.789183	8.163249	7.672907	8.238000	4.912744	7.173666	6.535203	7.339846	4.601968	8.013895	8.283202	8.351624	6.026298	6.794886	8.478329	8.075126	7.478385	6.541077	6.729019	6.276243	7.490988	4.948114	7.923739	8.137509	5.999950	5.088832	7.926444	7.653705	8.212912	8.058931	8.235166	7.657463	5.718422	7.449479	5.467316	7.024972	6.309165	8.062035	8.550783	4.663183	8.463747	3.423634	7.159773	7.960737	7.968673	7.569734	5.906615	8.506059	5.926597	8.413912
8.496134	3.995062	8.410448	8.159420	7.015528	7.072605	5.923954	8.082708	6.000913	7.243984	6.586371	7.590910	8.448828	8.157781	7.083542	6.564589	7.531706	7.009042	8.232006	4.540483	8.119950	6.095783	8.524786	8.317703	7.982298	8.441111	8.025359	8.266716	5.159539	8.509224	4.472691	7.699707	6.012888	8.263257	7.337583	3.501218	6.959217	7.254395	5.553292	6.807342	8.087821	6.649268	6.421237	5.379662	6.082112	4.982915	7.924122	7.969301	8.159206	7.750572	7.877640	8.476186	5.196142	7.644278	4.559753	6.692722	5.243826	8.383716	8.322405	6.627201	7.478323	6.865706	8.554558	6.203803	6.848576	8.474247	6.731402	7.542453	7.485139	7.172512	2.590190	5.095057	6.973920	8.165121	7.360239	8.551886	3.947456	7.701291	7.914840	8.450302	8.322507	5.836802
5.296243	8.365793	8.323166	6.362266	8.303685	4.685283	7.614206	7.341055	3.907705	5.051243	7.441931	8.388568	5.658275	7.671292	8.275222	8.138507	6.387925	8.559469	7.844815	5.546237	4.226485	8.290485	8.540036	8.516337	6.589297	7.263130	8.547109	8.431205	6.481703	7.937994	8.297614	7.907158	7.254011	6.425467	6.848772	3.921787	7.489606	5.331222	8.502201	4.405066	7.741858	8.536971	8.328492	2.004329	4.622641	5.435550	6.708796	5.874315	7.105694	6.273054	8.522449	8.235638	7.204992	7.500288	8.109924	8.150145	2.361573	5.440037	7.964709	7.595196	5.329067	8.053735	8.521734	6.192187	7.435813	7.277055	8.434922	7.170789	5.636496	8.303278	6.961467	6.930680	3.583717	5.425963	7.886593	6.546498	5.693493	8.423554	5.374557	8.064774	5.337273	6.978289
8.452897	6.990570	6.522713	4.854729	8.131289	7.780133	8.354410	8.537435	7.365386	8.267207	7.889189	8.233196	5.668303	5.378193	7.168362	7.617601	6.593519	4.777785	7.613152	7.569081	6.950432	2.748993	4.370996	7.152302	8.082236	7.331474	8.237543	8.213699	8.073291	7.722194	7.791273	7.693882	8.447904	5.881952	7.663317	5.679790	8.292683	8.334243	8.466892	6.571841	8.030059	7.397527	6.870615	7.930533	7.723487	8.207159	7.768369	8.517534	5.886261	4.346530	8.425670	7.585790	4.157867	8.467663	6.114705	8.521953	5.132696	6.293612	8.496114	7.059118	8.339295	8.553139	7.231648	7.414280	6.697253	4.879807	7.692088	7.621651	7.327951	5.416917	5.246164	7.131207	8.397919	4.664265	4.432824	7.920904	7.670917	8.450686	6.677315	3.790151	6.047148	5.077241
6.755565	8.373852	6.867356	6.748954	8.261568	6.590246	7.424106	5.498642	5.963906	7.547109	4.060135	6.599452	6.210845	8.168076	8.274705	7.193693	6.924765	8.130821	7.201309	6.056317	8.222221	7.703652	5.566229	6.969108	7.512020	8.357192	7.476284	7.326129	5.666094	5.793303	8.513515	8.288240	6.046843	6.123286	8.350665	6.571665	8.415345	8.354792	3.545571	7.169765	6.072011	7.304846	8.537395	7.103759	6.256450	8.536536	6.495648	5.618359	7.775677	6.908667	7.304588	6.107628	8.558003	7.207767	6.817462	5.973045	6.306013	8.285894	7.666482	8.216226	6.661554	7.786656	7.932344	6.083143	8.376740	8.041632	8.282305	7.953545	3.346156	8.099340	6.220172	8.016811	7.641764	7.782319	8.253745	7.157213	5.069757	8.408342	5.363232	7.888194	7.186388	6.597387
7.655981	7.412835	5.023630	8.378495	8.454752	8.347270	6.242948	5.898471	6.098887	8.502355	8.548322	3.933519	7.064723	4.741910	7.481601	5.308037	4.122079	8.358334	8.243403	8.239800	6.875248	1.740420	7.871333	8.044259	7.733378	4.810265	8.023752	2.944753	8.231843	6.690181	4.240921	7.734100	4.114532	4.518119	8.251435	6.378464	7.937641	1.959066	6.712057	7.398823	6.324548	4.828185	7.283214	3.752665	5.229245	5.396654	7.670205	8.217580	8.484039	6.737143	4.450195	5.886586	7.430997	6.840195	8.354326	7.159429	8.453933	6.063459	8.035632	8.428859	6.135330	7.779812	8.488037	7.054334	5.953805	8.542311	8.310476	8.024197	4.585695	8.464494	4.022011	7.736416	5.726304	6.994495	6.116605	8.469805	6.182612	6.395477	8.205879	8.546664	8.511704	5.838335
5.362403	8.231716	6.279737	3.011649	7.890953	5.307805	8.137164	7.769263	6.015255	6.834737	5.876856	3.885358	7.054080	4.010284	8.412870	7.341558	8.254444	8.523639	8.043861	8.241662	3.452176	7.090358	6.723987	4.797732	6.393917	7.431846	7.113458	7.913028	8.075057	7.385682	7.493153	8.062197	6.216385	6.643308	8.532284	7.066303	7.436589	7.312905	6.533876	7.875841	8.558176	7.872932	7.128528	3.831691	7.794813	5.005816	7.948345	4.916379	8.551340	5.686650	7.083126	8.123111	7.376719	7.588464	3.901071	2.219054	7.277780	7.497014	6.254052	7.283500	6.598943	7.674632	7.560224	7.914717	8.315094	6.545926	8.482189	7.600576	1.984851	7.345260	8.485740	3.607984	7.432065	8.481541	7.233132	7.283431	7.653781	7.924812	6.661181	6.986039	7.843939	5.833500
8.412238	6.183863	8.214023	6.286798	8.403526	7.128991	8.188791	8.399608	6.295188	5.619413	5.302777	7.956794	5.542757	8.507469	8.157792	8.396136	8.430198	6.185118	7.597439	5.555706	6.802100	8.304950	8.045705	7.875580	6.857827	2.498301	4.999371	5.951747	8.018110	7.330352	7.462418	4.651026	5.667244	8.278281	8.304008	8.134352	7.708591	7.125495	3.863575	7.375538	8.467282	8.540795	8.351193	6.127874	7.160122	7.294938	6.539538	8.371352	5.703743	8.548005	4.458778	7.562186	6.591376	8.221552	7.192498	6.573683	5.033308	5.519471	7.488973	6.832760	4.858772	5.136971	7.191736	4.462153	6.207430	5.753272	6.600217	6.181761	8.434607	8.484329	7.381275	8.473714	6.837362	5.102678	6.170210	7.459146	8.085123	6.777454	5.077184	7.525249	8.476711	7.376094
6.511961	6.373423	8.066473	8.083289	7.081820	8.422739	2.445149	7.387010	6.246164	7.767005	8.260901	8.254891	7.530880	8.435018	5.303646	7.891629	7.275615	5.369528	2.228217	4.875641	8.270078	6.373368	8.357900	7.695525	8.230617	7.049815	6.825753	5.959780	7.728055	7.879172	7.870623	5.634845	6.921833	7.955510	6.656490	5.993434	6.373802	8.354306	7.365036	2.278005	4.249749	7.489370	8.361535	4.325735	7.037977	8.420400	8.148757	5.801755	8.430725	7.491843	8.206157	4.424017	7.146403	7.102143	5.561309	4.445549	4.926786	7.793410	7.435648	6.218578	4.893158	5.208873	7.540006	6.018510	5.934649	8.202021	5.685131	8.437333	7.025482	5.952461	4.013527	8.011432	7.942286	7.015585	3.879368	8.184754	7.637361	7.828399	6.416861	7.988030	8.319963	6.125727
6.806544	7.589575	4.234750	8.123825	5.713703	3.595808	8.097560	4.562196	6.467464	5.672021	7.445477	6.964641	7.377374	7.017529	3.323053	4.041790	6.430674	2.815786	7.537282	8.417760	5.663701	6.110330	8.559533	6.343115	3.261876	7.155956	3.930411	7.379799	8.183850	5.959185	7.429177	7.422779	7.159212	5.486991	3.300268	6.188812	7.606389	3.809226	5.944623	8.178330	6.338689	7.155257	7.965328	6.974418	5.471760	8.447078	6.989886	8.149607	7.249186	8.501684	8.389767	8.365174	5.200601	8.122639	7.629422	7.433367	5.963343	8.552913	7.094936	8.311484	5.390599	5.636706	8.466795	8.187130	6.275650	7.378148	8.085644	8.508061	6.548370	6.851582	7.320599	2.948023	6.814474	8.051940	3.985047	8.355705	3.013773	6.466029	8.056937	4.781090	8.011703	6.386265
5.360862	8.468001	8.161947	7.812580	7.269957	6.996564	8.363287	4.619628	6.295260	8.128839	8.547397	6.621441	5.232655	7.901068	7.867869	8.236933	8.390221	8.453815	8.300479	7.759685	8.029197	7.321691	5.328529	5.470537	8.353648	6.756786	5.121085	6.638958	7.016708	7.221535	5.428789	8.493380	8.549341	8.274490	6.470713	8.481320	6.547761	4.364048	7.441176	7.944571	6.043513	5.923426	7.802158	8.256726	4.011783	5.652717	7.672638	7.619081	8.325036	6.603453	3.396016	4.187656	6.927217	7.901158	7.606801	4.574541	7.731712	5.088689	8.089448	8.404174	8.318220	8.261124	8.357085	3.366899	8.431360	8.306871	8.028933	8.548370	8.281144	7.692483	7.581459	6.927097	8.364482	6.852431	7.673445	7.583423	7.164155	7.641884	2.970122	7.793622	7.545871	3.011070
5.205641	7.375895	4.509768	7.715839	7.539782	7.658285	5.973084	6.649000	6.212445	7.806403	8.558643	7.685895	8.095238	8.249036	3.437047	7.780458	5.766129	4.613492	6.678371	8.332232	5.924947	7.306835	6.638024	3.217795	8.137533	6.327740	7.788488	6.360121	8.500562	5.092335	7.958456	8.538637	7.382383	6.823142	8.530897	8.486783	3.075651	7.552375	7.572131	6.303950	5.695126	8.057101	8.018832	7.398811	6.177016	7.995088	6.667931	6.620768	7.451227	2.479134	4.782621	2.763094	8.290004	8.477211	7.198499	7.783847	8.437205	8.133797	7.528410	7.313575	6.522050	6.222060	7.189153	7.628359	7.750043	6.505167	8.508107	7.408157	8.522215	8.365794	7.022160	6.519033	6.974654	6.968234	6.459403	8.337919	7.498085	6.799880	3.189773	7.089234	8.401474	7.100340
4.025379	8.223040	7.244904	6.309037	7.935094	7.420637	7.721980	7.905020	6.886731	7.758010	8.338952	3.492357	8.251814	6.780199	7.934926	5.228768	7.826015	7.308119	7.545829	4.383643	5.531349	6.747871	6.871995	7.021982	1.914276	6.591096	6.868638	7.784374	4.241439	4.380598	8.100119	8.067754	7.307147	7.974279	5.638816	4.289887	8.549858	8.349255	7.938125	4.005215	7.382122	6.153525	8.446529	7.934055	8.127350	4.724258	6.973744	7.901823	8.520612	5.131470	4.511648	6.663462	2.929480	5.581301	6.964737	7.129689	8.279184	8.438660	3.815033	7.764163	6.983415	8.332715	7.830274	4.626430	2.898962	6.725207	2.943972	6.578545	8.224167	7.395846	8.110255	6.583875	3.407607	8.388832	6.496524	8.500602	8.311190	7.947858	4.358241	5.727507	8.129241	7.301597
5.099151	6.917936	3.663880	2.631875	6.350528	7.114471	7.987406	8.007367	8.031431	5.514210	4.911469	3.553876	6.864145	7.560056	7.104732	8.313526	7.932284	5.838388	3.643654	5.981581	5.812302	5.772858	8.195461	8.526946	7.263433	7.511824	8.538722	7.958803	7.346078	5.134827	4.478624	6.209129	4.495309	8.289525	7.482446	6.443805	7.454217	7.321771	8.167099	8.222937	6.420188	7.211514	5.084159	8.520782	8.374472	4.525110	7.620577	7.683442	7.363965	7.481446	5.430550	8.176741	8.366533	8.362134	7.362722	6.103372	5.637350	3.214232	6.588219	8.556571	7.659745	8.271971	7.774153	6.381894	7.909271	5.992435	7.800832	7.927396	7.961461	3.589405	5.427692	5.570411	6.925436	4.471918	7.481602	8.544941	5.381552	8.446756	7.374953	8.038643	7.516321	6.331464
8.150290	5.366371	6.825598	5.431666	7.209925	6.795690	8.485868	6.172354	8.556207	3.735456	6.819128	8.432825	5.401536	7.503874	6.976662	3.053856	6.310561	4.558622	8.133023	4.808826	6.523502	3.779221	8.464842	5.610515	6.992849	7.626538	4.865814	6.064846	8.029128	6.610593	7.900775	2.557081	3.827682	5.284794	6.373838	8.250440	5.365680	7.878783	7.122539	7.772027	7.076652	8.150859	6.584383	8.494830	7.634640	7.248767	7.871242	5.921206	8.112502	8.359585	7.561594	5.316365	6.930013	8.536095	8.463456	8.116363	8.526219	6.865322	4.893556	8.380098	7.623886	8.037921	6.743515	8.214647	6.551406	8.240923	7.730679	5.568268	7.689895	8.222560	6.154310	6.146997	8.024986	6.905058	7.393578	8.516035	4.415626	5.812423	7.146137	8.545065	6.127838	6.618755
8.495261	8.548115	3.934315	8.481703	8.391530	7.718958	8.039034	8.380238	8.282779	4.549178	5.599985	7.588229	6.955716	7.015909	5.486497	7.384280	8.371283	7.134356	5.092500	6.976387	3.975179	8.532246	7.974578	7.477630	8.352718	6.080235	7.299665	8.456097	6.886846	5.571180	2.128574	7.241100	6.553125	7.240725	7.608173	6.067948	4.846363	6.528821	8.480702	8.055766	8.256694	3.951590	7.153739	4.384439	3.257151	8.198546	8.215815	5.796156	7.907807	8.199573	5.926042	8.367021	7.961280	5.782915	4.051680	8.524325	7.745799	5.031057	5.203876	8.043915	6.933727	6.518207	2.592495	7.298567	6.960169	8.500252	7.684427	6.047866	8.383955	5.375473	3.695541	6.289598	7.203385	6.989580	7.592273	6.625829	6.316248	3.552380	8.544917	8.353792	5.385023	4.912797
5.934676	8.270076	7.438728	7.827241	5.184419	6.514139	5.422358	8.163937	4.638024	6.128120	8.179228	7.334244	4.625851	7.862003	7.562893	5.005119	6.959558	8.129994	8.088804	6.484597	8.369842	5.332916	7.775222	5.004107	6.835197	6.662856	8.529897	8.449356	6.584859	6.667620	3.536862	5.616622	3.718857	8.558270	7.445090	8.477178	8.117040	4.760741	8.397595	8.414348	5.849520	7.292642	8.180151	6.085283	5.932461	2.197179	7.796617	8.135675	7.834998	4.732722	7.193617	8.038952	5.892471	7.951094	7.701505	5.331723	8.415706	5.917083	7.001629	6.385893	8.533227	3.210980	6.838218	7.816368	6.897750	8.168942	3.404878	7.896151	5.076208	5.227144	6.987247	8.006575	6.109645	7.324080	6.635263	8.117411	8.424475	4.179048	1.877390	7.222339	7.952473	7.883705
6.661623	8.475599	7.950855	6.764572	6.488628	3.893789	7.610226	8.423333	7.157226	7.287312	5.321953	6.706516	5.796987	7.980290	7.491356	3.059140	3.045127	8.142752	8.078051	8.198000	5.738093	8.454921	6.309970	8.352092	6.626518	7.721053	8.038708	8.540291	5.303893	8.543119	8.229017	7.030334	5.320815	8.436837	8.516365	6.845603	6.946890	7.848305	8.166723	8.433623	8.461984	5.117869	8.428801	8.449182	7.466074	6.457917	5.080309	6.475856	6.790227	4.107848	6.172582	7.010770	7.147731	6.362110	7.411901	8.133322	4.336395	7.341709	6.132603	8.161239	6.787957	6.288654	8.453865	7.005919	5.964058	5.350292	7.709092	8.550716	6.752871	4.448485	7.540334	8.081154	7.239319	8.112532	7.375624	4.934898	8.000353	8.549336	6.308614	6.288194	6.184543	4.641039
5.570728	8.500229	7.620885	7.018762	8.312183	8.166323	6.491535	6.381007	8.183089	4.955624	7.777954	8.414987	7.149594	7.674415	8.379701	7.719923	4.461663	7.472455	6.011484	3.260496	8.265642	5.628130	7.969950	5.620480	7.159608	8.086062	6.036163	7.064768	7.199460	6.256997	8.139528	6.158704	7.013608	2.852102	7.950740	7.161554	8.375698	5.687621	7.313014	8.052337	7.351587	7.706565	6.581117	7.768433	6.789309	6.676815	7.144544	6.355036	8.173270	6.275141	8.143395	8.493849	4.030551	8.464186	6.525036	8.466426	8.320230	6.125631	8.523876	7.900661	7.336059	6.605654	2.873053	6.349748	8.142266	5.684656	6.793462	6.525158	3.810837	8.270228	7.195892	8.020042	8.487665	5.422787	5.490645	6.241505	5.932945	7.001844	4.562588	7.470687	8.417713	7.781248
7.456190	7.083850	7.694635	4.942185	7.285826	8.522679	7.349024	8.035936	7.244892	6.553032	8.403084	8.091599	4.367364	4.286418	4.744883	7.352986	7.548023	8.443440	8.304651	8.156136	5.643475	8.390714	4.056025	8.237156	2.523393	3.860832	6.586807	7.789325	8.551973	8.491717	8.550752	8.364958	7.970716	8.216628	6.443406	8.327684	8.552160	7.739918	6.453443	5.311108	4.844399	6.797954	8.366279	7.065507	8.535867	7.654938	7.849348	8.242231	7.842315	8.308539	7.069146	7.076384	8.186637	8.419893	6.743757	7.680331	7.978471	6.354524	4.608959	7.421407	4.436754	5.848553	6.351528	6.685722	7.225927	8.171843	7.710872	7.436169	8.155218	8.502333	8.461869	3.102503	6.134751	5.514877	8.133632	4.087165	7.339620	7.251429	7.928698	8.181602	3.776788	3.087620
7.647684	2.319638	8.550208	7.150231	5.113857	7.447372	6.912341	6.610299	2.192205	5.711438	8.063054	8.474392	7.957255	7.987737	5.972894	8.495713	5.905542	7.517505	5.451190	7.370617	6.990042	6.426367	8.172706	7.018297	3.352154	7.155250	8.323260	7.996841	4.100083	2.942818	8.114686	7.173664	6.386405	6.315378	6.612534	5.631382	8.232493	6.696881	7.714100	3.933764	6.833209	8.366607	8.111889	8.039825	6.399508	8.292110	4.737908	6.709365	6.387414	7.856362	6.504646	7.383769	5.245866	7.169546	8.457667	4.375766	5.591736	5.579597	7.490930	6.254173	7.813909	7.766580	3.088528	6.350639	7.878019	5.706987	7.718127	7.637065	6.907389	8.032975	7.080357	4.448769	5.156063	8.310705	6.827147	7.897338	4.693650	2.189114	2.861871	8.425114	8.250475	6.202732
4.362932	8.214247	4.018184	8.280070	7.593721	8.112889	8.547704	7.836635	8.527730	4.600309	5.291364	7.234754	7.655462	8.224808	7.163004	6.636776	6.989238	8.499920	5.096145	8.498060	5.808775	6.478632	7.684061	8.140034	5.458589	6.919755	8.250038	7.670580	6.597297	8.399724	6.102218	6.008494	6.901535	5.771766	8.345849	7.939772	2.749945	7.492602	7.885533	2.664023	8.461895	7.151419	6.402925	6.282971	8.287222	5.876414	2.421057	8.426239	5.192538	7.525050	4.618291	6.331604	7.975214	6.843263	3.977261	8.311111	6.664401	7.997474	8.458617	4.941293	7.734698	7.833801	7.375575	8.466904	8.025120	8.225742	7.291704	5.983018	4.789796	6.049850	8.338058	7.415599	7.677275	8.556918	4.961355	5.966006	6.798465	6.629476	7.644767	5.249279	8.105691	7.860432
6.612283	7.752964	6.856165	8.318243	7.117699	7.035582	6.630141	6.762889	6.097182	7.204625	8.178455	8.107599	7.944301	5.071821	7.033562	7.127464	7.899138	7.759478	3.380901	7.166054	6.335873	6.380218	6.980258	7.914650	8.069996	5.487828	6.265832	6.534002	8.332319	8.438877	6.795025	7.494287	8.156487	7.730211	5.357851	7.054418	4.917171	5.874628	6.578832	5.575102	8.376785	2.431764	7.289510	8.251022	5.595688	8.063829	6.661674	8.415588	6.076272	7.270362	8.273326	7.942741	7.451201	6.601969	7.669304	6.624596	7.973485	8.348055	8.158239	6.585768	8.002500	8.211923	5.923550	4.833524	7.148451	7.494985	8.182443	3.921265	6.691812	4.914783	6.325408	5.981574	8.439121	8.061754	6.468219	6.494307	8.411822	8.256961	4.459845	6.553696	4.681220	8.251321
8.134969	6.388678	6.769640	6.648286	7.955345	4.705061	6.683870	8.104332	5.400993	7.087370	7.636167	6.426685	7.020456	8.173442	8.326775	7.840502	7.926834	7.327031	8.248081	3.902314	7.400127	5.668237	8.272284	7.340767	8.251588	7.856295	8.270607	8.341628	7.209687	4.748852	3.356034	8.550471	8.129705	7.090217	7.413379	8.030121	8.053178	8.321865	8.080072	7.789367	6.770542	8.412772	6.337944	8.502606	5.172388	6.351928	7.695667	5.147077	8.003300	4.458800	6.081782	7.081942	8.307096	5.986831	3.725018	8.548308	8.470662	8.442639	7.842006	7.441569	3.855219	7.480737	7.607978	7.446044	4.184534	5.832864	8.510497	8.184200	8.269430	7.622912	5.234896	8.293152	6.032505	7.831001	8.296464	4.345887	7.853810	8.465501	6.340830	3.393108	2.229125	8.073326
7.522338	8.426576	8.507134	6.293733	5.356605	7.584235	8.505545	6.672365	4.029973	6.696297	7.950054	8.372204	4.504438	7.077120	5.139161	7.771045	5.109901	5.718943	7.680181	7.908129	6.078002	7.793991	5.311187	6.001422	8.048151	6.888433	4.099584	3.115352	6.743721	5.672497	6.274074	6.854182	8.542696	3.890535	6.654893	4.538404	7.968508	5.228896	3.726675	5.836668	7.235226	5.555061	8.022223	6.807543	8.552146	8.436642	8.177931	4.801446	5.779507	8.182382	7.602379	8.231032	6.987882	5.694554	6.440040	5.243325	5.792301	7.780529	6.533489	8.426290	6.333151	7.990554	2.741503	8.344895	8.294328	7.495420	8.324426	8.493961	8.513026	8.057497	4.163635	6.684194	2.657476	6.341225	4.292237	5.640833	7.070908	6.247705	7.374390	7.974378	7.756824	8.432249
8.477933	7.192755	4.308068	8.109650	7.753611	8.240898	7.468478	6.448318	8.548524	6.912814	8.090123	7.004475	7.108247	7.993175	7.882727	8.362205	5.923216	7.518190	4.694335	7.898252	5.347745	4.241469	5.017506	5.496966	8.042650	5.256899	6.130504	5.277443	6.157474	7.008565	8.013510	8.000354	6.434071	3.188794	6.736753	8.017730	6.180012	8.470908	7.111939	6.993709	7.447305	8.482517	2.714063	4.772414	7.711943	8.133626	6.313300	6.607153	6.474015	6.235097	8.427167	5.125509	6.168995	7.984173	6.560908	4.174000	3.984308	7.960323	7.128826	6.893947	7.479001	6.433897	6.478195	7.108016	7.713217	8.558425	7.030534	5.634393	7.826848	7.762513	8.073541	7.643054	5.970865	7.892648	8.444119	7.424569	6.455081	7.649407	7.646275	5.479321	7.315688	8.061606
8.118248	8.537109	5.755322	4.592085	3.789986	7.238200	6.453480	6.909334	7.597937	5.630681	5.213665	8.326359	7.833032	8.122307	8.102292	2.050725	4.357294	4.064136	5.737589	6.386281	3.309086	8.492077	5.452806	7.214453	7.641531	5.912069	7.373094	8.080854	5.487699	6.961586	7.963913	6.850539	8.435294	7.902388	8.043731	4.226924	6.562076	6.901449	4.636049	7.439267	8.302750	8.121737	5.891165	7.606138	7.814611	8.329186	7.604692	4.675261	8.115687	7.487711	7.879204	7.696236	4.919411	8.532588	7.995028	4.356247	6.781025	7.698818	5.353282	5.662574	8.355490	6.829705	6.671460	6.976614	7.954164	4.878860	7.848329	5.130543	6.737283	7.221126	5.526953	7.664607	2.444269	7.159482	7.681017	8.109545	7.199015	4.208830	8.483465	7.969998	7.241820	5.333143
8.272827	7.028457	5.018552	8.366569	6.743818	5.846909	7.763774	7.098001	4.119282	7.917472	7.577865	6.497796	4.610158	8.451737	7.356498	7.497963	6.352782	7.880920	8.334129	8.553760	7.880886	7.588663	6.970058	6.004058	7.334616	8.362052	7.449001	8.387361	7.789510	7.582900	4.558849	7.734906	7.153887	5.272118	7.891282	5.898848	7.764913	8.522832	5.839210	8.462902	4.136645	2.536111	5.930523	2.984008	8.533860	4.322461	6.211803	7.342101	7.451269	7.482713	8.191698	7.313746	8.311906	8.504294	6.511180	8.452725	4.916518	8.498272	8.145325	7.387700	6.025542	6.685254	3.958249	8.539906	5.789452	7.204359	8.174113	7.252298	6.762804	8.403466	6.382605	5.644582	8.253811	5.142269	7.588430	2.535017	6.809181	8.400478	7.034278	8.524377	6.492499	4.346446
5.564946	8.246492	3.761013	3.959991	6.580721	3.315478	6.627065	5.109991	5.007335	8.121153	6.596459	8.028216	3.616210	8.379436	8.072996	8.460152	6.366629	7.682281	4.226539	7.862775	5.856339	7.822203	7.753330	7.692160	6.213013	8.410941	7.396503	4.624814	3.893372	6.882433	7.073150	7.277093	8.471170	8.143110	6.368755	8.153666	6.173083	7.860348	6.793506	8.110871	3.379464	7.835798	7.753140	3.662714	8.088268	7.476335	7.126523	7.308696	7.676870	6.225287	8.125100	7.997404	8.016412	8.068985	7.993177	8.323834	2.941432	7.119841	4.889569	8.445743	8.106812	7.717158	6.713792	7.100159	5.283434	7.656228	7.992860	6.000893	7.093099	8.469383	8.405121	5.874625	8.216250	7.296358	8.472095	7.439167	4.027756	8.553768	7.923640	7.466563	5.694549	4.971150
5.360883	8.016565	6.941550	4.974698	6.530920	8.520959	6.542748	6.647331	7.537077	8.538860	5.418085	4.484942	4.300328	7.750381	8.529310	5.560978	7.847824	8.465111	6.680751	8.553382	8.457444	6.538169	2.675399	7.513641	8.512299	8.181732	8.386075	7.608207	4.716975	6.706544	7.341978	7.520337	6.311927	7.256830	7.301220	8.103854	7.901928	4.328471	2.849843	8.145170	5.353928	7.706066	6.166332	8.166032	8.363533	5.899201	8.437729	7.983892	4.939315	8.130168	6.853556	5.533462	8.496748	3.288017	5.595404	8.510176	7.301381	6.041604	4.676356	7.102845	7.543286	6.611666	3.580818	2.488899	5.923861	3.353416	8.327814	8.273499	8.186865	5.735358	7.823485	6.952495	8.509905	8.305899	6.502370	8.363951	7.563071	5.393851	7.015212	7.452650	6.342459	7.469642
8.256699	5.367798	6.921748	3.749774	7.616707	8.017942	7.768552	5.738001	7.882088	7.787439	7.566502	7.973865	8.321629	8.450004	6.928944	6.649036	8.063753	4.234558	4.962237	5.265192	7.262063	8.074295	5.827855	6.431363	6.141097	8.364222	8.093407	2.657001	2.580285	8.302091	5.305019	6.090070	5.892405	7.501715	3.668252	6.452153	7.913277	6.817434	2.904057	6.414623	7.776229	8.449069	6.621983	6.692786	8.064986	7.960025	8.402038	4.245406	5.378306	7.245488	7.945330	7.615084	8.475773	6.485221	4.104734	8.488778	8.468244	5.131409	7.987502	7.734710	6.769029	6.129690	8.549485	7.852329	8.442200	7.528892	3.346070	4.130406	7.956385	8.288089	7.548076	5.690352	3.706341	6.227283	7.315393	8.287008	8.529204	8.528164	8.525992	5.823117	7.025544	6.636909
8.542653	8.226198	8.470414	7.879786	6.841688	4.794805	8.142317	8.353141	8.487335	3.375405	7.283756	3.151220	8.548353	7.339936	7.563764	8.319076	7.783994	6.770550	6.656994	7.099792	8.088778	6.962917	7.151628	8.316972	6.871229	6.927521	7.883860	7.522188	8.062968	7.689486	8.395814	6.191584	7.550172	8.166883	8.298533	8.436290	3.064556	7.399581	7.670060	8.367410	8.515969	8.446394	7.518254	7.395586	7.125030	5.855631	8.087453	4.758186	7.312662	6.375391	3.618709	8.046516	5.644441	8.274896	4.343208	6.331582	3.953317	3.518455	7.438907	6.317621	5.847204	4.540140	7.922151	5.718740	6.018074	6.532055	7.387883	3.684284	5.820022	7.188900	6.627503	6.092648	6.763922	8.320926	7.638737	8.221814	5.667277	7.487047	7.777683	7.831067	5.302354	4.308927
8.422242	8.527196	2.962407	8.539562	7.440438	8.189216	4.794292	5.602642	8.270773	5.659228	7.890443	7.703042	8.242495	5.158321	8.323022	8.378064	8.078545	5.050691	8.364496	8.483882	5.605331	8.402820	6.764415	4.164589	7.491853	7.305751	5.852592	6.804267	8.462532	5.632424	5.171502	6.304353	7.727546	8.556929	8.453448	7.514661	6.554913	7.445935	5.732960	4.821618	8.213664	6.228251	8.512997	8.224580	6.502589	5.337703	8.552488	6.871344	7.860853	5.455689	7.317722	5.959718	7.791447	5.928398	7.548912	8.350589	4.005939	7.641428	6.496003	6.545801	5.681050	7.266772	7.735644	3.941438	6.652395	5.417786	7.178958	7.141791	7.451234	6.987823	5.566118	2.938963	6.317104	8.337885	6.365412	5.205252	7.417735	6.939793	6.563743	7.577715	6.970246	5.683097
6.480369	8.182716	8.363390	7.944609	6.940786	4.177107	7.516847	6.042361	7.907821	8.487858	8.534945	8.130300	6.971877	8.367532	7.818329	6.023078	7.853338	5.711262	3.551132	7.298957	6.604903	7.782592	7.901686	7.055071	7.650634	7.249853	6.445137	8.087950	7.703729	8.525972	8.485734	7.235735	8.244591	8.387093	6.441947	3.080427	5.477640	6.710882	8.465807	5.291576	3.062017	7.280561	7.260116	6.289697	8.325919	6.076392	3.635457	8.393818	8.247833	7.344373	3.690899	7.464370	5.372542	4.106839	6.058813	7.833913	7.922748	8.234714	8.041377	6.311583	7.853576	6.129144	8.467583	6.377290	7.068634	7.463517	3.377492	8.291972	7.093746	6.684883	8.448820	4.755754	4.192101	7.703283	7.567068	4.515120	8.252939	7.099772	5.997512	8.233469	8.060434	6.959396
6.475392	8.325101	8.477959	6.999881	7.997321	4.095520	7.628080	5.348292	8.039152	5.461123	7.952849	7.201117	5.986237	8.425159	8.108029	6.837868	3.200403	6.491410	8.524567	8.541274	7.647290	8.290961	3.516661	8.085332	8.517349	8.060476	7.767192	5.713881	5.881991	7.669539	3.357617	6.362499	8.471418	8.502707	3.691943	5.850066	4.777111	8.450438	5.623550	8.331974	7.259281	7.313203	8.465403	5.937403	6.480163	8.493123	5.517172	2.986656	6.300187	2.881388	3.473621	8.162933	7.913387	5.514321	7.964360	5.038470	7.884051	7.454440	8.482396	8.475837	8.370250	8.099181	7.423295	7.166255	2.998995	8.424631	6.690348	6.572059	8.350785	5.332962	8.322319	5.944282	8.378284	7.206469	3.927334	8.182434	8.244447	6.664898	8.376199	5.786805	4.690067	7.389831
8.441198	5.840094	8.463832	6.641084	3.793886	8.014950	6.624509	7.759221	8.243770	6.381849	7.041140	7.976545	8.014840	6.545412	7.325093	8.056920	8.274082	6.035140	8.530797	7.055516	8.395009	4.774288	8.420225	5.432968	5.026105	8.459928	8.559866	8.392044	6.015397	8.130044	4.583280	8.193763	7.859033	6.986064	7.042168	5.610949	7.031710	8.245135	7.783404	8.208746	8.071049	8.514540	8.469563	6.994832	7.887983	7.664058	8.325426	8.116592	5.901956	6.003484	3.906733	5.852198	7.683014	8.225758	8.241144	8.214094	5.028334	8.395834	8.262310	7.176947	7.311245	3.109224	8.195160	5.837308	6.182467	8.285966	8.489312	4.143176	7.827739	7.262196	6.694241	8.487125	6.959116	3.006724	3.688230	3.797098	5.372154	8.110586	7.018006	8.385641	8.473285	7.722029
7.429267	8.024413	5.748170	8.018677	7.803314	7.861264	7.607185	7.803825	8.525927	6.474312	7.536827	8.420951	8.248988	6.142718	5.582652	7.958374	7.834109	8.514886	8.552523	6.926462	3.286592	8.359098	7.676801	5.476538	6.590661	8.043487	3.806973	6.326924	6.026975	7.062056	8.490882	7.979869	8.472662	4.065465	4.670639	8.235173	7.524478	8.261277	5.389589	7.808625	6.515654	7.495831	5.787757	5.362575	7.622057	7.033804	8.334354	6.970874	6.221274	7.808387	5.798414	8.014044	7.669930	8.427212	8.018193	8.495580	8.494661	3.226506	5.645128	8.478752	8.268714	8.473430	8.324635	6.806858	4.355423	8.479478	8.211982	6.184497	8.468668	8.405470	3.867060	8.228169	8.239177	8.189808	8.303282	7.890972	7.130977	4.315019	7.137905	8.015600	7.081081	3.786828
6.705044	6.386003	5.693146	7.757551	4.497352	3.356158	8.504093	8.316155	3.774792	7.990603	7.712507	7.160649	7.704213	5.992061	3.504782	5.131531	7.249404	7.893391	7.891717	7.463551	7.052668	7.889803	7.526339	5.637499	5.829639	8.071713	6.172922	8.210546	7.535746	7.790790	8.540748	8.101774	7.714391	8.073313	7.890051	3.852813	7.305084	7.914849	6.791013	7.702090	6.745246	4.488866	6.427313	5.194049	5.178243	6.755697	5.674388	7.952467	5.998701	5.710416	7.670789	8.187312	3.289457	5.611818	6.495544	2.848712	7.669627	4.738322	6.233233	8.357397	6.029854	4.353951	8.453698	8.284310	2.555856	8.280796	7.759392	3.550602	8.098491	6.128294	7.810995	7.232653	7.014231	8.427443	4.820942	7.790755	8.559674	8.077088	4.376434	8.472530	8.077850	7.415297
4.019458	7.694008	7.994480	8.292441	3.404066	8.511561	6.772059	5.631773	6.139768	5.565603	7.667244	7.122680	4.669761	4.712094	8.226697	5.623625	7.609938	6.393780	8.136820	7.519220	5.341002	7.056907	7.780793	7.116594	6.592898	7.895979	8.115539	7.572704	7.973501	6.968280	7.977504	6.336609	8.362439	6.675847	8.432095	6.567785	6.892890	6.247615	8.365333	5.245655	7.016992	7.489881	4.205460	7.123621	3.981902	5.644201	7.456434	7.730594	8.187483	7.153291	5.419621	7.566856	4.285793	8.269696	8.508469	2.551047	5.471945	6.798003	6.770887	4.625880	6.980589	5.550603	6.039066	6.062367	7.722673	7.718855	8.454724	8.137474	5.282002	7.855300	7.897617	8.177651	6.546236	7.787703	5.424853	6.266753	7.723789	6.851549	8.498586	7.476863	8.222233	4.985338
6.278851	7.927934	7.526602	5.590452	8.550006	6.106389	5.930524	6.709384	6.050603	6.813192	8.261262	7.441998	8.526777	8.198918	6.640689	8.207619	8.413020	8.481110	7.991070	8.456265	6.263480	6.758832	1.791151	8.219400	8.518147	5.315521	7.082887	8.117070	4.803337	8.163055	5.584097	7.922742	8.335613	7.538173	4.451532	7.642866	5.883993	7.836581	4.672475	7.119943	8.559324	4.933342	4.690595	3.206866	8.116865	6.004119	8.407749	8.558538	8.525097	7.840562	7.811476	5.473165	6.976777	6.917925	4.047009	7.160743	7.815469	5.714729	4.938186	5.553530	8.038671	8.524814	6.779249	8.391841	7.081940	8.211486	7.925406	6.721647	5.306476	6.444424	6.995179	6.874038	7.445117	7.890041	8.541513	8.124847	7.656241	8.513362	8.442018	7.964211	3.960539	6.673320
6.075157	8.034108	7.651890	6.302664	7.571602	8.546309	5.415443	7.360942	7.347207	8.230493	7.744968	8.472526	7.787636	5.215376	6.757375	8.450384	6.965598	7.703994	6.888330	6.152578	8.343950	7.759495	8.501311	8.017878	6.551401	2.596437	5.527924	6.970550	7.220595	6.843565	7.043090	8.219543	3.717684	6.573580	4.622498	4.487041	7.767139	7.662598	3.119430	8.092057	6.652634	6.316097	5.757821	8.279453	3.769933	7.642792	7.506502	6.980566	8.549293	6.761941	7.075035	7.853507	8.068362	7.695412	2.638313	8.321174	8.127156	8.191202	8.190644	4.803736	6.646778	7.428353	8.250553	7.505001	7.957260	6.794430	8.099180	7.004982	8.078630	8.177553	3.172758	8.484505	4.842839	7.745147	3.482987	3.773796	7.212438	6.469646	5.706391	7.543377	7.955213	7.159466
5.977209	8.144315	7.654173	8.457151	5.943347	8.392363	8.480903	7.919835	7.169921	4.438694	8.556597	5.515045	7.766697	8.517884	7.857736	7.819952	2.914047	5.639440	8.192402	4.605443	2.547930	5.649960	3.934380	7.456597	8.187055	3.367964	7.396536	5.250654	5.356612	8.438928	4.217733	8.210881	8.009240	6.967839	7.982502	8.558716	7.477063	8.433678	8.555779	7.711331	7.954966	8.532492	7.786489	7.876649	8.514890	4.171972	7.258869	8.312317	4.025158	4.665962	7.353373	5.197564	8.429143	7.781316	8.432130	8.445248	7.746042	8.527891	6.722760	8.360674	5.661275	8.551916	6.352590	8.484010	8.440811	6.547387	4.764522	3.893308	6.882411	8.552975	8.432392	4.136454	7.462037	8.539675	4.086061	4.864608	8.480696	7.220344	3.419677	7.200840	6.318940	2.364773
8.523149	5.896065	7.253789	8.074580	7.565263	8.270556	8.534743	7.569964	8.030086	7.997943	7.089835	5.172923	6.256336	8.392082	8.396430	8.392247	8.000650	6.935699	3.140928	6.548837	5.731678	6.330966	7.722690	3.790968	4.240083	6.553449	5.929789	5.365829	8.434570	6.501967	7.684737	6.011300	8.243632	4.096032	4.612130	7.079804	6.334961	7.414793	8.327238	5.472201	7.459147	3.402095	2.706900	7.263220	6.270160	8.369684	7.000532	8.328540	8.557804	8.076840	6.901094	6.753076	4.835427	6.556454	7.318204	8.418910	7.148523	6.546659	8.135066	7.101803	7.711582	7.231601	7.426428	8.469130	7.983788	4.348083	5.858605	5.644911	7.463041	8.547732	8.541426	8.427898	5.254282	5.901325	6.990041	3.422135	5.085156	6.305480	8.253188	5.012916	8.406307	7.140061
7.199838	7.908434	3.980269	5.417299	6.506243	8.170263	8.323153	7.892476	6.801382	7.621318	5.316318	7.492753	7.218499	6.813892	8.559323	8.318677	6.598438	3.898656	5.866068	3.775516	3.751877	7.282159	5.306556	7.030248	8.351639	5.887558	7.896327	5.980674	6.825585	3.206671	4.387139	5.907982	3.989216	6.576703	6.417707	7.512177	8.559245	8.263359	6.457961	6.634345	4.958380	4.822237	3.176642	5.111285	7.548813	8.136837	4.816302	6.742082	6.082580	7.869808	7.672056	8.488380	7.198151	4.346186	5.131218	8.471675	6.593458	6.270471	5.349909	5.726403	5.913120	8.397174	6.204528	4.291094	7.701354	6.513015	8.182920	8.549745	7.417720	8.433599	3.202200	7.588638	8.534549	4.619736	8.359054	8.061273	7.494149	7.671630	8.476663	4.298817	7.168977	5.833851
5.423447	6.801937	7.887509	5.663241	7.281822	7.866663	8.556750	8.044412	8.466072	4.477938	3.527671	6.432122	7.518310	7.453403	6.977184	5.885321	7.508093	5.289002	7.156632	7.366884	6.158639	7.090881	7.600265	5.959714	6.109980	4.946078	7.694922	4.477544	7.719500	8.489776	6.102444	5.062624	6.423253	7.476746	7.682575	4.301382	6.519869	6.855340	6.105701	6.362358	5.607088	6.604599	8.097052	6.177864	5.788346	7.236970	6.270065	8.279283	3.925859	7.131949	6.303021	6.659952	6.053909	4.861511	6.601364	2.558845	8.132285	3.324618	8.396101	7.936511	8.491091	8.468641	7.331236	6.651440	7.739238	8.047577	7.777665	7.365158	8.105938	5.223113	7.755648	8.233258	5.709086	8.471792	8.490899	7.803505	7.166024	8.126799	7.508294	8.146483	7.185854	6.863401
8.524040	8.524526	6.506243	7.951484	4.986740	5.086418	6.058054	5.949877	7.266721	4.797284	4.820559	7.835944	5.962138	7.364581	7.765575	7.443931	8.023406	8.536631	6.775963	8.182728	5.820267	8.427290	7.465066	6.486512	6.304445	4.778516	7.135870	7.514513	7.351535	8.309830	7.710433	5.940027	5.222159	5.630248	7.665239	7.849477	6.962499	8.372092	7.452840	7.195346	3.987948	2.717229	7.258182	6.037891	8.214399	3.706936	8.039981	7.699116	8.356216	8.513746	7.467944	7.426508	8.234503	7.184260	7.315003	8.495243	8.025213	7.607308	8.279090	7.382017	6.147831	7.144838	8.490532	5.781316	5.660108	6.574774	7.927384	4.566250	6.544108	7.358673	2.657462	8.467322	5.457456	5.719235	8.357972	6.771339	4.443083	6.912502	6.471675	4.060516	6.154977	4.757916
4.647897	3.948523	8.527712	6.260129	8.380519	8.192058	2.112084	7.599123	8.209130	5.846057	4.565921	8.068896	7.045405	7.981484	4.934249	5.964639	6.365339	7.857514	4.176359	7.056736	8.433664	7.558200	8.199896	8.056731	2.798670	8.212659	4.286722	6.715560	7.141696	8.293137	7.526375	8.454108	6.425177	7.615250	8.232868	2.131416	8.083974	8.467886	8.409176	3.834522	8.267639	8.004202	8.160334	7.709059	5.869888	7.825823	6.935524	7.725848	6.481263	6.407857	6.419614	7.443044	5.628789	7.975513	5.481281	7.854671	7.469614	6.081694	8.464868	7.650203	7.454466	5.639071	8.390580	7.194737	8.549203	3.320892	8.252871	6.074117	6.662049	6.536614	6.690934	3.562985	5.403639	3.476903	5.632619	6.503598	4.277691	6.927808	7.710359	6.771648	7.832271	8.540454
8.553568	6.454757	7.613926	8.098908	6.606467	7.428864	7.983570	6.044993	6.451457	8.545791	8.274552	3.952607	4.007734	6.097316	5.478695	8.324790	7.699201	6.160808	7.235623	7.983197	6.955612	7.656402	5.057434	3.441511	8.078666	7.298054	8.279193	7.903172	7.459499	8.032180	5.618798	4.967174	6.976353	5.915472	5.810078	6.629239	3.734113	6.671465	7.913545	7.836285	7.068365	5.173793	8.424922	7.935680	6.027694	8.542723	4.302075	4.286873	8.277311	7.730792	4.967813	5.637084	7.640244	7.156920	7.421097	2.906540	8.126533	8.419964	7.975474	8.352227	6.171722	7.327463	8.228850	7.952203	6.070804	8.411057	6.347539	4.962239	7.180777	6.229023	8.410844	8.524470	6.508172	8.559111	6.663712	6.845528	6.095800	8.533287	8.545619	5.193023	8.174995	6.951840
5.478529	7.117887	7.432695	8.551071	6.629293	8.528103	8.374504	5.019099	7.462560	5.524712	7.049341	5.679053	7.563346	5.761225	7.838882	7.558044	7.172574	7.152936	4.125198	8.451820	8.511899	8.351791	7.285173	8.013449	7.533353	6.659997	7.269826	2.578005	8.419737	7.773797	5.615415	7.601886	6.691794	7.366299	5.725268	8.222210	6.311630	8.375437	8.487631	7.486542	8.533611	2.183715	8.475621	5.614906	5.797450	6.855518	6.507644	6.507981	6.182771	6.459155	5.998544	8.481632	6.489693	8.407902	8.489145	3.786072	8.152106	6.676488	7.173991	4.680699	8.256345	8.052893	6.575747	8.282320	8.395681	7.409301	5.330240	6.502581	5.577451	7.919626	8.243838	8.555145	3.410922	4.065800	7.576232	3.516710	7.747328	8.297554	8.151543	7.383077	7.356548	8.556122
7.512635	7.481339	6.771152	6.257476	6.984408	7.155765	8.490836	7.798198	8.106127	4.505263	5.819282	5.664029	4.061267	3.999453	4.495000	2.803202	7.840728	7.422737	5.723643	7.677890	5.555029	7.635615	7.566262	8.080413	8.384660	7.214694	7.991393	7.842050	8.279374	5.166746	4.757961	5.887044	7.802048	8.067235	7.033208	7.940584	4.837384	6.880948	8.557820	8.216816	5.064889	8.297045	7.829912	7.842753	6.659040	5.724247	8.041989	3.534432	8.461998	8.472742	6.323851	5.705788	5.995111	5.376966	8.140853	8.504312	8.066757	8.060902	7.602531	7.665796	5.884339	8.169052	8.460907	8.351744	5.063896	8.236804	6.977044	7.934992	3.688607	7.606761	7.727130	4.820889	4.639009	4.500254	6.565768	7.158016	4.550902	6.277043	8.512776	6.251626	6.968147	7.337320
7.900983	6.309128	6.192639	8.036973	8.353364	7.872083	8.532530	4.714635	8.100288	7.802765	7.184574	6.673927	7.201493	8.376696	7.091877	6.907023	7.267749	3.643557	8.528752	8.324038	7.088710	8.448694	8.557295	5.891074	4.314673	7.395036	7.792716	8.349928	6.818592	7.810562	7.959136	8.498069	6.548509	7.604554	7.315068	6.642854	7.175311	7.957686	6.972196	8.289231	8.039713	8.042714	3.115687	6.005420	4.898041	8.018459	5.128108	8.107708	8.097116	6.516234	7.013660	8.451543	6.698005	5.787693	7.265586	4.359531	8.182137	6.896581	7.294616	7.986782	7.361922	4.291412	5.472600	6.284594	7.515222	7.025078	7.354992	8.201767	8.524490	8.514823	7.060652	7.769693	6.856005	7.910029	5.849568	7.797945	6.876462	5.580189	8.273019	4.652447	5.771600	8.525997
