17.960141	21.008814	8.885371	17.887169	16.251625	20.646199	11.625249	23.974570	12.101645	17.900743	17.614529	19.111620	23.562774	20.985078	21.797762	17.407590	16.789960	16.803872	10.638929	23.652022	20.440163	24.231030	21.295671	13.845586	8.925395	19.157872	23.410736	21.077599	23.145216	20.697693	22.668157	24.261904	17.113436	23.458938	23.272008	23.912673	21.500675	14.185695	15.088634	21.174909	18.654154	22.803889	10.794949	13.929568	23.476230	12.380466	19.412388	13.265520	20.785373	20.898686	5.744172	11.222259	24.124238	22.864080	18.926184	23.929768	20.921431	13.442306	22.158631	19.459775	22.318938	19.842446	18.252351	20.847587	22.426097	18.103551	23.416243	10.618229	17.726443	21.761892	18.464475	14.124135	20.598396	13.330578	20.523407	21.050348	16.547402	15.942381	23.871946	19.017307	23.915748	21.387593
17.407768	19.753717	24.183019	22.330520	14.330003	20.866434	19.520780	20.708273	19.126674	24.148903	22.735239	24.254495	9.965753	24.300986	20.533617	23.709408	23.169665	24.270416	17.564608	24.257402	24.267589	24.389222	24.216447	10.318181	11.450866	24.243846	21.887821	21.445107	19.301613	24.423551	21.550504	19.176797	20.725502	20.376002	23.734848	17.184156	17.920701	24.210744	20.625029	18.272829	21.971866	21.834596	24.136021	22.404630	18.170160	18.122036	19.576109	9.191809	21.139757	20.709696	15.494817	14.311862	24.387908	22.158840	17.341612	22.009406	17.961869	23.211953	18.640593	21.033530	16.218410	18.394943	12.747734	23.948405	23.949280	20.253703	24.175280	22.898043	23.196120	23.877891	16.088878	22.504368	23.326773	18.628927	23.793504	21.930713	13.455205	13.675650	20.546618	21.674101	19.053778	20.755555
20.250926	10.943773	15.368247	21.201983	19.369014	17.116033	23.776468	21.493811	16.933851	20.227964	23.632065	22.399983	21.624272	20.590280	12.462393	23.772606	19.426306	24.421317	19.267547	22.864218	21.401758	19.773115	20.346984	13.895145	24.156903	22.261144	15.373047	21.260321	15.534263	24.156542	24.060617	24.326152	24.109280	20.372748	20.781985	24.382343	17.309872	18.119813	15.776096	14.342710	11.630888	24.392719	5.535830	23.083103	21.702964	23.973368	17.883482	22.747190	19.907173	18.599227	18.007574	16.856313	22.611101	14.126247	7.495510	23.905975	21.903856	22.190984	16.898792	24.053470	23.321893	23.925076	23.690707	21.649988	20.217700	20.518904	12.424418	22.818278	17.534018	21.353497	23.671668	24.114700	20.482395	18.918321	22.459949	23.459066	19.910874	17.241492	23.687116	20.853229	19.440607	13.503444
21.562817	6.881501	7.105631	23.877902	21.621301	18.732754	22.620816	22.005565	13.365965	20.503065	16.994660	14.691755	19.910324	23.754022	24.195881	18.299320	12.028383	18.828149	20.949423	19.274161	18.989620	14.303691	18.694443	20.200503	21.249607	23.259580	21.435845	13.692150	21.184523	21.619020	20.344643	10.322278	21.047961	20.723774	15.122854	23.619668	18.942136	13.183410	21.020344	24.408646	10.117554	23.593387	18.196460	14.201320	16.720043	23.951678	13.120060	23.159021	23.382730	15.073869	19.830121	16.322795	23.727368	23.668346	23.911990	22.667085	11.555068	23.839514	23.488124	24.004552	8.879573	18.288040	14.865038	23.273905	23.467187	19.220335	20.988942	16.219004	22.773537	18.690072	19.616425	24.419410	17.732590	11.172626	9.414887	22.691518	22.358214	18.324665	20.540549	24.437377	23.087046	21.794677
21.593292	19.119349	21.163101	23.810042	12.107285	23.246950	15.022426	23.692699	21.261244	18.264103	22.339188	23.254279	21.376773	23.682110	23.763061	22.861555	12.228222	19.923642	23.939515	19.622121	23.804492	15.695835	22.811103	15.692245	24.146768	23.853442	19.358771	23.616069	17.677721	17.937549	24.362647	11.354195	19.207938	22.876207	21.611656	20.551096	13.696548	21.350962	13.866694	21.061522	19.758165	11.632493	23.508799	17.819212	8.737211	20.365150	18.514716	16.053599	10.207363	23.405690	20.641877	22.283677	20.102345	24.076498	22.739701	19.500854	9.563554	23.750360	23.333029	16.173108	14.312082	22.264369	14.600162	15.911325	12.537850	20.490739	23.715445	23.219972	17.464619	22.463810	19.715073	22.556657	21.882477	23.641590	22.907221	21.843735	12.386581	15.916504	17.074477	10.341172	24.035696	7.681152
7.403233	24.374585	22.874363	22.901141	23.930881	21.743857	13.209698	23.400222	11.411625	15.797704	21.483975	21.262698	24.395787	12.875758	20.727915	23.625375	20.568161	16.046443	19.241602	24.421108	22.265279	18.191931	21.306898	20.115924	21.226699	18.021476	20.574283	20.468637	17.742745	17.681259	21.199354	20.067215	21.191067	13.829483	22.097433	18.408742	21.757109	23.594420	16.398362	24.345344	22.444386	18.989430	23.817271	22.233565	23.173399	19.926578	13.770608	23.336174	23.481993	23.303867	22.936736	13.544933	21.987300	22.934780	21.800594	20.751375	20.983768	21.266275	20.622869	22.182018	22.009543	16.902745	22.554914	11.994736	17.046546	15.343911	14.145357	21.075785	17.878777	9.604952	9.994591	23.184544	24.090138	15.225641	17.565030	13.516895	23.231666	14.700430	22.671718	9.757437	23.783179	18.610186
20.199718	24.055284	22.051374	16.628559	23.560196	23.490484	20.175369	19.746898	24.362095	23.778504	23.578208	22.766091	23.437452	24.306909	10.961462	22.638930	23.116179	16.501145	15.782475	20.860540	18.442869	20.797180	23.536459	17.887405	24.012041	18.192455	20.417131	22.989367	19.040630	14.982260	20.097391	16.709242	15.903976	22.806231	21.297586	23.392837	22.164111	9.748371	22.665904	20.374487	18.614459	21.566367	21.912188	19.363419	23.405965	20.525258	24.041241	23.932289	16.269216	14.047602	23.965844	17.782002	18.605329	23.925721	20.613755	23.166095	24.316452	22.785757	18.367324	15.700412	11.175744	19.059550	19.960807	23.249796	23.222214	23.694248	14.937464	22.723337	21.150518	20.219274	18.744878	24.390222	22.956382	19.231534	12.964474	21.437494	17.224758	21.841818	15.567261	24.395116	23.530082	20.067092
23.779323	21.924263	23.318258	18.417652	19.634078	21.600630	24.431537	22.113897	24.306557	24.397740	20.269699	23.568995	18.795354	21.666035	22.118562	18.587367	14.146107	22.922353	20.445285	21.036292	23.252241	21.590188	15.907606	18.795463	22.516247	23.695372	18.513103	19.875480	23.248859	8.735484	23.239277	19.873820	10.953851	16.655226	18.334171	20.932753	24.204460	16.530223	18.804901	23.778267	11.725589	16.375735	21.236925	23.702506	22.808755	24.267098	23.146982	24.410430	12.522685	23.256810	22.653775	21.320496	24.038967	23.182171	21.893116	12.297094	16.172058	22.644440	22.904323	20.762888	23.086626	23.226593	23.138831	24.014226	23.164389	19.656524	19.784676	11.161483	14.384739	21.054669	24.084262	21.081576	23.940014	18.930471	19.862561	20.383774	24.251931	22.657318	24.354917	14.298294	7.526517	19.675026
10.772236	16.769795	20.084316	23.941351	24.436561	13.922099	24.192747	23.420735	23.357451	23.447719	22.913994	18.623627	20.331111	20.470073	18.141988	19.691017	24.394499	23.540086	24.147691	16.480990	18.676854	15.860755	16.121411	24.176523	23.588711	18.795034	6.039986	15.543716	20.026298	22.987010	22.979727	22.898825	22.364053	12.587291	21.326431	22.408076	16.923627	20.175576	18.923661	22.550436	23.579051	22.490416	12.213391	8.529653	10.659672	23.805813	16.704711	24.161637	22.686438	10.577728	11.939259	10.004280	20.180076	21.715225	24.185473	23.275256	20.024644	22.513268	21.864834	18.989324	21.691362	20.068471	17.213464	12.535582	11.972280	22.165459	11.147475	20.036097	24.246114	19.857666	22.748134	20.701701	21.615083	20.920605	22.129232	12.815788	17.139403	20.924229	15.522579	20.608305	8.536617	18.175683
22.806490	20.376571	24.415236	19.614785	21.932276	23.195867	18.300551	12.614127	17.161633	24.182972	22.185174	21.292760	12.481985	23.389663	20.193499	17.035614	17.279881	20.784798	12.373150	9.579781	24.406365	24.102525	20.750020	17.341823	23.910448	21.613021	22.294416	21.413837	16.667325	23.644562	11.186956	24.394752	14.272853	23.834038	14.983267	15.603268	22.291899	18.828657	20.831946	23.231460	22.592849	22.090923	22.128116	24.390541	23.836680	24.036359	21.289660	21.826718	12.961156	24.070236	21.247261	24.397670	16.558356	14.576930	22.966987	22.383588	22.412793	20.486534	23.638901	22.298075	19.402763	9.384036	15.496643	22.561350	15.093244	21.112852	24.020304	24.070663	23.754757	11.894562	24.192477	19.771306	20.007884	20.948881	20.512541	21.417876	15.954263	14.897201	17.635582	14.648178	20.520513	19.870044
17.600124	10.605145	24.168529	10.873684	18.415173	22.806757	21.130320	8.093173	23.849188	23.878949	13.359426	14.255224	18.599947	21.528293	17.762698	24.163155	11.061434	15.677039	24.170657	19.276930	13.224919	23.360519	19.738106	19.831731	24.438228	24.411871	19.740842	17.783025	17.766550	19.680105	19.411876	7.158775	24.183895	12.850220	22.893205	19.151733	20.367003	21.569533	22.604904	20.436234	13.503977	23.648423	11.353237	18.796841	20.849912	24.215539	18.773573	14.876261	19.752668	17.063955	16.483678	18.320063	20.572312	23.459861	18.480761	20.560277	21.318081	23.746287	16.136045	18.963424	24.283354	23.608928	22.586524	19.817168	8.930700	21.073887	23.016422	20.665438	19.416490	23.700086	19.709099	18.793686	11.597582	23.794031	17.258643	22.505920	21.055453	19.193814	21.349000	22.885800	16.975681	9.780717
23.783071	16.239157	13.296346	14.901827	23.377847	23.381394	15.022591	23.793806	21.586471	21.576992	19.454209	20.837973	23.891034	22.512940	19.951513	24.172796	22.682340	21.135913	16.035716	23.600720	17.886435	14.260930	22.523598	20.567719	13.688146	22.519171	20.325304	7.477123	24.114978	24.244877	19.768951	23.840705	15.916962	19.305876	16.274000	23.473374	11.847810	14.241222	19.866091	23.875376	23.109293	23.733790	20.641783	9.862270	16.150167	17.955274	24.343840	23.759204	22.446344	14.356408	23.942369	12.147754	20.976126	17.262621	20.932537	12.456590	23.319343	16.277470	24.089066	10.755041	23.159056	23.861564	24.067483	23.441323	23.154122	16.188347	7.759201	19.026102	16.224792	23.693862	24.439217	19.966046	23.941113	11.318346	22.073464	18.031144	21.998562	9.208191	22.086772	21.101945	8.982880	23.345172
17.505697	19.394882	21.603199	19.231848	20.928089	14.651795	7.884174	24.429720	13.066337	17.204703	14.913451	12.493638	19.391627	24.246782	23.399141	23.638995	18.590108	22.186442	20.147060	23.564221	12.198335	23.455307	19.854133	12.663740	23.244754	22.537424	19.644367	20.375540	23.950564	23.196128	20.635718	24.344560	23.290393	24.407110	15.686566	24.213814	16.907836	13.637916	24.280041	19.927174	18.426153	22.836643	20.315363	21.814000	21.835120	17.279225	22.315952	22.981239	24.093883	14.751079	24.074744	12.637295	23.463535	24.321990	9.992659	24.283886	24.406787	16.013785	23.444943	21.438489	17.442098	16.233778	20.867034	23.726220	16.630023	24.285424	9.441579	19.700333	24.434160	20.002678	14.666294	14.578908	21.410938	14.631226	23.975105	23.060376	23.384492	13.190194	23.903136	20.160283	20.881675	20.686731
11.577995	20.691911	20.055271	21.096152	17.601257	24.165719	22.824838	24.335163	22.751420	19.905308	17.346729	18.335871	21.470552	14.334579	18.583512	16.474981	24.130172	22.756595	11.219248	17.873289	22.961653	24.224759	23.544550	23.700466	17.287479	22.219361	19.545491	21.160589	23.557123	21.232984	21.338476	18.877685	14.055237	24.269621	24.217027	19.267804	15.461282	23.393442	23.894642	20.816441	19.412973	21.309863	14.204889	20.816294	23.505209	16.292050	22.691767	21.901740	19.166654	22.966810	23.389701	18.650432	24.413630	12.322056	15.206211	15.988788	19.764605	23.599072	21.380903	17.454301	23.145891	18.643836	20.656837	16.881544	22.419094	23.574978	14.415658	16.780324	12.604715	22.632323	17.324470	21.368889	21.808599	15.746642	22.351347	15.359889	23.275135	22.339446	21.720978	10.494114	19.418379	23.070653
22.324494	14.610032	13.154417	23.526630	20.510752	21.978499	15.712943	22.280473	22.281229	22.993256	21.443811	12.909694	9.337294	20.240387	24.166749	19.690753	20.990510	21.844105	13.501002	9.916658	21.046845	12.456154	12.218805	14.637075	24.082511	14.720183	13.655879	23.915290	21.038033	21.785408	17.620866	17.645848	21.056688	19.195674	16.345041	16.693432	18.406231	10.988373	11.537417	20.933738	24.258564	14.558553	9.085037	22.376927	16.836018	24.428710	15.327377	10.738141	21.707311	9.060585	18.286397	18.410789	19.424508	20.983095	15.632392	19.581981	17.324521	8.563379	19.389408	23.675244	12.686283	23.357107	21.809660	18.067174	13.579322	22.326000	23.754970	16.071874	14.081442	11.230441	15.058174	21.060692	14.170879	20.503992	24.265367	17.108354	22.406063	11.694445	18.655166	10.258102	13.902364	15.629954
23.562639	24.024719	11.193397	24.241496	20.347922	23.783742	16.575648	22.471096	14.267785	20.484824	19.365861	22.328166	16.605133	13.747528	21.412711	13.841657	21.883141	24.280483	16.147291	24.189609	23.277834	23.200432	15.251587	12.149203	21.771052	20.718922	18.695644	15.800326	22.040769	19.854176	23.767096	24.090850	15.814692	24.426883	12.590157	21.485802	19.218599	23.850544	16.614666	24.073115	20.732636	14.011530	15.401779	15.657189	22.200572	24.188823	21.222690	21.478817	22.238135	20.908482	13.022373	22.258576	24.069667	24.333389	8.760776	24.281658	13.559751	9.675279	10.291645	23.782474	20.452409	17.082281	19.607827	20.677904	24.278777	14.275077	17.947830	23.494663	20.553686	24.169433	19.058768	18.900628	22.710602	9.879509	18.089856	23.754900	24.112846	18.828609	23.928051	15.268401	23.883853	19.798981
13.497242	6.980527	16.857184	21.173905	23.234452	22.297236	16.760889	22.977167	23.703926	19.880386	15.913856	23.437864	23.239741	21.193574	19.174679	17.979586	23.071046	22.140541	23.893907	16.007900	22.401062	22.222651	19.135398	13.469820	22.464485	23.990101	21.289225	24.315851	23.506228	10.350416	5.993727	22.706502	17.286332	23.677794	15.500021	20.597572	24.336557	20.205984	18.808512	15.377904	18.630451	16.478278	22.438248	18.298499	22.945624	20.924466	17.331743	15.044013	10.768355	12.031633	22.569752	22.367832	13.215951	12.155363	17.782812	24.362393	10.682039	22.078890	15.709194	18.785334	16.493867	22.107276	12.102149	24.280731	21.543883	22.475950	23.895736	24.400237	22.998922	23.770017	19.748792	22.514069	18.891057	16.810959	10.372903	23.301124	22.154208	24.264019	22.993876	19.867575	22.809415	18.933152
14.663718	7.303535	23.710276	22.509645	21.879737	16.127518	11.730105	14.300080	16.549344	15.434020	21.172395	14.425457	15.369910	17.162950	23.467761	24.222421	11.751209	23.728691	8.956495	18.899956	23.299232	20.943777	24.035837	12.720185	20.289168	23.958705	22.990014	23.793312	24.142067	14.440479	24.093898	15.796932	10.243609	17.555347	21.711184	14.859526	18.088567	21.119309	19.422356	22.137611	23.777064	7.451399	22.424287	24.421015	23.415774	23.410865	23.454261	20.649225	22.795478	24.205178	17.722496	9.167343	22.153851	22.770053	18.153231	17.982616	17.613049	18.669701	17.360030	22.224483	19.731230	13.005273	14.385886	23.560821	24.078653	21.661705	15.187026	21.274610	18.894771	24.045330	19.082095	22.428669	22.439940	24.265904	22.845983	19.418589	23.732371	6.868258	22.341738	23.405503	23.927100	16.917086
11.067257	18.846345	16.174947	22.636069	23.668669	19.599184	21.480005	20.182535	21.442574	24.094151	21.509272	24.439459	22.474619	20.714830	23.437444	21.665621	22.899104	23.926862	23.841017	23.366658	23.882491	21.952230	17.961721	24.063785	18.479197	22.039556	22.635684	15.528301	20.105623	22.441082	15.778414	18.783264	23.818889	16.805898	20.460861	15.417648	24.297254	17.967458	19.249233	24.056920	23.028555	24.130009	24.141738	24.164206	22.925320	16.947271	13.688296	18.237818	17.276780	24.290274	14.163111	23.053939	19.760850	20.600998	19.322581	23.845406	14.744889	19.423958	24.278258	18.051741	21.620008	18.131668	9.076312	17.927410	21.780741	21.685976	22.519210	23.661402	23.506209	24.260379	24.428299	12.893320	21.557537	22.874273	13.859987	22.180377	20.463474	17.143679	14.072618	21.004362	22.060684	15.803868
21.757101	19.604177	23.455816	19.448931	20.248546	13.648332	16.423173	23.183187	23.317319	12.780455	18.268561	9.207616	24.321042	22.282059	18.961154	18.720357	23.353667	21.848366	23.821363	12.370292	15.116255	24.305419	24.412160	16.951474	24.211434	13.221078	23.252050	15.506580	17.165317	19.447478	22.677427	17.644095	12.597344	10.964994	21.828064	21.868787	23.428254	21.041949	17.170296	21.568779	17.984652	21.016276	24.320648	10.750410	23.016938	21.091475	23.971711	8.736468	21.209050	24.321491	18.945385	14.057474	23.576256	20.541020	20.901623	19.656921	13.229397	22.050449	17.972641	19.395278	23.827759	17.946854	16.982640	7.314419	9.236940	17.585330	20.903081	13.584832	13.753147	16.963698	19.395992	20.988676	23.324498	19.478211	12.161553	21.664576	7.082796	18.984904	17.373486	23.384082	5.002500	18.570476
19.832520	21.356323	20.121171	24.113477	14.499120	23.986497	15.214779	24.265070	16.609545	7.395159	24.418662	9.485345	17.328763	22.734703	21.606177	22.343800	17.752898	24.383656	15.666726	11.481692	19.576481	22.164138	23.647763	22.536546	22.439574	20.804105	10.767321	22.769167	12.743299	23.624256	16.905559	20.379774	23.765776	12.202378	23.861956	19.394433	24.218974	17.671197	13.155035	15.996358	13.814805	23.638776	18.911496	24.241303	23.934920	11.064022	11.655962	19.712810	16.508999	22.086902	23.895531	9.868160	19.989896	19.786898	23.955859	24.439734	22.712112	14.568258	21.373439	21.270625	22.448143	18.920862	23.200591	22.256400	10.637219	12.813957	19.571557	15.022625	9.479537	22.223113	19.491800	21.031517	22.234391	24.421835	20.066404	9.137588	18.022380	22.436732	9.372193	23.235609	21.463144	18.191076
23.778194	23.218492	20.108677	18.205921	22.963189	23.056265	23.918037	24.161811	21.881291	23.077107	23.410706	22.792365	18.087594	9.052805	20.969541	20.924433	23.260167	11.789980	18.410732	24.424884	17.764919	9.609625	19.098848	24.078031	18.158397	18.657902	22.951091	23.156842	19.583892	23.911979	21.469982	22.117915	24.258995	13.832960	23.046325	24.282801	13.112096	15.817129	18.290979	19.235558	15.698369	23.577868	24.100545	20.271859	21.551337	18.389073	6.919077	8.948803	11.461558	21.395119	17.249778	24.105641	10.784844	7.959255	12.644513	20.091744	24.177842	23.248159	15.460338	23.781102	23.827751	24.276734	22.363617	22.455643	10.021741	23.928543	19.301160	20.239158	24.375551	17.615393	22.297623	19.455109	16.595594	23.565544	24.107398	24.377254	11.754077	14.998115	6.533314	17.913448	20.142088	10.867977
13.330749	19.777223	23.692590	20.849076	23.444967	18.866547	21.225527	22.728929	21.904813	20.205903	17.861336	21.010967	13.465223	9.318849	20.953129	12.456895	24.169191	12.757078	22.306883	20.194262	23.189458	13.586691	16.071205	21.375777	24.305776	11.483394	11.800168	24.432320	24.366218	22.515634	24.319167	23.134916	13.733591	20.482097	17.150523	17.042219	19.099451	17.824558	17.801563	22.629020	16.360585	16.399224	23.339589	20.165410	23.916771	21.280207	21.683596	22.168620	19.575316	21.215734	11.925464	23.297180	19.587602	24.166848	23.425790	24.098303	19.456050	16.737352	13.765527	16.151776	11.958155	24.255828	9.921575	21.047183	17.585663	23.516749	24.131215	17.428150	23.124196	19.510330	13.213332	10.414473	24.168281	20.218527	6.817209	19.790569	20.698993	23.683989	22.634633	22.824234	23.512386	21.624894
24.405203	17.211905	22.050551	14.164175	18.862907	20.543697	24.222246	18.490897	17.892778	11.133253	23.281755	18.293974	15.048850	18.891872	7.599465	12.910693	14.885137	15.522725	23.990564	17.431861	15.116764	22.366344	24.218546	7.476503	19.970865	18.830355	22.674576	23.800427	18.242800	24.219015	13.565491	15.494767	22.808342	11.140788	21.863547	8.308889	14.247054	23.251802	22.308230	18.311903	23.207689	12.979809	17.980850	24.230845	15.445315	20.798888	18.463667	22.179313	21.683386	23.436439	22.323966	9.112484	21.602538	24.230171	17.479290	23.488850	10.892870	23.589971	16.148985	19.176815	22.785200	21.066658	23.162225	6.545869	18.062829	13.334405	24.409017	20.903577	23.979667	24.094247	22.289342	17.952515	17.591311	21.441686	16.300650	23.539046	14.297444	20.224480	23.921373	21.834282	21.752133	15.398456
19.966834	23.429990	23.416897	24.345453	12.690436	19.896957	23.492766	15.655791	24.070315	21.964566	23.997918	15.816729	22.175622	24.403594	16.068978	20.185919	22.165864	19.319460	21.871846	19.945750	24.363408	24.158672	21.913872	22.899138	20.478691	15.772911	23.123635	17.688814	18.638486	22.925649	24.433713	17.449038	24.436829	22.112907	15.210616	23.114858	18.955084	23.784866	13.420056	23.455000	16.807405	22.036272	21.036518	24.176803	21.229188	11.883616	24.015719	23.217126	10.688765	19.547799	12.949535	23.587110	23.124250	24.138013	24.431681	22.841838	12.352554	21.807883	21.481784	22.850022	18.545091	23.626008	20.495628	20.357760	22.888386	7.499985	10.164169	21.894974	23.205100	13.810612	17.752401	21.393401	14.601123	23.412840	21.178821	24.426213	23.363148	18.580955	24.017554	22.530866	21.885344	16.137604
21.150292	24.207644	21.815081	9.563550	21.684421	21.392237	24.316217	18.684423	23.475552	22.714696	16.213054	24.160691	19.395503	20.199798	19.292097	23.244279	17.537345	23.626408	24.427016	14.914075	19.354897	21.922203	16.770572	16.980400	21.768036	24.329211	24.380929	12.619084	12.360758	21.466272	23.192884	23.411269	23.289285	21.964623	22.019459	21.312826	17.506025	13.588986	22.797128	20.458989	18.497824	21.474407	23.565121	22.617827	19.293849	10.992627	15.014737	20.824972	19.415275	18.166284	15.096792	22.749837	23.833247	20.983761	16.244655	21.497415	15.337428	22.971287	23.192316	15.463282	23.171932	14.741584	23.513824	15.521093	21.484665	20.458867	15.050774	20.103185	24.401804	20.068840	21.575618	24.430576	10.670594	8.607559	23.445433	18.822143	21.370213	22.989218	22.199973	18.484755	12.865642	16.524046
19.506625	22.092130	12.485102	23.951827	23.568732	24.303583	24.397160	21.742864	16.172870	21.226183	22.643471	23.250549	9.264434	12.989035	12.499658	23.908638	23.745020	17.867074	13.675476	9.860324	18.582724	22.072032	21.577143	24.143900	17.636682	10.094474	22.873958	23.050838	19.656224	17.367139	8.386298	20.174472	24.197519	22.586365	22.797305	23.751033	23.056945	21.615019	16.760992	21.745503	17.276855	17.718481	22.621365	24.249707	23.315924	16.267744	21.041137	20.693718	23.801157	21.383685	17.876754	13.653588	19.263084	22.598698	9.784356	24.064333	16.092223	22.593796	19.595660	19.631861	23.655427	24.169984	12.585040	22.811299	9.308388	15.324916	23.485645	20.187249	17.599177	19.021080	22.646469	18.816701	23.372009	24.364580	18.223253	14.599432	23.262906	16.334404	24.192298	22.744577	23.760474	10.620951
23.325780	22.605048	24.242935	21.043938	21.398711	20.611234	19.626955	22.632466	21.483090	19.273027	22.108671	12.446492	20.857210	15.708916	15.327846	21.070312	21.019746	22.784112	20.286828	15.085057	13.950479	21.368853	15.296019	22.335374	17.178952	13.836449	14.110550	24.166846	22.718380	23.516771	24.435925	22.093203	24.331127	23.052132	23.800883	22.801042	23.648537	14.417268	23.495684	19.764645	20.243380	24.084257	23.665576	14.797152	15.998822	21.837594	24.049891	23.298831	23.419583	22.551031	24.424337	18.801593	23.100988	19.803854	15.926221	16.256464	23.018141	11.751493	22.938892	21.604821	22.711053	15.489293	19.182213	23.885118	13.938632	23.598078	24.364889	20.612303	19.145729	15.129721	13.559400	18.767816	24.360542	16.835783	17.338329	18.841048	14.631468	13.873836	8.243002	23.219732	23.569687	23.378197
20.465383	23.970974	21.984906	22.766155	19.073426	21.931472	16.732750	14.489132	12.887879	22.563706	21.420456	19.172912	19.756791	22.065616	24.045214	19.600752	22.911295	19.029438	13.895962	21.390006	17.550746	21.551628	21.361737	24.104047	21.521371	13.101978	16.004058	17.854823	21.623534	18.375728	18.180910	24.078618	24.244112	23.979309	23.972284	23.627507	22.176721	23.832801	21.908726	11.349169	19.129116	12.400985	16.925972	23.856299	21.804722	23.552764	20.937014	17.211359	22.998697	21.370613	16.113855	22.344581	23.625626	18.075044	20.776909	14.783292	13.960114	10.748117	15.164125	21.439830	14.039470	19.087165	22.334121	11.333399	19.681260	14.102930	20.140714	19.275261	22.550229	19.567496	22.650255	23.880361	14.264492	16.181061	20.321824	10.830326	15.050995	12.874237	22.471000	21.013446	23.945039	22.327967
23.489863	14.589113	21.974907	23.884667	16.463687	21.515315	24.393156	16.574706	19.636730	16.428944	16.352621	22.886918	24.289207	24.127154	19.033442	23.939116	22.955762	20.304289	23.618612	23.560764	12.091043	23.467956	13.330184	23.866399	23.745892	15.861641	9.303624	19.185957	23.345818	17.315318	20.626526	23.751034	24.348433	24.092363	23.111295	19.908942	18.992320	21.376323	22.261798	17.549001	19.268865	21.405709	24.110003	18.750389	13.781457	19.679935	20.961989	23.544392	18.027559	7.175499	10.014222	22.785403	23.600956	22.535398	24.338594	19.606557	21.704470	7.027828	18.251798	23.367054	17.582055	22.304082	16.333445	24.087274	16.122116	23.987121	22.696225	23.991723	18.366179	20.121829	22.818470	17.840352	23.031768	23.555252	14.243365	15.128301	11.942044	21.403826	24.095079	13.870816	24.257214	24.054057
22.691083	6.158540	17.091877	22.372832	13.435493	24.143543	21.694184	15.574817	22.050644	19.255576	19.901576	10.716530	22.916567	17.363434	21.762719	23.564843	20.960837	9.545251	17.164608	13.984181	20.165476	21.795993	22.411354	22.942728	22.845481	19.443126	23.777607	21.454882	23.812069	23.745841	10.762329	22.947175	22.991537	17.508967	23.188538	22.340709	22.876265	24.214667	21.514984	23.618730	15.447084	17.915645	15.876912	22.985133	23.914162	16.497383	22.613635	24.006985	21.065630	24.395228	23.836030	23.654716	24.407776	21.039014	23.840485	22.499196	23.770816	21.465651	24.389867	24.434434	17.186143	21.002810	18.606548	20.915801	24.041361	21.918534	17.990362	17.479817	13.215702	22.110475	23.807156	12.075655	13.110858	18.823337	20.934083	21.991997	20.713434	19.105829	11.847072	19.913749	21.645043	16.993699
24.383086	18.316365	19.391834	19.669551	21.976990	21.747159	24.295479	7.009768	21.403855	18.699286	18.140569	6.205212	24.234775	24.411006	22.621303	16.676215	15.268322	21.003695	24.174011	23.939837	20.693643	18.056401	23.495726	23.924970	8.552408	19.535419	22.326143	24.116079	23.853009	24.413412	21.158599	22.093912	16.532049	23.307668	21.908224	23.521008	14.030678	20.483382	18.661200	20.957664	13.143718	22.881407	23.650013	23.845292	17.208777	19.402340	24.206910	23.056163	21.353056	18.677965	19.214354	17.922124	21.389025	14.131623	22.624102	23.234205	17.133581	14.533237	22.631821	21.853420	23.449406	23.009941	23.512920	21.864146	16.330096	21.270558	15.613433	20.059008	18.016083	23.018799	24.413694	13.318427	24.165294	9.780737	20.443733	22.729695	22.752344	21.613766	16.867201	24.286051	16.924229	24.023062
24.257724	11.411601	24.013176	23.296738	20.032056	20.194952	16.916687	23.077803	17.136329	20.684071	18.807233	21.674204	24.122713	23.292060	20.226169	18.745067	21.505233	20.013544	23.503900	12.968239	23.184091	17.407088	24.339499	23.748481	22.791229	24.100689	22.914128	23.602964	14.735035	24.295085	12.774759	21.984712	17.170505	23.593091	20.951205	10.002162	19.871343	20.713786	15.858812	19.437888	23.092393	18.986744	18.335939	15.363269	17.368071	14.230948	22.625196	22.754137	23.296128	22.129879	22.492535	24.200793	14.839499	21.826517	13.023235	19.110761	14.975590	23.936883	23.761902	18.923762	21.352879	19.604459	24.424468	17.715380	19.555571	24.195259	19.221154	21.535906	21.372332	20.480089	7.402075	14.551003	19.913305	23.313010	21.015864	24.416842	11.275733	21.989233	22.598705	24.126920	23.762192	16.667954
15.125190	23.885732	23.764073	18.167634	23.708474	13.381502	21.740691	20.961113	11.162281	14.425957	21.249015	23.950731	16.158434	21.903614	23.627240	23.237054	18.240865	24.438486	22.398852	15.838678	12.072085	23.670800	24.383023	24.315386	18.815584	20.738715	24.403208	24.072417	18.508509	22.664785	23.691147	22.576778	20.712687	18.348010	19.556131	11.202473	21.385079	15.225020	24.275041	12.581758	22.105010	24.374274	23.779273	5.730019	13.202719	15.522775	19.156635	16.775015	20.289390	17.913024	24.332828	23.514267	20.572788	21.415567	23.155477	23.270269	6.749600	15.535581	22.741032	21.686436	15.218871	22.995111	24.330789	17.682228	21.231554	20.778456	24.083026	20.475171	16.096277	23.707312	19.877763	19.789896	10.237614	15.495412	22.518086	18.693436	16.258947	24.050582	15.348698	23.026617	15.242291	19.925775
24.134327	19.960824	18.625553	13.865103	23.216451	22.214247	23.853242	24.375600	21.030555	23.604365	22.525497	23.507296	16.187056	15.359075	20.468244	21.750380	18.827634	13.645503	21.737683	21.611902	19.846269	7.855301	12.484522	20.422410	23.076454	20.933770	23.519704	23.451652	23.050926	22.048890	22.246043	21.968087	24.120076	16.796811	21.880853	16.219840	23.677073	23.795686	24.174268	18.765766	22.927541	21.122286	19.618471	22.643491	22.052579	23.432987	22.180673	24.318801	16.809110	12.414694	24.056620	21.659591	11.876249	24.176468	17.461092	24.331413	14.658426	17.971696	24.257667	20.156462	23.810103	24.420419	20.648865	21.170099	19.123692	13.936676	21.962967	21.761938	20.923713	15.469595	14.982264	20.362203	23.977419	13.321516	12.660979	22.616009	21.902544	24.128015	19.066789	10.826780	17.268282	14.500156
19.290115	23.908731	19.609170	19.271247	23.588271	18.818295	21.198141	15.702840	17.030709	21.549196	11.597321	18.844566	17.735477	23.321444	23.625765	20.540541	19.773015	23.215116	20.562276	17.294453	23.475973	21.995970	15.895734	19.899571	21.449048	23.861183	21.347060	20.918515	16.180751	16.543805	24.307330	23.664392	17.267414	17.485582	23.842556	18.765263	24.027152	23.854333	10.128745	20.472249	17.339243	20.857773	24.375485	20.283867	17.865634	24.373034	18.548308	16.044514	22.201530	19.727070	20.857035	17.440896	24.434300	20.580707	19.466771	17.056792	18.007088	23.657696	21.889886	23.458865	19.021809	22.232865	22.648661	17.371013	23.916973	22.960570	23.647454	22.709169	9.559613	23.125270	17.762098	22.889729	21.819340	22.220486	23.565945	20.436425	14.478795	24.007167	15.316378	22.522657	20.519690	18.838674
21.859917	21.165975	14.347148	23.921982	24.139619	23.832864	17.827099	16.843958	17.415948	24.275481	24.406672	11.235956	20.172456	13.543117	21.362233	15.158850	11.774109	23.864442	23.536426	23.526146	19.631694	4.976820	22.474535	22.968068	22.080808	13.738202	22.909540	8.414002	23.503434	19.103508	12.113287	22.082871	11.752568	12.904412	23.559352	18.213864	22.663778	5.600838	19.165944	21.125984	18.059986	13.789347	20.796034	10.719795	14.933975	15.411764	21.900511	23.462728	24.223205	19.237538	12.710556	16.810038	21.217808	19.531652	23.853002	20.442750	24.137283	17.314836	22.943445	24.065721	17.519957	22.213333	24.234616	20.142808	17.001881	24.389515	23.727854	22.910809	13.097277	24.167424	11.488514	22.089479	16.352591	19.972025	17.466514	24.182582	17.654901	18.262421	23.429333	24.401940	24.302162	16.672329
15.314010	23.503073	17.932097	8.604925	22.530530	15.158188	23.233219	22.183225	17.177260	19.516076	16.782267	11.098502	20.142082	11.455043	24.020088	20.962550	23.567940	24.336225	22.966931	23.531458	9.862195	20.245622	19.199992	13.702432	18.257968	21.220233	20.311549	22.593533	23.055967	21.088478	21.395202	23.019264	17.751288	18.969733	24.360898	20.176967	21.233769	20.880773	18.657413	22.487400	24.434795	22.479097	20.354557	10.945336	22.256146	14.296307	22.694327	14.041052	24.415284	16.239418	20.224980	23.193113	21.062899	21.667221	11.143349	6.342847	20.780525	21.406223	17.858790	20.796850	18.843113	21.913147	21.586626	22.598353	23.741034	18.691803	24.217928	21.701790	5.674429	20.973114	24.228062	10.306873	21.220856	24.216075	20.653099	20.796654	21.853638	22.627166	19.020742	19.947891	22.396351	16.658530
24.018285	17.658470	23.452578	17.952250	23.993422	20.355880	23.380565	23.982238	17.976194	16.047521	15.143837	22.718442	15.828744	24.290077	23.292092	23.972329	24.069544	17.662052	21.692838	15.865702	19.422928	23.712084	22.972195	22.486656	19.581973	7.139821	14.277913	16.996007	22.893437	20.930566	21.307485	13.283732	16.184032	23.635970	23.709395	23.225196	22.010067	20.345903	11.036336	21.059528	24.175381	24.385188	23.844062	17.498676	20.444727	20.829495	18.673571	23.901596	16.288200	24.405767	12.735053	21.592223	18.821518	23.474065	20.537131	18.771022	14.374770	15.762285	21.383272	19.510431	13.876641	14.670624	20.534956	12.744686	17.725732	16.429556	18.846750	17.652472	24.082126	24.224033	21.075901	24.193740	19.523565	14.572753	17.619506	21.298146	23.084694	19.352589	14.499993	21.486805	24.202292	21.061115
18.594867	18.199477	23.031466	23.079461	20.221252	24.048255	6.988127	21.092268	17.836278	22.176781	23.586366	23.569215	21.502876	24.083300	15.146317	22.532458	20.774345	15.334345	6.368999	13.924786	23.612559	18.199320	23.863204	21.972776	23.499935	20.129910	19.490434	17.018936	22.065617	22.496907	22.472507	16.091565	19.764649	22.714776	19.007355	17.114984	18.200559	23.852947	21.029556	6.511093	12.138482	21.384406	23.873578	12.355345	20.096124	24.041580	23.266307	16.567927	24.071046	21.391465	23.430126	12.635845	20.405575	20.279256	15.881692	12.697296	14.070753	22.252141	21.231084	17.757548	13.974779	14.875834	21.528922	17.186551	16.947211	23.418324	16.235082	24.089906	20.060462	16.998047	11.464300	22.874379	22.677035	20.032216	11.081407	23.369042	21.806775	22.352001	18.323451	22.807589	23.754931	17.492549
19.435611	21.670392	12.095673	23.195149	16.316627	10.272123	23.120190	13.030209	18.467872	16.197665	21.259135	19.886823	21.064769	20.037765	9.493676	11.544964	18.362871	8.045930	21.521149	24.034044	16.173920	17.448606	24.438667	18.112979	9.319078	20.432837	11.227086	21.071688	23.366463	17.017236	21.212616	21.194355	20.442132	15.669588	9.428647	17.672595	21.718379	10.881220	16.975676	23.350707	18.100346	20.430844	22.742797	19.914726	15.626118	24.117719	19.958872	23.268733	20.698918	24.273565	23.954152	23.883962	14.852227	23.191765	21.784117	21.224574	17.029104	24.419773	20.258686	23.730733	15.394484	16.096876	24.173990	23.375825	17.920431	21.066977	23.086180	24.291766	18.698778	19.564151	20.902731	8.423335	19.458244	22.989990	11.383018	23.856939	8.610986	18.463775	23.004252	13.654935	22.875152	18.236130
15.309614	24.177433	23.303951	22.306851	20.758198	19.977930	23.878578	13.194120	17.976399	23.209460	24.404032	18.907324	14.943709	22.559399	22.464649	23.517961	23.955449	24.136945	23.699324	22.155891	22.925080	20.905849	15.217335	15.622626	23.851068	19.293600	14.625286	18.957319	20.035422	20.620002	15.503478	24.249865	24.409580	23.625150	18.477146	24.215447	18.697041	12.464691	21.246859	22.683558	17.257910	16.915179	22.277108	23.574451	11.459323	16.142571	21.907455	21.754604	23.769409	18.855987	9.701915	11.961266	19.780013	22.559654	21.719556	13.065441	22.076053	14.532828	23.097037	23.995271	23.749957	23.587004	23.860878	9.618814	24.072858	23.717567	22.924328	24.406807	23.644142	21.964093	21.647229	19.779671	23.881989	19.566574	21.909759	21.652836	20.456237	21.819683	8.486408	22.252747	21.545661	8.603273
14.866610	21.060548	12.880580	22.030752	21.528284	21.866491	17.056903	18.985978	17.740043	22.289223	24.436127	21.945293	23.113561	23.552505	9.819016	22.215175	16.466252	13.176608	19.069803	23.789948	16.919520	20.863448	18.954652	9.193269	23.234272	18.069099	22.238095	18.161513	24.270362	14.543233	22.723184	24.379029	21.079063	19.482983	24.356938	24.231036	8.787588	21.564224	21.620607	18.001200	16.263607	23.004718	22.895498	21.125951	17.638928	22.827733	19.040007	18.905404	21.275545	7.085120	13.659306	7.895545	23.669427	24.203718	20.554255	22.224849	24.089541	23.223611	21.495827	20.882685	18.623661	17.767484	20.527584	21.781083	22.128370	18.575477	24.291896	21.152623	24.332160	23.885733	20.050981	18.615051	19.915400	19.897077	18.444865	23.806178	21.409278	19.416592	9.113295	20.242411	23.987564	20.274110
11.498125	23.478311	20.686697	18.015718	22.656510	21.188241	22.048279	22.570676	19.664466	22.151109	23.809125	9.976872	23.560432	19.360422	22.656030	14.932614	22.345196	20.867115	21.545540	12.520616	15.796185	19.268156	19.622408	20.050475	5.473007	18.820718	19.612829	22.226351	12.114764	12.511927	23.127493	23.035123	20.864341	22.768344	16.102898	12.253034	24.411054	23.838532	22.665161	11.440578	21.078320	17.571886	24.116151	22.653544	23.205211	13.492736	19.912802	22.561553	24.327587	14.654925	12.885946	19.027254	8.370415	15.938749	19.887097	20.357873	23.638547	24.093694	10.897794	22.168669	19.940402	23.791325	22.357351	13.213533	8.283315	19.203474	8.411773	18.784897	23.481528	21.117487	23.156420	18.800109	9.734996	23.951485	18.550809	24.270477	23.729892	22.692937	12.448120	16.356024	23.210609	20.848499
14.562687	19.753526	10.466403	7.521046	18.134133	20.314439	22.805809	22.862778	22.931456	15.747272	14.027040	10.152449	19.600005	21.586145	20.286643	23.736559	22.648488	16.672479	10.408676	17.081156	16.598030	16.485455	23.399601	24.345662	20.739578	21.448491	24.379272	22.724176	20.975449	14.664506	12.791694	17.730581	12.839312	23.668059	21.364646	18.400350	21.284080	20.906078	23.318653	23.478018	18.332945	20.591400	14.519900	24.328070	23.910501	12.924366	21.758872	21.938291	21.026497	21.361790	15.508505	23.346174	23.887843	23.875289	21.022952	17.428748	16.098714	9.183100	18.812508	24.430214	21.870659	23.617962	22.197182	18.223654	22.582810	17.112133	22.273325	22.634538	22.731761	10.253849	15.500348	15.907668	19.774931	12.772556	21.362237	24.397020	15.368664	24.116801	21.057860	22.952038	21.461326	18.079726
23.270682	15.325337	19.489992	15.511688	20.586867	19.404634	24.228425	17.625624	24.429174	10.670680	19.471527	24.077042	15.425699	21.425802	19.921129	8.725386	18.020069	13.020009	23.221400	13.734095	18.627805	10.795586	24.168419	16.022127	19.967329	21.775885	13.896739	17.318795	22.924883	18.876364	22.558562	7.307582	10.933895	15.092514	18.200661	23.556511	15.323365	22.495798	20.337465	22.191113	20.206505	23.272306	18.801561	24.254003	21.799009	20.697723	22.474274	16.908842	23.162835	23.868012	21.590536	15.182619	19.787992	24.371776	24.164461	23.173854	24.343588	19.603364	13.975916	23.926557	21.768316	22.949979	19.255725	23.454357	18.707444	23.529349	22.073106	15.901552	21.956708	23.476941	17.574124	17.553254	22.913063	19.716772	21.111015	24.314524	12.611897	16.598376	20.404813	24.397375	17.498574	18.899659
24.255234	24.406081	11.238228	24.216540	23.959184	22.039653	22.953156	23.926958	23.648807	12.993055	15.992074	21.666551	19.861349	20.033142	15.668177	21.084477	23.901399	20.371192	14.543704	19.920346	11.354853	24.360789	22.769197	21.350901	23.848414	17.362715	20.842985	24.143458	19.664794	15.909863	6.084615	20.675839	18.712350	20.674771	21.723472	17.327648	13.841226	18.642986	24.213682	23.000907	23.574360	11.287532	20.426512	12.522888	9.305591	23.408404	23.457691	16.551949	22.578632	23.411336	16.922646	23.889235	22.731244	16.514159	11.573189	24.338184	22.116259	14.368344	14.861574	22.967085	19.798594	18.612694	7.408653	20.839851	19.874059	24.269479	21.941102	17.270334	23.937564	15.351315	10.556763	17.960239	20.568202	19.957999	21.678093	18.919847	18.036298	10.148178	24.396953	23.851481	15.378570	14.030829
16.947286	23.612552	21.239873	22.348696	14.806042	18.601084	15.485123	23.309630	13.246623	17.499379	23.353270	20.941673	13.211881	22.447908	21.594243	14.294318	19.872315	23.212756	23.095198	18.516770	23.897288	15.229854	22.200231	14.291429	19.517387	19.025523	24.354085	24.124220	18.802920	19.039120	10.103892	16.039556	10.623308	24.435063	21.258031	24.203625	23.175786	13.596860	23.976493	24.024307	16.704250	20.822941	23.355907	17.377122	16.940966	6.280415	22.261294	23.228970	22.370833	13.516894	20.540323	22.952921	16.826833	22.702173	21.989844	15.226451	24.028181	16.897076	19.992386	18.235068	24.363589	9.173820	19.526008	22.317663	19.695913	23.323915	9.727206	22.545364	14.497207	14.927980	19.951341	22.860517	17.446652	20.912666	18.946772	23.176846	24.053209	11.936700	5.367733	20.622295	22.706109	22.509845
19.022006	24.199119	22.701491	19.315822	18.528274	11.122565	21.729330	24.049951	20.436462	20.807731	15.198566	19.150128	16.554319	22.785499	21.390075	8.740466	8.700471	23.249170	23.064512	23.406846	16.386236	24.140102	18.018382	23.846627	18.921814	22.045634	22.952224	24.383749	15.147023	24.391820	23.495371	20.074312	15.195320	24.088490	24.315466	19.547085	19.836159	22.408812	23.317582	24.079317	24.160261	14.616109	24.065557	24.123723	21.317921	18.440623	14.508910	18.491822	19.389041	11.733494	17.626275	20.018475	20.409365	18.167189	21.163309	23.222254	12.385770	20.962981	17.512173	23.301930	19.382565	17.957546	24.137088	20.004629	17.031145	15.279446	22.011496	24.413504	19.282426	12.705677	21.529858	23.073368	20.670757	23.162919	21.059772	14.093905	22.842759	24.409563	18.014512	17.956233	17.660411	13.255228
15.908574	24.269412	21.759751	20.041284	23.732726	23.316441	18.536571	18.221122	23.364291	14.153059	22.208028	24.026130	20.414682	21.912526	23.925424	22.042409	12.743287	21.336131	17.166499	9.315139	23.599898	16.072400	22.755988	16.050568	20.443260	23.087375	17.236933	20.172586	20.557000	17.867196	23.239968	17.586666	20.026573	8.149575	22.701163	20.448814	23.913999	16.242189	20.881084	22.991122	20.991173	22.004285	18.792239	22.180856	19.386422	19.065363	20.400269	18.147000	23.336266	17.918978	23.251004	24.251205	11.512887	24.166547	18.632183	24.172937	23.755693	17.492276	24.336900	22.558238	20.946854	18.862268	8.209372	18.131908	23.247780	16.233725	19.398276	18.632531	10.885820	23.612986	20.546816	22.898953	24.233555	15.486349	15.680016	17.822981	16.942347	19.993001	13.031327	21.331086	24.033912	22.217431
21.289711	20.227047	21.970236	14.114703	20.803488	24.333485	20.983856	22.944314	20.686664	18.712083	23.992158	23.103176	12.474156	12.243136	13.551600	20.995166	21.551804	24.107335	23.711229	23.287366	16.116196	23.956855	11.585591	23.518598	7.211436	11.028507	18.808477	22.240481	24.417091	24.245118	24.413607	23.883346	22.758175	23.460010	18.399211	23.776968	24.417625	22.099475	18.427856	15.167614	13.835620	19.411094	23.887117	20.174695	24.371124	21.856940	22.411790	23.533083	22.391716	23.722328	20.185080	20.205737	23.374417	24.040132	19.256415	21.929411	22.780308	18.145540	13.163672	21.190438	12.672195	16.701490	18.136989	19.090782	20.632536	23.332195	22.016575	21.232569	23.284747	24.275418	24.159934	8.864223	17.518303	15.749174	23.223138	11.674465	20.957018	20.705321	22.638255	23.360046	10.788643	8.821748
21.836237	6.629916	24.412055	20.416498	14.604658	21.264544	19.737556	18.875524	6.266221	16.310163	23.021708	24.195674	22.719756	22.806753	17.056362	24.256524	16.864139	21.464705	15.567411	21.045483	19.959316	18.350581	23.334657	20.039958	9.576731	20.430822	23.764340	22.832737	11.711331	8.408481	23.169066	20.483378	18.236529	18.033815	18.881903	16.081681	23.505290	19.122630	22.025790	11.236656	19.511715	23.888052	23.161084	22.955414	18.273925	23.675439	13.531693	19.158260	18.239407	22.431807	18.573991	21.083019	14.981414	20.471623	24.147941	12.498134	15.968530	15.933886	21.388857	17.859136	22.310644	22.175568	8.824338	18.134450	22.493616	16.297458	22.037281	21.805930	19.723425	22.935863	20.217078	12.706486	14.725115	23.728510	19.494411	22.548754	13.405380	6.257397	8.177457	24.055035	23.556611	17.712323
12.461507	23.453217	11.477591	23.641076	21.682227	23.163940	24.404907	22.375505	24.347901	13.138985	15.111266	20.657728	21.858435	23.483357	20.452952	18.951092	19.957024	24.268530	14.554107	24.263223	16.587962	18.499746	21.940057	23.241410	15.588528	19.758717	23.555364	21.901583	18.838418	23.982570	17.425456	17.157964	19.706716	16.482340	23.828809	22.669861	7.858019	21.393630	22.515061	7.612796	24.160008	20.419889	18.283676	17.941327	23.661488	16.781006	6.919366	24.058244	14.829215	21.486239	13.190304	18.080124	22.771013	19.540409	11.360795	23.729668	19.029933	22.834542	24.150651	14.112157	22.084575	22.367416	21.059634	24.174302	22.913444	23.486022	20.820264	17.085255	13.679782	17.275995	23.806573	21.173863	21.920689	24.431203	14.169414	17.036704	19.412555	18.930257	21.827913	14.991154	23.143394	22.443423
18.881187	22.136707	19.577231	23.750021	20.323652	20.089290	18.932154	19.311020	17.411082	20.571741	23.351064	23.148841	22.682785	14.484687	20.083525	20.351520	22.553889	22.155299	9.658776	20.461656	18.092310	18.218870	19.931394	22.598162	23.041520	15.671976	17.892412	18.657773	23.790195	24.094314	19.402737	21.398440	23.288367	22.071771	15.301020	20.143046	14.043314	16.775908	18.785718	15.921059	23.917101	6.949925	20.814002	23.558171	15.979811	23.023922	19.022150	24.027845	17.351404	20.759354	23.621828	22.678334	21.275472	18.851752	21.897940	18.916328	22.766077	23.835104	23.293370	18.805514	22.848886	23.446582	16.915534	13.804584	20.411417	21.400432	23.362447	11.200983	19.108165	14.036497	18.062442	17.081134	24.095010	23.017997	18.470026	18.544482	24.017098	23.575121	12.738097	18.713979	13.369906	23.559024
23.226956	18.243015	19.330286	18.983941	22.714306	13.437947	19.085499	23.139518	15.424147	20.237092	21.803367	18.351489	20.046120	23.336759	23.774372	22.386541	22.632934	20.921089	23.549780	11.146895	21.129706	16.186865	23.618854	20.960291	23.559789	22.431616	23.614067	23.816763	20.586188	13.562927	9.587806	24.412805	23.211932	20.245219	21.167526	22.927717	22.993522	23.760360	23.070279	22.240602	19.332862	24.019809	18.098220	24.276195	14.771706	18.138131	21.973180	14.699469	22.851170	12.735116	17.367128	20.221600	23.718208	17.096137	10.640891	24.406630	24.185029	24.105049	22.390833	21.247981	11.012485	21.359767	21.722915	21.260753	11.952356	16.656714	24.298718	23.367461	23.610709	21.765538	14.950104	23.678412	17.226493	22.359426	23.687865	12.412861	22.424524	24.170298	18.106457	9.693616	6.371591	23.051024
21.478498	24.059206	24.289118	17.972040	15.297463	21.655153	24.284585	19.052662	11.511238	19.120964	22.699205	23.904028	12.865368	20.207838	14.676876	22.188310	14.593368	16.331582	21.928983	22.579551	17.356341	22.253798	15.167841	17.137782	22.979174	19.669322	11.709907	8.900895	19.256314	16.199024	17.915935	19.571569	24.390614	11.113277	19.002797	12.962306	22.751874	14.932980	10.645619	16.667570	20.659077	15.863860	22.905176	19.438463	24.417586	24.087936	23.349570	13.713032	16.504433	23.362274	21.706937	23.501120	19.953151	16.261976	18.389603	14.974162	16.540947	22.215379	18.656309	24.058391	18.084539	22.814793	7.833924	23.826086	23.681767	21.401672	23.767668	24.251524	24.305936	23.005851	11.892711	19.086421	7.594111	18.107584	12.259741	16.108655	20.190110	17.840677	21.056253	22.768627	22.147725	24.075396
24.205779	20.537862	12.304923	23.154693	22.138554	23.529278	21.324780	18.413228	24.407248	19.738908	23.098964	20.000510	20.296677	22.822273	22.507054	23.875489	16.914580	21.466659	13.407337	22.551361	15.272178	12.114850	14.329672	15.698055	22.963474	15.012900	17.506184	15.071534	17.583155	20.012181	22.880309	22.842761	18.372569	9.110501	19.236427	22.892355	17.647479	24.185731	20.307214	19.969782	21.264352	24.218863	7.755611	13.630173	22.019634	23.223122	18.027885	18.866545	18.486568	17.804692	24.060893	14.637911	17.616037	22.796581	18.734563	11.922293	11.380909	22.728514	20.355408	19.685059	21.354814	18.372071	18.498499	20.296016	22.023269	24.435505	20.074882	16.090276	22.347573	22.163960	23.051640	21.823024	17.050570	22.535369	24.109273	21.199463	18.432530	21.841154	21.832215	15.647698	20.888717	23.017577
23.179234	24.374670	16.435408	13.115512	10.826311	20.667563	18.427961	19.728976	21.694257	16.079680	14.889510	23.773186	22.365222	23.190817	23.133694	5.862434	12.445415	11.608740	16.384798	18.236173	9.453814	24.246148	15.572022	20.599788	21.818677	16.882767	21.052553	23.072511	15.671607	19.878102	22.738760	19.561172	24.084087	22.563166	22.966561	12.073338	18.737896	19.706471	13.240986	21.241411	23.705806	23.189192	16.823107	21.717663	22.312648	23.781255	21.713537	13.352900	23.171923	21.379672	22.496998	21.974805	14.049706	24.361766	22.827562	12.442429	19.362780	21.982173	15.287979	16.170703	23.856326	19.501714	19.050078	19.920995	22.710935	13.933972	22.408879	14.652280	19.237939	20.618833	15.783639	21.884534	6.985616	20.442902	21.931370	23.154396	20.555728	12.021698	24.221567	22.756127	20.677896	15.230503
23.620405	20.068953	14.332656	23.887946	19.256589	16.696800	22.167559	20.267433	11.766125	22.606217	21.636973	18.554438	13.167092	24.131016	21.005188	21.408932	18.140567	22.501895	23.795360	24.422191	22.501800	21.667791	19.902282	17.145304	20.942736	23.875055	21.269193	23.947285	22.241010	21.651344	13.020656	22.085171	20.426934	15.056337	22.531469	16.845033	22.170809	24.333922	16.674825	24.162882	11.815680	7.247733	16.935434	8.526038	24.365397	12.346001	17.738210	20.964100	21.275665	21.365408	23.388860	20.883172	23.731935	24.281015	18.592637	24.133837	14.041448	24.263828	23.256513	21.094239	17.206619	19.089447	11.306535	24.382653	16.532816	20.570980	23.338674	20.707798	19.310776	23.993250	18.225684	16.119355	23.566132	14.685747	21.667126	7.244612	19.443137	23.984722	20.085568	24.338330	18.539321	12.414455
15.892073	23.545245	10.743620	11.311506	18.791109	9.472058	18.923376	14.593625	14.300642	23.187526	18.836025	22.922282	10.330351	23.924668	23.050083	24.155032	18.180086	21.934976	12.072238	22.450111	16.723712	22.334316	22.137753	21.963171	17.741664	24.014583	21.119364	13.208923	11.121377	19.652199	20.196508	20.778565	24.186478	23.250190	18.186156	23.280318	17.627704	22.443184	19.398401	23.158178	9.654676	22.373118	22.137209	10.463075	23.093670	21.347205	20.348837	20.868761	21.919533	17.776695	23.198790	22.834343	22.888591	23.038636	22.822278	23.765979	8.404524	20.329765	13.964536	24.113910	23.146596	22.034516	19.170895	20.273593	15.088633	21.860621	22.821375	17.136271	20.253444	24.181378	23.997973	16.775901	23.458931	20.833546	24.189118	21.241127	11.504909	24.422213	22.623819	21.319316	16.261961	14.197370
15.309674	22.889028	19.820920	14.207495	18.648976	24.328575	18.682733	18.981213	21.520563	24.379665	15.472929	12.809725	12.282834	22.129336	24.352409	15.880748	22.407439	24.169186	19.076595	24.421113	24.147303	18.669665	7.645264	21.453675	24.303860	23.360418	23.943616	21.723570	13.471950	19.150208	20.963747	21.472785	18.023966	20.720735	20.847423	23.138153	22.561853	12.363155	8.143128	23.256069	15.289825	22.002859	17.608437	23.315610	23.879280	16.846041	24.091037	22.795780	14.106511	23.213254	19.569783	15.802218	24.259478	9.393683	15.978999	24.297801	20.847883	17.252462	13.356023	20.281260	21.538284	18.879426	10.229341	7.112990	16.916420	9.580335	23.777338	23.622323	23.375068	16.378429	22.337976	19.852156	24.297029	23.714791	18.567493	23.880472	21.594751	15.403764	20.031154	21.279607	18.111104	21.328101
23.574373	15.329409	19.764406	10.711544	21.747828	22.892958	22.181197	16.385972	22.505228	22.235100	21.604541	22.767162	23.759685	24.126071	19.784942	18.986080	23.023703	12.095126	14.171931	15.036571	20.735670	23.053790	16.642417	18.364839	17.536414	23.881246	23.108336	7.592753	7.373806	23.703924	15.150237	17.390783	16.826644	21.419640	10.478879	18.424174	22.594243	19.466691	8.297855	18.317062	22.203107	24.123401	18.908871	19.110943	23.027223	22.727664	23.989175	12.126085	15.359399	20.688365	22.685724	21.743196	24.199615	18.518549	11.724606	24.236731	24.178126	14.654750	22.806082	22.084611	19.328543	17.503860	24.409991	22.420296	24.103796	21.497202	9.559367	11.797874	22.717273	23.663961	21.551955	16.249982	10.587587	17.782391	20.887873	23.660877	24.352107	24.349138	24.342941	16.628895	20.060640	18.951471
24.390491	23.487324	24.184320	22.498659	19.535914	13.694078	23.247926	23.849621	24.232612	9.643090	20.797582	9.003262	24.406759	20.957919	21.596728	23.752399	22.225267	19.332883	19.008794	20.272546	23.095125	19.881903	20.420485	23.746394	19.620223	19.780881	22.510287	21.478071	23.021464	21.955539	23.971409	17.680506	21.557935	23.318038	23.693769	24.086930	8.755922	21.128148	21.900099	23.890345	24.314335	24.115767	21.466842	21.116744	20.344576	16.721692	23.091343	13.589567	20.880080	18.205094	10.337483	22.974509	16.118952	23.626310	12.405215	18.080064	11.292460	10.051357	21.240384	18.040217	16.697640	12.967260	22.619571	16.331003	17.185307	18.652216	21.094762	10.524635	16.620064	20.526862	18.924625	17.398142	19.313967	23.757679	21.810703	23.474811	16.184125	21.377775	22.207256	22.359615	15.142632	12.307377
24.046837	24.346376	8.464387	24.381670	21.244755	23.381777	13.692615	15.999657	23.614542	16.161154	22.529075	21.994228	23.533837	14.731559	23.763662	23.920752	23.065919	14.424382	23.882027	24.222758	16.007331	23.991407	19.315374	11.895432	21.391494	20.860354	16.713018	19.429113	24.161826	16.084655	14.769177	18.002350	22.064163	24.431236	24.135899	21.456587	18.717452	21.260441	16.371587	13.770604	23.451552	17.785155	24.305853	23.482706	18.568120	15.243519	24.418560	19.620552	22.444625	15.580252	20.894521	17.018758	22.246540	16.929371	21.554341	23.842339	11.442644	21.818383	18.549322	18.691447	16.223434	20.749109	22.087276	11.258555	18.995669	15.472075	20.498486	20.392412	21.275565	19.952984	15.895416	8.397478	18.038741	23.806080	18.176613	14.865500	21.179958	19.815904	18.742653	21.636546	19.902818	16.229277
18.504704	23.363226	23.878871	22.683664	19.818739	11.931161	21.462826	17.254623	22.578671	24.234106	24.368492	23.213631	19.907474	23.890694	22.323261	17.199587	22.423176	16.309660	10.144616	20.840963	18.860125	22.221265	22.561162	20.144911	21.844656	20.700822	18.404149	23.092762	21.996191	24.342882	24.228045	20.660528	23.539818	23.946520	18.395045	8.801218	15.642900	19.162591	24.171171	15.111869	8.748677	20.788464	20.730111	17.960521	23.771929	17.351748	10.385284	23.965715	23.549071	20.970584	10.543515	21.313056	15.342948	11.730615	17.301577	22.367738	22.621274	23.511629	22.959843	18.022984	22.423855	17.502302	24.176241	18.210514	20.183618	21.310622	9.649047	23.675043	20.255289	19.088388	24.122689	13.582626	11.973953	21.994918	21.606156	12.895853	23.563643	20.272487	17.126621	23.508077	23.014231	19.871854
18.490498	23.769595	24.205854	19.987398	22.834105	11.698309	21.780286	15.273738	22.953491	15.595761	22.707181	20.561727	17.094442	24.055160	23.150068	19.525009	9.143632	18.536214	24.338874	24.386555	21.835112	23.672160	10.046237	23.085291	24.318273	23.014353	22.177313	16.317136	16.796925	21.898613	9.592322	18.168301	24.187186	24.276484	10.546493	16.705809	13.643581	24.127308	16.059328	23.789209	20.727729	20.881622	24.170019	16.955070	18.504114	24.249132	15.755724	8.533595	17.990461	8.233160	9.923401	23.306766	22.594556	15.747588	22.740035	14.389502	22.510830	21.284717	24.218518	24.199798	23.898452	23.124816	21.195826	20.462231	8.568811	24.053656	19.103985	18.766389	23.842898	15.229986	23.761655	16.974702	23.921379	20.577002	11.218305	23.362421	23.539406	19.031352	23.915431	16.525262	13.395156	21.100322
24.100937	16.677349	24.165536	18.963387	10.837440	22.884421	18.916080	22.154565	23.537474	18.223524	20.105151	22.774811	22.884107	18.690338	20.915559	23.004202	23.623985	17.234014	24.356653	20.146180	23.969113	13.635522	24.041080	15.515404	14.354212	24.154393	24.439618	23.960651	17.177665	23.212899	13.090384	23.394754	22.439430	19.947965	20.108085	16.023365	20.078237	23.541371	22.223583	23.437516	23.044527	24.310255	24.181892	19.972987	22.522055	21.882967	23.770522	23.174508	16.853903	17.143666	11.159508	16.711894	21.937069	23.486069	23.529981	23.452778	14.360573	23.971466	23.590389	20.492748	20.876034	8.883407	23.398742	16.669396	17.654487	23.657902	24.238255	11.834321	22.350117	20.736048	19.115096	24.232014	19.871053	8.590868	10.535899	10.846610	15.341840	23.157365	20.039126	23.942377	24.192513	22.048420
21.212873	22.911428	16.414997	22.895055	22.280408	22.445798	21.720653	22.281866	24.342755	18.487416	21.519850	24.043152	23.552366	17.541042	15.942606	22.722951	22.368296	24.311244	24.418662	19.777859	9.389617	23.866622	21.919337	15.639753	18.819477	22.965864	10.874791	18.066769	17.210711	20.164847	24.242737	22.784299	24.190735	11.612532	13.339707	23.512939	21.484606	23.587439	15.391602	22.295564	18.605407	21.402846	16.527977	15.314502	21.763096	20.084214	23.796003	19.904612	17.765242	22.294886	16.558394	22.881833	21.899727	24.061020	22.893674	24.256144	24.253522	9.218132	16.120912	24.208118	23.608666	24.192928	23.768266	19.436508	12.440077	24.210189	23.446751	17.660280	24.179337	23.998970	11.046281	23.492948	23.524366	23.383467	23.707322	22.530585	20.361549	12.324761	20.381320	22.886273	20.219143	10.817297
19.145927	18.235380	16.257956	22.149799	12.845143	9.588158	24.280442	23.744064	10.782947	22.814932	22.021243	20.446233	21.997570	17.111064	10.012335	14.655098	20.699539	22.537487	22.532711	21.310719	20.138053	22.527247	21.489918	16.099140	16.647509	23.046423	17.627244	23.442653	21.516765	22.244665	24.385054	23.132217	22.026621	23.050989	22.527956	11.005619	20.858452	22.598728	19.391285	21.991512	19.260666	12.820925	18.353281	14.833528	14.788418	19.290494	16.204421	22.706093	17.130015	16.307245	21.902178	23.376344	9.397792	16.025846	18.548012	8.139902	21.898861	13.532876	17.799374	23.861768	17.218926	12.435873	24.136612	23.653177	7.304085	23.643149	22.155054	10.143106	23.122847	17.499875	22.302328	20.651732	20.028353	24.061679	13.768675	22.244563	24.439070	23.061761	12.500043	24.190359	23.063937	21.173001
11.481227	21.968446	22.825999	23.676383	9.724889	24.301755	19.337190	16.082797	17.532622	15.893947	21.892061	20.337866	13.337203	13.458020	23.488749	16.059542	21.728510	18.257576	23.232239	21.469599	15.252934	20.150151	22.216131	20.320498	18.825863	22.544875	23.171503	21.622242	22.766123	19.897208	22.777549	18.094409	23.876157	19.062599	24.074957	18.754191	19.682043	17.840418	23.884417	14.980812	20.036234	21.385866	12.012080	20.340555	11.374041	16.118267	21.290408	22.072864	23.376830	20.425231	15.477312	21.605553	12.241351	23.611468	24.292930	7.290360	15.626646	19.411235	19.333844	13.211965	19.932339	15.851137	17.245216	17.311720	22.050257	22.039360	24.139541	23.234103	15.084547	22.428775	22.549550	23.348769	18.692688	22.235852	15.492243	17.895039	22.053442	19.564056	24.264724	21.348710	23.476008	14.237861
17.929567	22.636074	21.490668	15.964868	24.411477	17.437357	16.935436	19.158314	17.278145	19.454585	23.587397	21.249207	24.345182	23.409467	18.962258	23.434300	24.020517	24.214847	22.816267	24.143938	17.885698	19.299441	5.121606	23.467922	24.320551	15.180209	20.224299	23.175873	13.718428	23.307113	15.946729	22.621257	23.799595	21.523691	12.714371	21.822487	16.802636	22.375351	13.344947	20.330058	24.438069	14.089466	13.396661	9.162078	23.175285	17.145477	24.005474	24.435829	24.340387	22.386714	22.303701	15.630128	19.921458	19.753495	11.559859	20.446500	22.315098	16.319555	14.103289	15.859490	22.952119	24.339578	19.357711	23.960073	20.221596	23.445336	22.628858	19.193313	15.154396	18.402114	19.973979	19.628239	21.258106	22.527927	24.387239	23.198066	21.860660	24.306894	24.103278	22.739609	11.313071	19.055389
17.348220	22.939098	21.848241	17.997530	21.619099	24.400926	15.465388	21.017870	20.978670	23.499584	22.113887	24.190347	22.235663	14.894396	19.295283	24.127153	19.889553	21.996946	19.669031	17.569181	23.823390	22.155348	24.272502	22.892777	18.707429	7.419905	15.786410	19.903686	20.617318	19.541269	20.110717	23.468330	10.619960	18.770727	13.202312	12.815716	22.177162	21.878802	8.912534	23.104483	18.996350	18.035869	16.442541	23.639315	10.769080	21.822274	21.433302	19.932272	24.409443	19.308313	20.201887	22.423659	23.036858	21.972454	7.539418	23.758387	23.204656	23.387445	23.385853	13.719567	18.979636	21.210264	23.556833	21.429017	22.719773	19.401037	23.124813	20.001957	23.066163	23.348491	9.064732	24.224537	13.831167	22.114398	9.950131	10.780105	20.594039	18.474099	16.295758	21.538542	22.713928	20.442857
17.068676	23.253628	21.854757	24.146468	16.972033	23.961560	24.214257	22.612959	20.472695	12.677733	24.430288	15.749655	22.175901	24.319801	22.435729	22.327891	8.326368	16.104678	23.390870	13.153635	7.281464	16.134703	11.238413	21.290873	23.375610	9.621854	21.119458	14.995079	15.297484	24.094459	12.047107	23.443610	22.868123	19.895949	22.791812	24.436335	21.349282	24.079474	24.427954	22.017888	22.713224	24.361493	22.232389	22.489706	24.311257	11.916503	20.726553	23.733108	11.497496	13.326359	20.996268	14.843558	24.066531	22.217625	24.075058	24.112497	22.116952	24.348360	19.196489	23.871120	16.166996	24.416928	18.140020	24.223122	24.099833	18.695972	13.607651	11.121192	19.652137	24.419950	24.075804	11.815134	21.306398	24.381994	11.671312	13.893297	24.213666	20.616603	9.769444	20.560936	18.043982	6.758733
24.334828	16.837091	20.712055	23.054605	21.601007	23.613923	24.367916	21.614423	22.927619	22.835882	20.244127	14.773232	17.865308	23.960760	23.973170	23.961230	22.843606	19.804221	8.973890	18.700112	16.367926	18.078304	22.050304	10.829114	12.110895	18.713274	16.933338	15.323789	24.082021	18.566343	21.941985	17.165973	23.537083	11.699771	13.172722	20.215500	18.089707	21.171563	23.775694	15.627375	21.298150	9.719264	7.735166	20.738970	17.904764	23.896836	19.989255	23.779409	24.433731	23.061054	19.705458	19.283012	13.810015	18.721851	20.895896	24.037326	20.411625	18.693895	23.227233	20.278285	22.018604	20.648729	21.204768	24.180656	22.795483	12.419127	16.730178	16.120293	21.309263	24.404988	24.386989	24.062979	15.005434	16.852104	19.959315	9.776457	14.522745	18.005567	23.564355	14.316569	24.001357	20.387473
20.558077	22.580420	11.369381	15.470684	18.578548	23.327685	23.764035	22.534875	19.420877	21.760987	15.182485	21.394061	20.611336	19.456582	24.438067	23.751261	18.841673	11.136455	16.751477	10.785012	10.717546	20.793023	15.154624	20.074065	23.845336	16.812811	22.545868	17.078566	19.489953	9.161522	12.530592	16.871102	11.394916	18.779642	18.325866	21.449498	24.437845	23.593383	18.440750	18.944153	14.160925	13.772369	9.075817	14.597317	21.554056	23.232287	13.755432	19.251634	17.369408	22.470183	21.905794	24.235595	20.553262	12.413714	14.654207	24.187919	18.827459	17.905651	15.278354	16.352873	16.885765	23.975293	17.717449	12.256481	21.989412	18.597875	23.363808	24.410731	21.179916	24.079249	9.148760	21.667720	24.367361	13.194430	23.866498	23.016625	21.398046	21.904580	24.202154	12.278522	20.470000	16.659532
15.488233	19.422461	22.520701	16.172608	20.792061	22.461205	24.430724	22.968504	24.171929	12.789737	10.077659	18.367006	21.467001	21.281757	19.922620	16.806428	21.437842	15.104525	20.434768	21.034829	17.586481	20.247113	21.700903	17.018747	17.447607	14.125815	21.971055	12.788611	22.041201	24.239579	17.426101	14.458437	18.341693	21.348377	21.935817	12.285843	18.617438	19.574875	17.435394	18.167898	16.012347	18.859256	23.118741	17.641348	16.529659	20.664054	17.904491	23.638828	11.214095	20.364322	17.998550	19.017236	17.287580	13.884459	18.850024	7.312617	23.219294	9.498143	23.972230	22.660553	24.243333	24.179260	20.933090	18.992941	22.097533	22.977539	22.207204	21.029902	23.144100	14.916474	22.144369	23.507473	16.303450	24.188252	24.242785	22.280953	20.461573	23.203639	21.438416	23.259816	20.518168	19.597882
24.337369	24.338756	18.578548	22.703286	14.241865	14.526347	17.299409	16.990672	20.748964	13.701152	13.767581	22.373533	17.025665	21.028256	22.172698	21.254723	22.908553	24.373306	19.348331	23.363261	16.620763	24.061243	21.315042	18.522235	18.002613	13.647591	20.375512	21.456164	20.991024	23.726010	22.015322	16.962559	14.913752	16.078444	21.886338	22.412156	19.880710	23.903707	21.280150	20.545259	11.391298	7.764648	20.724592	17.241863	23.453648	10.589285	22.955859	21.983024	23.858398	24.307990	21.323256	21.204996	23.511028	20.513619	20.886761	24.255183	22.913709	21.721002	23.638280	21.078020	17.555634	20.401106	24.241737	16.509595	16.163667	18.774137	22.634506	13.041780	18.686615	21.011396	7.594071	24.175494	15.585295	16.332416	23.863410	19.335135	12.690258	19.738017	18.479890	11.598406	17.576028	13.588798
13.274800	11.278777	24.347849	17.876133	23.927759	23.389889	6.037554	21.697643	23.438612	16.694366	13.040840	23.038381	20.117324	22.788907	14.092055	17.032802	18.176407	22.435095	11.929025	20.149662	24.079435	21.580847	23.412257	23.003664	7.997081	23.448683	12.244003	19.175942	20.392141	23.678368	21.490018	24.137784	18.347184	21.743668	23.506362	6.092726	23.081414	24.177105	24.009546	10.953417	23.605597	22.853743	23.299346	22.011402	16.762381	22.344649	19.803721	22.059317	18.507255	18.297753	18.331308	21.252190	16.074282	22.771866	15.653291	22.426981	21.328022	17.366879	24.168491	21.843426	21.284790	16.103625	23.956474	20.543520	24.409185	9.487511	23.563449	17.345253	19.023219	18.665228	19.105659	10.178446	15.431701	9.932767	16.085211	18.571000	12.218228	19.781701	22.015113	19.336018	22.363052	24.384216
24.421644	18.431606	21.739890	23.124035	18.864588	21.211721	22.794861	17.262134	18.422187	24.399449	23.625328	11.290432	11.447767	17.411464	15.645910	23.768709	21.983267	17.592671	20.660208	22.793796	19.861054	21.861119	14.443625	9.831757	23.066266	20.838388	23.638572	22.565405	21.299153	22.933595	16.045767	14.186021	19.920250	16.892478	16.591682	18.929580	10.666847	19.050093	22.595009	22.374505	20.182851	14.775715	24.054486	22.658182	17.212761	24.390690	12.287819	12.244433	23.633203	22.073428	14.187845	16.097954	21.815004	20.435590	21.189553	8.304942	23.202878	24.040336	22.771754	23.847014	17.623818	20.922323	23.494894	22.705340	17.335799	24.014915	18.125603	14.171937	20.503677	17.787358	24.014307	24.338598	18.584053	24.437463	19.027966	19.546871	17.407138	24.363760	24.398958	14.830599	23.341191	19.850288
15.645436	20.324189	21.222654	24.414518	18.929733	24.348967	23.910592	14.334218	21.307890	15.777245	20.128556	16.217735	21.595535	16.452255	22.381919	21.580402	20.480265	20.424217	11.783009	24.131254	24.302719	23.845768	20.801626	22.880136	21.509934	19.017364	20.757825	7.367299	24.039687	22.196166	16.036111	21.705530	19.108113	21.033161	16.349635	23.475941	18.023119	23.913255	24.233459	21.376334	24.364685	6.241989	24.199181	16.034658	16.555642	19.575385	18.582545	18.583508	17.655354	18.444159	17.129566	24.216337	18.531314	24.005910	24.237779	10.815139	23.275866	19.064430	20.484310	13.368419	23.573365	22.992710	18.776913	23.647498	23.971031	21.155889	15.222216	18.568095	15.927761	22.612364	23.537670	24.426144	9.744457	11.613487	21.632312	10.046377	22.120623	23.690974	23.274258	21.081045	21.005331	24.428934
21.450805	21.361486	19.334603	17.868563	19.943237	20.432294	24.242604	22.265806	23.144639	12.867721	16.617950	16.174858	11.600551	11.424131	12.838430	8.010013	22.387189	21.194235	16.344997	21.922444	15.863770	21.801792	21.603856	23.071251	23.939577	20.600477	22.817188	22.390960	23.639090	14.755604	13.588926	16.811346	22.276793	23.033643	20.082512	22.672178	13.815600	19.647960	24.433779	23.460549	14.464901	23.689523	22.356318	22.392965	19.014633	16.346718	22.961589	10.096956	24.160302	24.190964	18.057999	16.294036	17.119768	15.355574	23.243748	24.281066	23.032277	23.015567	21.707370	21.887928	16.803623	23.324229	24.157186	23.845634	14.462068	23.517594	19.922222	22.656217	10.536973	21.719442	22.062978	13.768524	13.249434	12.853426	18.748432	20.438718	12.997975	17.924409	24.305222	17.851866	19.896830	20.950454
22.559155	18.015977	17.683517	22.947274	23.850258	22.476676	24.361599	13.465273	23.127977	22.278840	20.514514	19.057121	20.562801	23.916847	20.249955	19.722379	20.751896	10.408400	24.350818	23.766561	20.240916	24.122332	24.432280	16.822846	12.323776	21.115177	22.250161	23.840450	19.469996	22.301094	22.725125	24.263249	18.699176	21.713143	20.886946	18.968436	20.488077	22.720988	19.908383	23.667222	22.955094	22.963658	8.901851	17.149190	13.988714	22.894434	14.645331	23.149151	23.118922	18.607062	20.026723	24.130461	19.125840	16.527795	20.745725	12.451799	23.361572	19.692579	20.828577	22.804028	21.020668	12.257389	15.628515	17.945958	21.458189	20.059311	21.000888	23.417597	24.338655	24.311065	20.160839	22.184453	19.576773	22.584973	16.704389	22.265085	19.635157	15.935575	23.620952	13.287785	16.481865	24.342955
