0.000000	8.579049	7.397828	7.250347	8.780852	7.427387	9.198613	8.629713	7.842803	8.395976	8.232226	7.178720	8.737553	8.716145	7.740329	8.896172	4.971414	8.529326	5.669946	5.860529	9.034662	9.121025	9.469107	8.949511	3.374736	7.821788	7.224899	8.739998	9.141611	8.542276	9.350760	8.359994	9.120909	8.525775	9.276931	8.083531	7.518573	5.105336	8.899832	7.910836	7.574027	3.089890
9.529863	0.000000	8.946924	8.458266	9.507629	7.776325	8.601874	8.483752	9.529886	6.132440	8.058628	8.948629	9.317695	4.684874	9.261910	5.432483	8.297582	8.695823	8.393719	8.608502	9.515992	8.570873	4.667678	7.868014	7.285023	9.182979	9.102726	7.202078	8.016687	9.188010	6.736954	5.706873	9.496043	8.272051	3.115462	5.718401	8.618546	7.602021	5.980667	9.380913	8.965564	5.742644
6.052906	9.482862	0.000000	9.417339	7.027366	8.913738	6.805322	3.859569	4.073240	9.209888	4.419630	9.468522	8.738759	7.930789	8.450638	8.954071	8.869839	6.903379	6.597177	7.814823	4.734299	6.678424	8.774712	8.388827	7.462928	8.977164	9.514021	8.739928	8.881317	8.142115	9.161020	7.694127	6.857860	2.508741	9.282522	3.477204	9.302581	9.073339	5.581873	9.376129	4.879968	9.327215
9.418921	9.336540	9.050536	0.000000	8.987035	8.945994	4.227872	8.389956	9.479805	8.582154	6.508391	6.846787	8.269198	9.381042	7.529234	7.853680	5.480272	7.307041	9.490603	8.589634	9.280621	8.559775	3.794553	6.072729	8.133497	6.532848	6.706557	7.145823	7.887683	8.261391	6.596554	9.147876	9.410488	4.852628	4.551554	9.207790	8.765112	9.528082	4.083191	9.398488	6.474728	7.867876
5.116093	9.517872	7.934617	7.447831	0.000000	7.364433	4.254318	5.845073	7.718002	9.278267	3.381668	7.602657	7.452908	9.404929	5.677341	8.289762	4.361998	6.600580	9.384538	9.006814	4.706785	6.418768	3.817847	8.159738	8.786701	8.166230	5.723688	8.972950	8.813396	9.179732	5.710041	6.054362	9.393321	5.352499	8.205607	9.355779	7.724857	8.442615	8.672469	8.966983	6.234809	7.577681
8.298933	7.074384	8.672435	4.793168	8.520663	0.000000	9.199430	9.428721	7.866837	9.257704	9.312082	8.434015	9.197007	8.560957	9.211531	7.589612	7.029660	6.824776	9.471067	8.681437	6.703009	7.508717	8.776397	8.828903	9.144199	8.291251	8.490088	7.748996	8.120642	6.602205	9.244988	4.245223	8.799793	7.376355	9.520372	7.984540	8.494432	7.935196	5.294840	9.465930	5.024551	9.144745
8.851069	5.758550	5.224689	7.631533	8.310118	8.972323	0.000000	5.663660	9.302483	5.024711	7.365023	8.467046	3.763846	3.500468	5.331292	8.692527	9.084349	9.391840	8.366342	8.905797	7.064867	9.432880	9.226679	6.042864	9.304638	8.094897	8.988357	8.596303	7.547568	9.450455	6.904199	8.527116	9.177882	9.412452	7.892403	9.169820	7.425447	8.672727	8.782818	7.219537	9.166795	8.938771
6.331658	4.204708	9.153266	6.317241	9.385035	8.394654	5.567428	0.000000	7.166610	9.061681	4.972637	9.372398	6.193706	6.803608	7.296928	9.419778	9.119908	6.391871	6.690505	9.209001	9.162159	7.551305	5.475933	8.359477	9.256111	7.662825	6.745458	7.906247	9.392370	7.423380	9.314534	6.297862	5.629292	6.847125	9.122865	9.368877	5.148276	9.175802	9.007838	9.168986	6.239660	8.368341
5.501239	6.121959	7.309018	8.351948	5.045531	8.113908	8.126559	6.523911	0.000000	9.484035	7.452344	9.477829	3.572957	8.868475	6.965736	9.516652	7.847870	4.607101	6.597536	2.326139	8.910352	6.516020	6.964978	9.456064	8.256648	9.245266	9.501850	8.100616	9.339164	9.105824	7.789280	6.085375	8.942765	8.312072	8.000687	3.164696	9.227139	9.194243	8.095314	8.773381	7.443812	8.818222
7.288391	7.097924	8.421655	7.940074	7.508947	7.896558	9.085013	5.847970	8.967155	0.000000	8.509286	7.548108	9.053203	9.432387	8.126866	7.042582	7.230911	9.254402	8.887018	8.864966	8.279623	8.923329	8.859486	9.059033	9.519837	6.875979	7.018927	8.611687	3.992537	8.542891	7.728255	6.016402	2.808757	9.062819	5.080316	9.366674	8.935123	5.752958	8.302433	9.288040	6.781061	8.150943
7.720915	6.209145	9.373533	5.158986	6.247637	8.201076	7.934735	7.986696	7.251368	7.939843	0.000000	7.603873	8.323855	3.087433	7.872588	8.505942	8.724467	3.940025	8.263840	9.338264	7.709586	8.043713	8.808584	7.199528	9.109790	8.756859	7.846029	8.359631	9.463103	3.385859	7.383607	7.927811	5.222132	9.385833	4.996327	5.867916	6.176462	9.400226	8.331511	8.767968	9.208264	7.952337
9.003224	4.464053	5.175222	9.297761	6.414825	6.785800	7.228269	7.846224	9.319455	7.678741	5.504733	0.000000	6.764173	9.346123	8.963718	5.251833	8.039836	7.751534	8.042809	7.117909	8.462642	7.623090	7.178375	8.943992	8.143341	9.500894	6.810577	6.231533	7.074502	9.162169	6.738846	9.170667	7.667875	8.136738	6.037185	7.075337	9.454244	9.127185	6.294153	6.105611	4.106956	9.276572
9.135846	7.767673	8.811620	8.331131	4.905276	7.360764	9.113565	3.312653	5.780511	6.513527	8.835034	4.342097	0.000000	4.975064	6.515893	8.567262	9.090480	8.485002	9.221067	8.774381	8.988793	8.359467	9.115974	6.979973	7.320048	9.270672	8.139032	8.985763	6.761126	4.557085	8.709659	7.408402	8.630471	9.223121	3.325890	9.071776	9.116938	7.472769	4.589282	9.480938	9.509118	9.525875
8.003683	3.431867	8.126296	7.034000	3.104912	8.706450	8.238672	9.137366	8.770879	6.557846	3.547219	8.373595	8.787320	0.000000	9.202872	4.760005	7.587421	8.951339	7.373110	6.151209	9.260942	8.370332	9.173343	7.564405	8.642683	9.331762	8.923087	9.046801	2.949869	4.483144	8.303721	9.326939	8.983597	8.354909	6.279650	9.517132	9.485429	6.572954	9.299811	8.816751	7.095745	6.757388
9.098491	9.442547	6.090922	9.381202	8.919377	8.691847	9.139171	8.162281	7.571063	8.758331	5.882640	8.584178	9.122754	3.904610	0.000000	8.674342	8.146787	9.509971	7.495272	4.551803	7.445252	8.867624	4.685944	7.884503	9.121974	8.290501	8.579211	8.401518	3.447914	5.895067	9.411241	6.044794	9.484765	8.693590	7.227266	9.516795	7.593961	8.987627	3.495427	4.710651	5.318808	7.336803
7.107485	5.831258	8.773768	8.570934	7.915414	4.249800	8.158485	8.117707	8.610148	7.737621	8.506770	9.006268	9.305089	9.108466	7.247957	0.000000	9.298237	9.424548	3.454277	8.872271	7.924872	5.652272	9.187257	8.153267	9.334850	3.354012	8.683597	3.891914	7.557279	8.822148	9.124604	7.252551	7.570232	8.384698	8.239321	7.666613	8.813252	9.244195	8.645369	6.059788	8.136963	9.381735
6.427839	9.276501	8.025015	7.652341	8.360280	8.130185	8.757012	8.565522	9.474286	5.260878	8.807548	4.583144	9.445731	8.238384	7.904986	4.450201	0.000000	8.953085	8.075435	3.537382	8.547862	5.660663	3.754625	7.890089	9.091173	6.748745	8.659597	5.707001	8.950965	8.092822	5.583368	7.003187	7.003806	8.906638	8.283352	9.034798	7.973384	6.400057	8.616835	5.926110	6.660920	8.450144
6.702792	6.801646	8.450445	7.483606	5.322299	6.840067	5.638129	8.428088	7.415762	5.413448	8.417778	5.052514	6.756198	6.268747	8.152508	7.316251	7.169852	0.000000	2.816574	4.340827	8.092809	9.497930	8.061258	8.543850	7.403927	5.586234	8.583647	7.460430	3.616565	7.857387	5.041087	6.074826	8.267911	8.810498	6.772168	7.623985	7.183597	8.840508	9.416990	9.507006	8.342986	3.619824
6.472760	7.544464	5.960015	9.322746	6.241267	7.642357	6.340103	8.363495	5.910396	9.496380	6.924494	7.902684	6.832384	8.004458	6.271182	9.507744	9.444057	9.280444	0.000000	8.183332	8.399639	8.066551	9.013631	3.382470	9.012496	8.651143	6.458647	5.545893	9.324784	9.467177	9.186322	9.231581	9.210762	7.824909	7.055115	5.043661	6.692649	7.632077	9.521369	9.027874	3.313751	4.472716
6.097236	9.288865	9.066127	7.760314	9.509869	8.570966	7.338316	7.854140	6.762933	7.615886	3.759491	6.800346	9.105865	9.316763	7.934134	9.463997	7.148568	6.418963	8.637799	0.000000	9.061894	6.247901	9.059990	9.252100	4.413519	7.519496	7.875585	5.617832	9.059094	8.373364	8.849348	7.785289	8.363066	8.915610	8.601639	4.824709	8.409889	3.160448	4.236893	4.404516	4.509921	9.403384
7.614180	9.124037	9.165731	8.879493	8.054547	6.532649	7.483861	8.215888	8.579122	8.610263	5.683361	7.639874	7.486758	9.520117	7.988215	6.108310	6.511511	6.625929	8.853339	3.992526	0.000000	8.915114	9.011704	8.401742	8.499154	5.136753	8.607299	8.880107	8.325673	8.924260	9.186940	6.742209	7.917117	8.101841	7.296427	5.091709	9.322223	6.491319	5.600765	3.087316	7.913890	9.496458
7.101310	8.268743	7.590968	6.305305	7.758541	8.373493	5.713613	9.451199	8.611993	5.645091	9.220859	8.073906	9.001180	9.390084	9.481004	4.132395	5.799222	7.324111	8.406051	5.532022	9.217325	0.000000	5.638597	5.620331	2.898579	5.197451	8.070773	5.524206	7.808278	7.895073	9.094558	4.187975	8.338265	6.142420	8.920023	9.518312	7.587043	6.541305	6.302603	6.379551	4.467206	9.007008
5.183295	4.123395	8.396777	9.052265	8.951332	8.930457	7.853536	9.278582	9.310072	8.916625	9.382941	8.424035	9.522542	5.272930	8.848701	8.581640	9.469828	2.644324	8.795720	9.409276	3.082318	6.545453	0.000000	4.020595	8.977745	5.817078	8.712115	8.243782	6.583887	3.613270	6.023228	7.131536	7.499500	8.241517	8.390144	7.443283	9.386426	9.474080	9.292179	9.214965	5.105506	6.787710
9.340844	8.934537	8.559943	4.570730	7.216232	9.102539	5.469834	4.277196	8.021011	7.926005	8.338835	9.265213	8.282741	9.397081	2.936000	6.695359	8.572626	8.482615	8.529609	9.377557	5.728489	8.802761	7.123888	0.000000	7.239163	8.819053	5.739970	5.967503	8.712134	7.484919	4.398937	9.276532	8.590178	8.476053	9.134584	8.259395	9.288061	9.437517	7.988821	6.084003	8.550324	8.600972
9.515064	9.351061	9.406220	5.313770	7.214830	9.123740	7.271372	4.840768	9.361933	9.470392	3.270499	7.730178	4.149997	6.091138	7.257941	5.264358	9.466911	8.346983	9.288381	8.933670	9.141255	9.489855	6.354759	8.267163	0.000000	8.262053	9.001958	4.647627	7.709156	9.431453	8.272667	8.825733	8.568892	9.490059	5.578750	8.889254	4.205300	3.799093	9.266051	8.271347	7.062131	8.483788
9.073249	9.188347	9.455311	4.810128	6.119876	9.480898	7.994457	5.341157	7.989484	6.335463	7.277299	6.246674	9.315312	8.487796	9.047074	9.167884	8.043378	9.076140	8.580247	9.081278	9.302729	9.054251	8.521718	6.278447	9.015148	0.000000	6.652637	8.961315	9.376778	7.649898	7.471816	8.725991	6.695737	7.384409	9.307517	9.288056	5.901820	7.047489	8.275736	8.299556	9.000537	8.878101
8.615205	8.209352	7.950170	8.836007	8.471045	5.151879	6.320798	8.629962	8.733506	6.086287	7.897495	7.272550	5.985016	6.194870	9.442799	8.754007	9.397468	8.665650	8.270383	6.201966	5.584721	7.978000	9.148395	8.492076	9.519092	7.160408	0.000000	8.403110	9.255459	5.783696	6.903002	9.515761	8.454105	7.498851	3.717117	4.589337	7.418021	9.364954	8.852429	5.897769	8.266273	8.846282
9.177853	8.175172	9.525629	8.910337	9.268835	5.520733	9.095599	6.347989	8.909187	5.740705	7.935587	6.060347	7.462679	7.058666	5.169221	4.704126	8.609712	9.341916	7.247420	2.872513	7.410353	7.961005	5.969519	5.566440	7.233493	5.772098	9.040443	0.000000	8.363119	7.735399	8.061655	7.910887	9.029724	6.083323	9.443631	6.969865	9.465861	6.336289	8.099285	7.926194	8.427293	6.579365
5.269871	9.460657	9.420711	7.611426	9.469797	8.067584	8.929317	9.034537	5.679336	8.284624	8.972177	5.772521	8.330251	4.889008	9.529097	8.423408	8.253895	7.693892	6.633190	9.463211	9.494631	6.082264	7.746621	7.114831	7.530068	8.486841	6.898080	9.267734	0.000000	8.457135	6.862765	6.332231	9.404206	7.854939	8.564887	6.345843	8.888993	5.917419	8.718769	7.364215	8.677918	9.216763
8.277725	6.870457	7.722414	6.698827	8.483304	8.531992	8.535607	3.989767	7.875622	9.449067	8.325607	8.612685	5.750044	8.075856	7.334361	5.628022	8.618884	7.711208	7.125511	5.449142	8.195945	7.013202	8.814254	7.549340	7.511661	9.221317	8.171664	9.375617	9.334899	0.000000	9.440293	5.782620	8.849036	9.434246	7.471999	5.257961	7.928534	9.240709	5.338971	9.203390	8.031467	9.500831
7.510937	8.285537	6.666851	9.426351	9.325295	8.799532	7.260641	8.867023	8.573107	8.641738	9.179453	5.944809	8.599817	9.226940	8.838342	8.531293	4.511650	6.876106	5.931605	9.388429	8.999087	3.981700	9.164903	9.499578	3.776454	5.074506	7.662571	9.102946	9.481413	7.913497	0.000000	8.417306	8.901845	8.198462	7.723712	5.037961	9.212914	9.427926	7.941354	9.459669	8.976570	5.563981
8.721142	6.266748	5.048404	8.549345	5.542538	7.280899	7.719930	9.194806	6.839613	9.010427	5.189998	9.496863	5.272123	7.877615	8.810903	8.726999	7.760139	9.518377	9.415500	8.747077	9.459197	7.788704	3.999273	7.429133	5.738703	9.220830	7.593951	9.434806	8.981952	8.165117	9.157014	0.000000	7.690454	9.111930	9.464993	8.913743	9.191322	6.425242	6.458510	8.793288	8.576684	9.379338
6.468601	9.241265	6.333919	6.952266	4.695553	8.654972	8.602874	6.720038	7.885914	7.729521	9.291538	9.036068	7.041374	8.885069	8.955698	5.188735	5.573229	5.990750	9.384086	7.444643	9.013864	9.285550	9.514965	8.747916	9.424070	7.188145	8.567576	8.865509	8.370600	8.456235	9.103445	9.476568	0.000000	7.741798	9.183756	8.957849	8.585707	8.334985	9.347808	6.487541	9.449585	5.752142
9.507600	9.327290	8.241286	6.660861	9.511283	7.998635	5.720305	9.340469	8.828378	9.194529	8.377884	7.670284	9.398262	9.511416	6.361509	4.331892	9.356111	5.065993	9.361637	8.565787	5.353707	9.276057	8.038636	3.604237	9.338153	8.182221	7.820497	9.060168	7.720546	6.262788	9.293196	4.330390	8.538196	0.000000	9.416316	8.002914	8.170081	9.151736	8.737693	8.492121	9.473980	9.136297
8.883744	8.506000	5.803714	8.891201	7.555902	8.752647	8.666367	9.092433	7.578252	7.068915	3.124971	9.430134	9.105174	7.648195	5.157059	9.433960	7.294885	7.524067	6.347773	6.262596	8.943980	3.548603	8.916321	8.006252	6.780676	9.043445	9.240993	8.839753	9.472488	6.791989	8.855540	8.461779	8.547324	4.542214	0.000000	6.848944	6.845841	8.819519	7.080387	6.261593	5.721512	9.154249
8.318512	8.406270	8.269761	7.261597	3.963929	9.413907	9.270186	6.681568	9.350985	9.273341	9.305171	7.255407	7.473107	7.139684	9.118097	8.400989	5.059802	8.297889	5.155980	8.017044	8.142535	9.283156	8.071681	7.715726	7.266732	8.323077	9.132312	8.454774	8.363046	9.439749	6.904854	6.183750	9.285249	9.017807	4.633475	0.000000	8.476280	7.531205	9.524844	7.713701	4.748506	3.738217
9.522849	5.905346	8.334160	6.146005	9.493931	6.510872	7.441615	7.419961	9.279187	8.269743	7.734317	8.966968	9.184461	7.976528	9.358161	8.580775	9.414000	9.331709	6.056850	8.629387	8.426486	9.400333	7.910647	8.158625	6.045956	9.320726	7.363542	8.404988	7.417084	8.709103	3.996038	7.696620	7.099889	6.701369	6.440207	8.176841	0.000000	8.198749	9.305372	5.089725	6.236460	5.998814
9.359723	8.339117	9.319384	8.580276	8.941449	7.858090	4.561912	8.133152	9.074353	9.334648	7.478440	4.968473	9.121382	9.273740	9.445744	4.673579	9.200943	5.636991	9.458181	8.910527	9.428353	8.998618	7.863397	8.097076	6.569146	9.037550	8.668186	7.860164	4.424228	3.434500	7.801609	7.095415	9.528568	8.978138	7.088578	9.455708	6.644463	0.000000	6.423231	7.066391	8.058319	7.289672
8.955720	9.337492	5.088857	9.238951	8.103232	6.474092	8.923182	8.609507	5.855177	9.001196	4.483637	9.058893	4.819406	8.985118	8.266104	9.399454	7.938899	5.610378	7.971213	9.235026	9.085367	6.588088	9.522515	8.267834	7.867803	8.905277	8.344213	9.210618	3.577302	7.741415	4.664345	8.735882	8.375535	7.561212	8.563479	6.146929	6.808048	6.216725	0.000000	8.803735	9.316242	9.147727
8.888443	8.414140	9.363314	4.907617	5.546547	8.389862	9.487151	7.337244	9.197955	3.288028	7.628313	9.193696	8.149259	8.468068	8.292011	6.945166	9.431663	9.485607	8.766674	6.604401	8.918651	8.516590	9.486561	4.997118	9.123167	3.344788	7.736847	8.698297	9.146559	5.908130	8.438789	9.470442	6.637412	9.351451	8.207587	7.313093	7.184128	4.155009	7.555425	0.000000	7.967468	8.219282
8.997011	6.435632	6.766739	9.062631	8.261904	7.439252	8.974517	9.002213	7.025621	8.215777	2.285475	5.103637	7.564208	9.440851	8.633995	9.052995	8.516298	5.164819	5.862780	4.375068	8.558822	7.914866	7.845622	9.283769	9.440553	9.399000	7.630677	6.309089	8.957880	7.065259	7.217020	3.504742	6.102304	6.786717	5.774736	7.564877	4.282681	9.475609	9.033616	9.356946	0.000000	7.147629
8.617933	7.160492	8.403870	8.998506	6.022857	9.011975	8.926031	8.166863	3.104150	7.873638	6.325061	9.257546	5.537791	8.922788	9.323533	9.229373	9.472400	4.810731	7.314963	7.432362	9.194805	8.550605	8.510355	9.279287	6.835572	5.580846	6.667213	9.179634	7.703951	5.330343	4.902640	9.356883	9.056111	8.393278	9.383789	6.359436	8.012425	8.416384	8.250396	6.696908	8.849315	0.000000
