0.000000	48.988289	31.052264	41.759275	39.117501	41.325953	44.294604	45.837982	48.177276	37.436316	46.814448	30.528445	44.571879	46.135900	14.983527	44.379224	42.887349	44.028384	47.681568	46.612559	30.199828	45.135973	45.192035	27.164945	33.965873	24.271013	45.358232	46.090743	38.668376	47.934753	39.228926	44.470309	29.479017	47.232416	44.726524	35.885830	46.010019	44.713422	38.689074	36.916584	33.427795	40.671504	34.265606	48.811556	43.620433	48.967459	35.490105	47.774962	41.493295	36.162629	45.797132	47.152935	49.089967	36.363984	33.763450	18.636838	22.646103	48.680913	25.036901	22.553690	43.241507	46.312800
45.821533	0.000000	39.638305	42.191249	39.339681	34.200072	42.369342	43.889585	43.619376	49.064299	32.775497	41.912121	43.917869	48.681312	11.922196	34.177989	40.240218	19.516924	43.507324	46.083077	15.722212	21.560127	37.782108	22.593460	41.081347	43.028144	18.025559	42.172942	40.993079	20.396570	48.491626	42.710978	45.261527	34.905451	23.217382	48.858963	41.216083	17.810863	38.732028	45.958125	26.921552	44.054284	44.059631	33.805635	43.004665	40.633723	48.782031	28.805854	39.086861	42.647631	42.218681	36.764108	40.771025	47.590443	24.720116	48.640759	47.513592	40.061416	45.644563	45.687031	28.409022	49.042306
39.383033	35.826513	0.000000	46.922254	40.053566	19.477804	43.719244	48.664712	38.358146	47.828664	38.464968	45.406947	35.399266	31.625780	31.686113	26.745179	41.888907	37.504036	38.102550	37.751747	48.187908	39.081946	45.984182	37.783630	32.462954	45.778228	46.455384	47.549787	46.649642	46.983986	38.318742	28.514032	48.063210	37.841516	41.287701	46.017149	34.783508	46.294515	48.352817	47.396605	20.347531	49.044889	27.411020	28.675794	49.067064	33.726618	49.011005	48.659572	48.849972	46.771290	43.393847	37.073644	39.998046	30.907467	22.260170	48.593356	35.285769	37.429242	32.297668	48.515020	48.279094	48.055345
49.091421	27.310377	45.200548	0.000000	22.240500	41.648274	46.558065	32.221103	41.516399	43.451021	28.796786	42.820180	41.595066	39.843367	20.520365	48.086625	36.876718	47.743204	45.357697	48.246121	46.627166	26.652197	44.195270	44.864704	42.332788	38.688906	39.891922	28.446281	37.679461	48.401671	46.745931	40.035609	31.604941	46.896213	42.406813	42.200428	46.943038	42.261074	48.069865	48.661046	26.915140	47.031188	48.350189	32.959120	47.057041	43.172297	39.094234	21.146684	46.913849	35.506753	43.319578	21.678150	16.636195	39.851558	36.792841	37.249512	39.848358	49.061292	37.822409	43.080145	31.763058	39.283719
48.968937	45.830967	43.566951	47.012176	0.000000	47.162803	34.729899	47.961236	41.128333	27.861760	45.397345	41.473635	38.143811	48.778540	33.907687	48.395610	41.379676	47.807784	29.206364	30.957923	46.994337	41.799744	48.547294	43.867258	23.446167	41.854353	21.254384	35.243612	31.615987	41.525573	45.985354	34.161952	39.264726	45.552780	48.754408	42.971804	21.477895	48.121882	37.363173	41.470678	47.054223	24.521995	20.631979	38.016635	48.353047	42.021762	21.807128	42.532029	48.834874	32.751882	48.539938	27.829706	38.889475	44.917867	34.472458	48.509466	40.757019	20.315687	24.161954	22.509667	45.247383	32.492790
27.490596	36.279936	20.776659	48.961649	39.756910	0.000000	46.075191	14.985040	47.091027	49.030414	34.353886	47.096573	30.130462	40.662513	46.647199	41.504768	38.959070	23.800936	48.964546	29.572804	16.656060	38.180340	36.264578	41.092690	49.004350	31.733336	34.211225	48.118549	27.924152	43.694139	41.615489	40.442474	36.769776	45.202640	31.488378	48.470593	41.060109	44.845873	47.335531	37.247889	39.792159	43.856685	47.896626	39.463542	18.630498	40.311490	44.537785	47.606086	33.534658	32.635790	47.174597	31.058600	36.928827	32.277091	44.693431	46.774395	25.944394	44.557292	42.817877	35.291720	41.982559	23.691744
40.525820	45.828761	35.862290	30.339217	41.580425	39.485876	0.000000	41.672057	34.215456	39.505582	30.488422	48.174864	17.085184	40.723988	44.431650	44.205400	43.887298	43.691243	45.981520	39.329414	46.587613	40.232683	36.276064	42.485731	45.160218	45.898611	47.753788	40.550965	28.064762	33.247808	33.222020	38.110607	41.081257	38.808961	46.897447	43.269838	32.147422	42.017979	42.902968	48.479923	48.679268	48.139465	37.078715	47.436624	40.588219	41.206886	34.636313	39.383319	47.375120	46.800078	44.758825	38.850947	48.168574	47.973149	40.979481	41.090797	44.848706	32.290847	48.524903	40.174762	27.553558	47.616264
49.083921	31.974980	42.135765	32.767181	49.017627	37.633115	47.942801	0.000000	48.037273	37.481171	28.662721	43.972470	46.374304	39.152484	36.042269	25.247444	48.787599	26.565356	32.629123	46.685438	33.821549	26.284512	40.472059	45.620798	47.373775	43.074578	44.306189	38.635318	42.635101	31.662005	43.400178	48.308260	44.854311	45.679521	42.715583	49.025748	33.492945	32.774934	41.233407	23.794894	20.605428	41.469255	48.734159	21.656179	48.887134	46.484394	48.210029	38.528118	35.642072	41.394209	44.501583	20.153586	45.130959	35.536879	20.591946	46.848272	43.036340	48.799834	36.650545	38.639663	47.970986	46.516783
34.683228	39.701799	17.672039	36.865897	42.367211	48.094780	40.046575	32.423497	0.000000	47.937787	37.471567	45.411560	48.879867	14.072531	46.922256	48.303430	43.406030	36.093182	46.480432	43.036843	47.114578	47.715156	31.762526	45.522540	47.957293	26.969069	41.576471	46.193683	35.502498	44.641879	49.067514	25.619167	26.888235	24.576667	11.016686	37.412275	48.049386	23.485575	43.720573	47.417957	38.321878	41.822596	40.049563	19.924396	47.966067	42.692752	43.602699	47.712968	19.129559	28.039856	45.637176	36.377383	33.609545	48.093527	47.846060	30.170310	47.167920	30.391794	48.116726	48.497813	46.799664	47.732392
46.392848	44.312547	48.502674	43.065051	21.594686	34.023113	48.792296	36.000400	22.585902	0.000000	34.304002	48.932423	47.803156	42.977647	46.302315	35.028081	27.670184	27.758277	21.415173	25.532434	36.017511	44.597697	27.578144	29.063760	31.070866	45.198813	36.631368	34.857675	30.189019	42.157290	48.669110	33.807099	48.977990	41.474520	34.697084	46.282479	41.898104	32.159237	45.923149	45.317408	32.329603	37.856810	47.133985	27.905247	37.415314	40.239412	34.432534	47.353693	22.371781	42.285723	37.433259	40.299986	43.360904	48.756574	22.755009	47.073403	28.992326	48.453139	45.397847	44.365768	46.999897	33.397201
44.924605	48.842358	43.209072	47.881755	35.003042	44.490380	33.948063	40.350510	30.548908	45.198470	0.000000	44.195868	43.710677	42.631983	33.204320	32.896184	37.330051	49.029171	44.797671	44.086205	45.238022	47.970568	34.676375	45.943610	25.010949	48.219976	41.919791	24.123096	46.975807	24.195823	36.525069	45.553137	31.002550	48.477738	47.645696	47.566251	38.548309	42.332068	18.250546	41.759089	32.675023	47.828973	42.392264	39.613177	29.529395	43.445642	48.921171	48.668078	43.838813	48.817903	48.822195	41.161534	38.418847	48.377244	28.243672	35.682753	38.587863	43.352419	22.342304	22.846626	40.209893	44.198368
45.502594	36.586360	47.614570	45.050756	37.912494	47.879306	47.086215	44.794501	49.053136	25.548777	43.917228	0.000000	46.223795	48.969606	47.977869	24.015199	47.221632	44.829640	40.103338	18.238934	41.918270	43.719403	39.053244	46.384884	37.374510	36.494870	47.559736	38.079286	48.218961	27.550767	27.461198	34.008232	43.542694	47.750053	48.478911	46.054675	44.294161	39.201465	39.005904	31.755358	42.292692	44.281882	38.070042	43.382227	18.080137	39.204222	49.092355	42.244688	48.372083	45.131759	46.250232	23.258583	47.002249	46.859529	39.720400	32.045362	32.727672	41.792935	22.466780	48.828883	38.743422	33.430939
47.359497	38.767839	39.358446	26.016733	42.759592	48.843200	37.738837	48.504490	41.920854	43.669604	48.913409	47.973572	0.000000	28.530346	48.636472	46.145593	46.922498	41.645297	48.962281	31.766696	39.663486	11.833942	41.271867	46.461528	41.478482	48.494266	47.798845	35.379949	43.609954	40.632285	45.338357	20.422475	43.400655	46.861263	45.978431	45.901444	19.375496	39.828660	44.727623	39.660389	25.389531	46.606529	46.928857	44.123219	16.154156	43.877911	43.429370	45.648445	36.186808	31.366772	48.021292	45.332452	45.946500	48.063412	48.432688	37.844595	42.183531	13.813979	32.235471	27.119148	42.308871	47.720828
35.377737	47.426667	47.054537	44.427174	47.165022	47.922814	44.591007	42.399455	45.682693	19.044215	38.412611	42.106709	44.875296	0.000000	46.085195	11.120429	48.926852	34.506799	38.262488	47.379786	46.803165	48.520495	47.583411	44.244259	28.897095	44.425520	34.408077	42.340701	24.926575	48.106071	47.826344	33.734273	28.628528	39.766181	44.329115	41.183204	28.263493	46.742556	41.449447	46.405453	45.417841	46.559810	34.807575	44.228501	38.185472	37.152083	46.747641	40.425067	18.572776	37.267556	35.602996	13.210048	31.078717	43.952088	39.155337	44.877746	48.330396	45.488467	33.246942	48.027590	40.935372	47.394136
47.816597	38.176291	42.098295	48.660301	45.826798	48.314567	37.501558	47.698184	40.955610	36.209453	41.471742	25.149035	37.065359	21.283143	0.000000	48.675579	46.055867	46.122908	44.661434	39.437395	29.457089	17.475074	21.166790	41.107574	45.462932	46.280719	43.449698	44.815742	37.678035	46.860172	26.588284	47.308956	33.290911	41.672182	19.384676	37.532866	34.601941	41.630850	47.985795	42.857546	43.911391	26.242030	40.322584	44.396750	48.348071	37.947566	40.624880	35.516504	46.758737	45.694594	35.225536	31.946201	34.941536	30.781065	47.961567	45.061433	44.781533	31.343396	44.441378	49.090692	48.403607	39.345334
42.358943	27.725132	42.195478	39.228328	44.661262	41.296964	35.299504	32.332157	29.685647	48.974096	47.747715	44.854202	48.958593	44.979065	36.760024	0.000000	48.997040	47.182005	39.210313	47.797395	42.067601	34.540062	35.856249	42.687550	40.296298	48.089708	25.462820	39.639714	48.468506	47.259897	45.755348	42.131321	26.982496	36.331308	47.046511	47.437375	26.281295	32.830268	28.618126	48.837280	44.246879	38.897730	25.851392	48.452853	48.757926	34.320730	41.655087	37.152585	30.293345	38.325092	45.650868	43.450198	47.425251	37.740722	48.979889	48.856714	48.870590	44.623806	30.212561	23.993041	48.687413	38.244999
48.412378	36.072600	47.847595	42.849497	47.908127	48.717876	23.786986	47.382086	43.498886	34.381777	22.652908	40.397569	32.225543	36.713441	45.944414	31.067609	0.000000	33.113348	31.507910	33.470354	39.534472	40.003408	40.818648	19.543477	45.564114	17.523472	27.161968	30.365456	47.070851	44.268009	45.738492	48.140988	31.937113	43.235873	22.294271	48.171828	48.422303	43.272863	27.610297	37.406069	44.524363	41.322310	41.477477	46.431757	45.791403	47.941663	43.840467	48.514349	39.061372	16.804386	41.835596	46.157846	47.745517	29.974364	46.541553	34.736984	46.159269	42.562378	44.732632	44.418894	32.717978	15.623871
25.314283	45.358414	40.003046	42.777178	48.691311	45.055519	48.437708	33.313732	20.668775	45.999444	30.779922	19.832706	28.526120	33.823429	49.034174	39.071148	36.843730	0.000000	44.768811	22.040893	48.535004	31.730088	41.457566	47.298905	47.891239	47.664582	36.997296	31.861528	41.069887	27.873663	48.249351	43.490744	47.703264	47.893462	32.419605	31.806764	48.972607	46.748306	45.252582	41.323685	31.606992	44.598847	43.145618	49.082632	36.862124	49.080094	34.234196	38.381582	27.311481	40.682246	48.096373	40.974514	28.573717	48.061088	41.418150	29.400611	24.993972	41.977577	40.279147	48.705909	35.062576	48.762170
35.958262	46.985539	42.960854	37.673739	47.982698	38.614094	46.217643	22.092995	44.299822	49.085917	19.645697	39.405764	47.524177	45.740599	40.513265	14.641680	31.540740	22.375014	0.000000	29.832930	43.039578	22.783711	48.812226	43.335984	29.214124	45.205847	48.660123	46.811402	48.166512	33.507680	40.492549	45.490513	33.849246	47.957440	47.318428	45.666713	39.592748	47.179500	24.934812	48.562026	37.341835	42.257785	23.804015	48.774918	48.975071	43.641876	42.079119	45.503131	41.945033	38.270429	39.891378	47.862277	46.749519	28.848607	37.149770	48.876493	48.105963	45.109909	42.086288	32.613278	47.205322	44.991037
41.389042	46.308842	46.303963	35.145853	26.753653	25.015231	37.802032	48.512698	43.504388	37.567452	37.359937	12.327266	26.846491	47.601219	43.320894	27.204257	48.589678	35.539379	41.279021	0.000000	22.758345	24.283891	28.985736	32.328423	47.417096	45.818590	38.840894	45.325100	47.999793	23.664920	34.046974	45.520176	43.258237	48.701742	29.027435	44.295494	47.457873	39.837635	45.065060	25.692758	42.507825	35.239851	44.741543	41.338143	48.819567	49.099610	41.799276	44.438261	23.978756	39.706542	48.991067	23.125093	37.517969	21.226946	39.278294	25.985345	41.711556	48.418476	37.576145	43.560566	33.862328	29.289404
48.848584	46.959438	48.721281	44.273835	44.571562	47.941540	47.540496	27.200173	43.337814	46.413296	36.007245	43.100793	36.030752	49.085711	35.335933	45.487365	43.840916	26.937371	48.833318	48.820026	0.000000	46.270316	25.752114	33.761482	44.682681	31.695062	44.646580	34.600847	33.501070	43.428736	24.562983	32.343999	48.554294	40.505048	48.899054	46.985401	46.894427	46.419462	36.088612	43.826313	36.602081	37.882827	40.679065	37.268772	27.026187	29.044727	48.218099	39.973672	34.136341	27.008598	48.479709	47.894980	49.070691	44.665593	27.236629	21.503526	30.826543	37.101203	46.487847	28.244663	32.182952	45.538375
43.859039	21.538385	48.415828	37.887582	46.885797	47.498565	47.737646	26.392649	46.615674	47.464706	43.326319	40.147207	42.652764	20.391608	19.314737	39.481500	49.065813	37.040945	11.760967	30.442987	47.897922	0.000000	19.332688	37.340182	44.016482	18.516713	30.260563	48.598117	37.538922	41.158275	36.828247	23.318810	38.303685	34.775741	44.462732	26.708887	47.992426	48.593262	15.315955	45.501664	45.283387	20.293674	43.567636	36.670562	38.254302	46.966323	45.006252	37.098997	42.818303	46.780962	35.542274	35.132900	44.484957	38.694828	41.407014	38.652588	46.349899	41.377167	32.660383	32.251247	26.032196	40.101118
47.547667	44.673934	48.914884	38.484679	48.827681	40.241481	26.518219	35.577483	46.068629	33.276650	32.713968	42.660566	48.292047	42.128357	41.242766	26.664083	27.862998	44.760581	37.545848	45.746221	48.485384	47.657652	0.000000	47.509715	19.575592	46.227703	41.720788	45.377841	35.840115	31.164241	43.786536	46.400249	23.439482	47.952759	48.877403	32.988931	48.851429	47.347840	45.389066	40.213150	37.268021	38.249450	34.790238	46.590015	45.069457	39.634348	34.396559	40.708143	47.357341	43.464366	46.334299	42.479236	30.254503	46.008842	38.940188	48.886498	41.436131	43.148213	48.842961	45.069336	42.862861	37.462045
40.807795	39.043685	48.602491	45.861085	29.030963	28.673478	42.053481	37.043936	37.484913	47.574714	49.005701	35.800668	34.567835	22.014712	47.949417	41.667848	46.326194	46.571551	38.691444	36.152814	45.931803	27.990700	47.705600	0.000000	42.681852	49.073567	40.335885	48.389695	33.518901	41.447544	40.714763	39.423279	32.849510	47.738215	46.859145	46.345680	46.695343	43.198459	48.599979	41.448718	47.481188	40.445582	46.968740	37.496013	46.760849	41.267239	46.416900	40.957687	48.801489	33.138642	45.243321	46.589761	47.278321	28.336583	37.417166	26.885740	44.316128	39.376030	39.030657	48.667777	36.534120	26.509266
46.079987	43.919892	38.847413	32.476213	41.706116	46.858206	41.922518	30.596906	41.394177	46.539563	48.228420	43.383872	16.745021	48.130879	24.201828	47.076524	31.023829	39.464829	18.719411	43.200410	37.052397	38.630084	30.928470	34.912418	0.000000	48.560929	42.889645	32.115913	35.391590	25.246568	30.154864	46.664670	19.676442	35.033220	17.212725	41.178810	43.780342	43.833747	42.986529	48.180233	31.238149	26.799540	35.125056	48.004096	49.007210	30.734153	43.740781	39.973129	48.575142	48.275902	43.846563	45.300862	37.412689	40.289035	48.789622	46.681432	48.953629	48.962652	46.741784	44.730148	42.478417	34.574871
41.973550	30.764781	40.700469	44.603914	38.036874	45.260782	23.063391	29.137545	41.999836	37.365570	48.887126	35.065996	45.759616	38.250454	36.371482	47.283176	45.783678	40.976040	44.658927	38.761150	43.407782	47.988941	16.020355	47.436882	45.430099	0.000000	43.570008	41.726095	28.854062	41.194248	48.217521	41.962164	35.334901	37.414700	49.086071	42.162751	45.346672	46.919043	32.951118	48.188194	40.302088	28.915823	40.118570	41.984719	48.438506	43.525588	41.481719	46.829939	46.169577	49.028851	44.151292	36.797901	43.239535	49.095213	49.086900	38.772763	43.410341	45.733625	45.607021	29.939641	46.493671	48.789819
36.557419	37.292041	43.550707	40.065335	46.681491	33.500170	46.069325	41.786470	48.975430	39.413651	33.999380	48.043267	46.252018	44.003852	40.575524	22.574881	42.029999	46.949464	36.049379	46.655006	43.050230	25.035778	35.228079	21.621138	33.072385	41.545703	0.000000	13.666261	47.833827	46.937138	48.972613	36.822885	39.760823	46.750060	45.316626	29.106300	42.426724	43.820858	31.043082	21.712098	41.589235	21.198313	48.812399	21.427003	45.494345	40.799459	47.364410	45.494849	36.123676	42.651596	47.094100	44.655960	46.986647	45.108840	31.629102	46.168980	44.785162	48.484261	24.508000	31.332100	22.018051	18.718298
47.082998	38.802123	34.122891	46.337857	48.854596	38.677927	48.083624	23.847689	43.681737	47.750089	39.810119	28.868774	45.500486	35.133944	38.915644	16.482377	41.545439	27.673266	43.385124	41.052199	45.400913	26.868787	34.315655	17.682378	47.729471	46.211853	44.746811	0.000000	28.489297	36.058014	14.218874	45.396865	42.810645	33.885032	22.534315	48.276346	47.835490	48.705457	45.790869	36.920913	39.794128	32.535472	47.955774	42.696886	45.677385	33.819357	43.537508	41.371933	39.179242	16.392263	34.346331	37.972820	43.122262	39.733071	46.520389	46.567234	15.345672	46.665271	30.744761	42.160415	46.099798	48.824754
48.244007	42.517924	25.010548	37.827705	47.272528	39.631666	37.878164	29.180202	48.752575	33.634521	42.339023	46.346523	48.744486	39.885555	47.770097	46.619155	40.563874	45.216173	46.285367	34.523353	35.544776	47.627390	33.195852	47.302928	42.577974	21.111604	39.359216	25.271616	0.000000	48.942350	37.779236	13.684102	33.518955	48.840545	46.299556	25.333771	47.223695	26.520786	47.073329	46.786590	29.083343	43.503184	37.642266	25.978035	48.674630	40.536965	48.405725	12.185396	40.252614	47.507185	47.900942	49.041925	48.152797	48.584041	40.037140	45.833915	30.369137	24.389653	34.160425	47.277430	46.538777	42.813660
49.059792	15.177383	35.641966	22.129849	48.794730	24.631527	46.116931	29.151793	48.058369	27.848485	49.077026	42.656099	35.565575	44.950106	31.045054	45.429642	49.060030	37.268940	46.516950	25.381248	25.437158	44.898577	43.721868	32.258079	48.755811	45.276240	40.879688	35.299528	48.671028	0.000000	47.646854	46.024050	18.743014	41.018756	47.594773	49.021166	39.985582	37.343923	43.465841	32.006670	39.269715	47.742997	46.106409	45.403511	48.478863	48.087725	40.717347	47.804230	48.858099	43.457750	31.614378	33.833017	49.076682	33.510611	39.093713	40.612314	16.889164	41.078521	42.795502	29.193175	22.847719	45.044557
40.443413	42.640024	42.053457	30.644875	46.639782	46.288916	43.952324	42.806791	29.626982	26.075223	21.121665	46.557416	37.791291	28.433564	17.507734	42.035347	47.589039	44.822160	43.640814	45.664666	45.897550	48.254028	40.544022	45.041675	46.861311	47.682919	45.069521	36.841028	24.663768	42.860913	0.000000	30.002702	30.830217	31.978749	28.026466	47.697000	37.997206	46.957713	40.462241	36.693599	48.727400	37.717060	45.527604	22.035663	32.384923	44.883984	36.349949	36.552303	48.062493	45.044896	26.624474	43.670352	29.882797	42.605862	47.968092	46.869602	47.550114	29.920026	39.572723	25.688909	19.104762	48.116931
23.870309	48.149668	25.850437	45.696978	44.565585	33.862525	35.215874	45.255437	46.950390	36.783166	44.008704	46.127193	41.244487	40.582390	21.015939	48.691087	47.772832	19.272335	48.074036	49.039321	48.624828	47.642709	43.351387	48.968244	46.911040	48.649071	48.953222	48.597139	46.615814	41.459501	41.175858	0.000000	48.414712	21.705282	49.045601	46.436420	27.637613	26.892171	46.425700	47.823082	23.484575	28.952805	45.519236	47.779847	48.824102	46.271688	29.603915	37.839423	15.784801	22.134258	45.227659	42.574661	42.427503	44.143908	29.520669	46.035276	40.264786	42.652079	47.170200	49.041385	15.695769	25.983103
35.723229	43.021188	41.261245	38.665884	24.744804	34.243940	32.828469	43.631871	44.061167	42.029878	47.345064	48.815646	43.658105	46.403092	48.018568	43.754530	40.831213	48.316843	30.743262	33.698066	48.749168	33.160257	48.937972	32.296135	42.063314	27.463532	41.329215	21.947573	24.286862	35.798171	37.981482	22.970447	0.000000	43.755233	40.854968	44.602655	43.910191	45.112877	28.075463	41.798567	42.070430	47.103492	36.718165	38.723288	44.529087	44.358043	21.281476	35.076373	48.417922	43.490899	44.888025	48.530635	25.559191	30.809556	45.984077	43.819966	14.456391	43.007907	48.566374	47.921637	40.078325	45.456233
36.382578	44.824717	41.067738	45.384341	15.219840	28.696438	33.403244	47.396607	32.252668	34.621360	34.407003	33.978997	45.874972	44.247931	30.320637	39.624506	31.404456	23.466822	48.243681	32.866915	44.577055	34.887163	26.131442	47.249261	48.727420	45.825120	41.938592	30.629357	26.614516	34.979141	44.025728	48.340117	48.736119	0.000000	40.918680	23.307747	41.311404	32.969189	46.085163	42.727820	27.132077	44.896799	25.742787	48.959297	48.493211	35.875465	48.182249	35.448959	31.567610	25.551802	31.859183	39.788674	44.845398	41.366218	45.663879	36.736603	47.601682	31.295444	32.995793	40.910682	48.824555	19.990118
48.067765	42.072237	47.666782	38.047574	46.234546	45.925881	27.780100	43.125874	46.979756	46.832249	28.386370	43.462049	18.767673	36.250367	41.663659	47.633758	47.391706	43.875758	35.865541	42.432951	32.809722	43.286006	46.319903	35.350254	46.911877	42.666522	37.506243	23.398302	38.218583	35.081432	42.003928	44.359916	34.253426	44.497897	0.000000	35.007304	48.428664	46.540172	36.593944	45.584709	43.021011	31.109832	25.224500	28.817979	43.977545	37.765760	43.289098	24.559578	35.235514	21.686162	40.033269	37.274186	45.421528	40.670249	31.893106	23.744647	30.911217	37.730493	39.906148	46.160141	25.523604	40.233301
48.525489	44.074259	43.894587	17.088380	18.890233	32.512017	41.458489	32.456586	42.733829	47.063787	44.837758	45.249160	46.599632	41.876456	45.105447	32.242874	42.183382	28.566610	41.698013	49.081754	45.310655	48.607511	45.633813	48.864688	40.519953	44.588689	43.933372	48.452208	45.944367	46.974923	44.776879	47.622217	49.012902	48.080867	42.712682	0.000000	36.767308	41.619570	43.685172	47.968611	42.381966	48.223103	32.851298	46.151523	48.767559	48.790778	33.384488	47.619501	48.544581	19.895025	39.418739	42.534284	46.186548	48.614460	39.582770	46.122336	46.929719	37.642128	47.915717	35.688203	20.246637	49.062252
47.996570	45.354087	45.165989	48.377878	32.696480	35.756268	35.845187	39.296974	47.976424	49.057741	27.095010	36.015053	44.132701	48.982640	31.637541	42.618967	38.734186	41.823838	36.236751	30.237036	43.276433	36.943356	22.987973	25.784020	34.152396	48.102054	41.616754	45.860649	39.067386	46.718528	18.485575	49.088131	42.391263	42.271867	48.256444	32.112384	0.000000	40.159583	41.021939	32.398391	45.383888	40.967526	37.727150	47.670860	46.654810	43.745853	28.011978	48.709074	46.894092	48.189487	47.173113	28.569766	37.911525	48.772810	12.210011	32.776489	28.834837	31.479689	44.987507	35.535700	45.034804	39.331791
42.088776	46.601057	44.105303	49.028929	44.965817	48.571070	49.059272	35.743287	40.215128	46.511607	40.879917	44.700074	34.695707	43.120609	40.083801	46.053319	44.348181	44.592520	43.093705	46.303666	46.370078	30.887940	39.623219	39.214106	45.367201	33.327624	45.065412	46.578569	44.822918	38.045819	31.124622	48.283880	32.885188	42.936778	44.629320	45.201475	44.865996	0.000000	46.479381	28.103102	39.312514	36.046666	26.605356	44.383064	30.145400	36.050817	38.757635	31.927411	43.911620	34.934761	43.342075	46.592670	45.447394	36.633822	16.138170	31.151513	47.383573	41.574725	38.935379	46.743158	44.294925	27.919332
37.456326	42.437302	41.558586	41.947084	31.312754	48.183848	40.670126	42.008729	40.126567	22.762449	44.851746	26.471897	48.950946	37.800305	44.668875	45.606966	43.820879	36.673929	31.836919	44.501725	45.367413	48.594357	27.674227	32.435578	39.486101	47.664644	39.266177	30.943130	48.308612	18.834156	35.294528	44.927254	34.288647	49.099130	31.302158	43.544348	47.418337	25.318925	0.000000	49.018337	15.873937	41.188670	45.179435	27.801011	45.123207	34.977005	42.090214	35.580986	33.017909	48.312431	44.787244	48.546650	48.874990	43.671809	30.634485	40.566762	43.568168	38.290346	36.236075	20.699822	34.127805	48.554791
45.479506	49.067998	45.984040	48.807406	45.377880	49.001385	44.384690	39.419258	20.574376	44.353500	41.744008	15.661311	47.872265	32.099379	37.417830	46.979720	49.059892	37.395799	19.325915	35.605976	42.029170	37.430883	13.796986	40.327543	47.314055	33.535884	33.925124	34.737854	39.543544	47.354860	40.073361	48.509521	48.623042	17.904527	26.887117	34.720337	44.816935	32.136384	38.199330	0.000000	22.385745	48.224697	29.611999	43.909845	42.976395	49.003712	29.624936	46.800851	38.677988	15.828211	29.877867	36.679360	47.958911	46.676516	44.733909	48.685134	30.828381	46.596172	48.393900	38.276351	31.351639	48.827669
48.210414	36.633626	35.660032	24.188747	34.083894	32.754968	43.629677	35.505039	16.179007	46.265042	37.829727	37.176376	28.411195	27.746388	47.303954	41.413290	48.593929	42.442734	42.140333	46.067475	48.929658	43.585382	36.776011	38.693222	41.224957	45.631618	25.597370	44.774474	25.851268	41.148782	28.407996	49.046133	26.318069	24.918035	48.936376	28.350183	43.151022	37.190560	27.570768	41.510062	0.000000	43.954764	44.583479	42.641988	42.528173	46.652201	44.555339	30.520344	23.159005	48.801037	34.541165	43.368740	44.717951	35.785366	37.376874	46.704557	28.350801	45.082848	47.604118	34.045865	47.939864	47.559034
41.941449	26.243410	43.984394	40.750554	43.883757	46.973831	31.566320	49.018540	47.130944	16.368209	38.579489	38.194537	41.685263	39.838793	40.370114	39.445101	25.096215	44.645026	48.854063	30.582248	44.523157	29.807913	39.047085	29.378293	44.614004	40.317959	46.507754	25.542361	21.875170	40.665680	33.751695	47.523656	43.381213	46.159703	35.224155	44.898245	38.211488	47.744727	46.434266	44.374092	38.794041	0.000000	42.558886	46.839087	22.407737	48.755376	33.629761	36.412925	43.143210	37.499318	47.651605	46.798944	48.382688	46.089228	47.226260	18.130553	16.546642	36.811585	41.989156	17.761828	36.913478	40.885680
44.168428	38.397163	46.292398	31.800552	30.046732	32.205066	39.286363	27.144865	40.031813	23.842065	48.044740	30.910028	42.956833	42.119757	48.917462	46.287887	44.591532	38.212051	47.811801	46.265469	31.568037	37.477399	47.284289	23.416186	43.008541	32.572635	44.837945	28.046245	47.961875	48.574252	43.122127	44.120032	47.756061	20.961853	46.772745	38.224566	47.024091	44.819796	43.981043	33.775362	20.556338	41.239417	0.000000	47.108648	40.422307	42.478701	37.378793	48.014038	35.192799	22.032037	42.300090	46.792634	42.085295	47.917941	35.859138	48.929419	48.987324	42.151866	44.912691	43.217856	39.407254	36.610863
23.998148	36.433613	47.262430	44.395648	39.475209	41.489439	44.761359	25.875464	48.920900	33.739608	49.010358	46.562894	31.697459	48.661560	44.418825	43.106035	37.391812	48.294894	27.147089	47.524535	26.130871	45.354137	44.652252	45.618473	22.901327	37.621580	40.834554	40.477519	37.547983	48.759685	48.442674	39.749988	45.173785	27.679275	31.707704	25.587789	36.762159	36.456005	47.533544	26.072454	15.278584	41.611663	28.581000	0.000000	47.700319	44.302639	47.481175	18.256349	37.561240	44.537739	44.915033	44.551172	48.793699	46.758055	47.395614	38.491007	28.566441	48.774344	21.800339	42.300630	44.942894	47.281244
38.319837	47.430908	31.607762	46.227815	44.028387	29.865523	45.547411	15.025998	37.909595	45.949583	35.692895	48.701575	43.926229	47.087645	29.643698	38.741393	47.320504	30.942147	47.701854	18.342372	31.736525	44.777601	34.913702	35.664112	45.810039	48.476947	21.773028	37.971989	46.802481	37.013728	47.781707	27.897005	48.604386	28.244812	46.716957	42.972443	46.891587	32.573067	34.408787	24.514643	48.481383	49.041374	42.559153	47.546312	0.000000	33.358460	37.540118	42.128730	46.687456	24.356646	46.879690	30.745178	47.106049	47.962317	43.007963	42.050894	45.877908	22.110666	22.148799	48.280637	41.343827	43.257124
27.910566	35.835615	27.182302	22.117571	43.526700	41.544380	48.582817	47.518864	41.664457	25.909146	41.783172	38.172765	37.695835	30.712863	35.789623	32.322460	34.429758	48.254519	23.337701	47.272327	40.739574	48.510852	30.622333	32.374677	45.881927	40.490506	20.761923	46.648865	23.324593	48.671258	48.710066	25.303688	33.510140	44.582949	30.259930	23.644447	35.561875	47.884975	22.116062	18.834305	34.958110	44.261373	46.575383	31.545069	46.002921	0.000000	36.918864	38.825157	37.381880	40.524247	48.874215	46.289023	46.589250	37.812913	45.278758	27.240411	48.968546	47.865317	43.231556	15.922872	48.147022	17.349886
48.310941	31.338486	44.462916	34.085895	14.329909	46.785552	45.877567	44.404212	42.054728	31.037506	46.974875	47.682097	45.348391	27.884863	46.962435	45.024276	35.548867	24.193474	47.905862	36.799122	43.076672	37.730905	48.242669	43.818722	21.017287	36.779329	38.520403	21.242362	32.908961	37.886671	46.313133	35.601209	48.146736	47.141594	37.251701	44.937015	40.934835	43.309075	40.603682	37.380924	44.955769	43.853057	36.218361	42.578620	43.299178	48.937810	0.000000	27.702969	40.198644	46.954441	24.672717	31.472999	32.280157	39.973130	28.391212	41.135710	28.734772	36.957677	22.286397	36.431125	44.208335	12.896634
36.812661	44.939361	32.675118	32.064293	43.319589	25.359928	48.428425	47.691928	44.825423	31.322796	25.974550	37.393827	36.680167	36.569148	44.163773	30.957844	33.447605	36.082061	25.009019	49.029807	36.445578	37.916332	16.219592	33.857454	46.950683	29.835117	43.204659	34.044932	46.462248	29.818932	38.963028	46.021610	43.715921	48.368931	27.448535	32.123321	29.109505	33.418328	32.248571	47.679421	45.234018	43.330147	29.751742	41.302693	46.314167	19.013461	47.550934	0.000000	44.024818	32.641794	47.573251	30.311360	25.458283	44.793411	20.012899	38.150949	47.520364	43.298779	41.697961	21.604292	39.018040	33.883954
48.843187	41.034388	37.440315	42.326240	21.705024	45.459109	41.703329	48.758718	34.188828	30.498691	29.319365	47.086981	40.129122	46.815425	47.697505	48.865177	39.863581	45.888184	30.418432	34.014959	43.136142	42.500232	37.766851	46.751789	32.351426	42.343914	46.643062	38.204413	32.045031	47.608938	38.284604	27.179331	32.013861	49.002898	40.418871	44.856682	32.940447	48.222893	17.061890	28.418131	43.341162	29.329828	41.861914	36.222029	46.477329	41.971688	47.255885	45.614058	0.000000	48.624513	44.140658	43.127902	45.142175	22.463296	34.798504	40.943781	39.816729	35.110275	33.397354	29.269184	45.643805	36.266023
34.273483	38.987247	45.272342	47.858209	47.609376	45.443650	43.008258	49.022400	41.973860	46.840908	48.089659	34.436197	35.296627	38.843030	46.102130	28.074521	23.682568	46.885913	47.339912	32.889923	40.993926	46.158634	39.387291	31.632374	14.556126	47.265009	47.452808	48.776009	37.396613	47.100545	29.953793	37.068668	31.233196	47.608363	44.883188	41.384392	25.821142	47.154692	30.655177	39.570902	30.652530	46.111170	42.843833	33.144341	34.058403	48.575056	43.175193	38.747406	48.863277	0.000000	45.065443	46.004054	48.878653	41.514791	26.759819	21.361104	14.244132	32.333413	49.007432	47.305210	37.454523	42.915756
24.464010	39.626313	39.202686	34.456744	45.320301	30.794157	44.798645	41.645005	32.684066	44.065772	32.552053	40.406976	39.874614	40.097325	39.295640	33.648264	45.442884	38.754351	42.626769	44.919816	40.820619	48.109660	42.848108	48.848808	45.892269	48.853206	48.327374	36.716535	40.108179	46.511140	20.438547	45.174908	13.435375	46.190569	27.752163	42.108767	47.213641	28.082656	32.231078	46.914218	26.828412	48.314023	47.350915	40.132125	45.524931	47.964227	38.783949	48.376689	41.853462	46.450776	0.000000	16.183407	33.467703	47.645545	46.911016	46.313465	43.023695	33.046802	39.869422	46.439824	36.917099	36.133348
47.510067	42.684053	47.911053	30.905711	33.960244	39.670861	48.769940	48.000602	44.385104	24.420781	44.003252	42.496597	47.742913	46.350132	41.331833	43.535787	32.215808	40.093425	43.464913	45.545384	40.039484	34.123231	48.783644	45.438754	40.301069	24.494701	34.537039	37.338413	45.779175	38.238681	35.081686	48.989324	34.664241	24.230671	44.925075	32.906410	48.777276	48.597206	42.086653	46.351112	27.419052	48.991513	38.264139	28.576143	29.302135	36.382743	48.104462	29.117015	44.247840	23.237348	32.595861	0.000000	34.340006	47.737555	33.483840	43.327491	26.267714	47.175437	31.909992	21.908739	47.315015	37.200273
37.905474	29.757416	19.551688	43.211869	25.261913	33.406144	29.007916	38.525293	35.937582	41.141688	41.539483	39.699385	45.974105	28.882355	30.810042	28.200098	45.017886	43.981089	47.934555	48.002439	47.133895	27.332630	30.073167	48.480534	44.319448	44.716451	45.103900	38.202891	21.891668	47.491926	28.725366	28.427629	48.360568	15.808122	46.134779	29.957703	47.517987	27.628050	48.289103	38.544625	29.395916	28.813047	36.192419	28.546859	48.939545	47.022357	47.894697	30.223565	44.908461	40.508407	47.631207	43.786604	0.000000	43.309142	30.477561	36.907317	33.200422	34.322077	45.449195	46.070284	47.452898	47.447829
47.843553	43.990063	38.197001	43.543888	28.779568	33.757748	47.181795	44.333576	48.468295	40.659997	45.580535	47.768401	41.596093	14.146701	43.388335	40.168410	30.932264	24.129968	41.422860	43.329861	45.075523	46.622294	44.492001	18.378325	44.267237	47.709365	22.587175	38.333470	43.636929	47.622792	45.658415	24.812542	38.424426	32.603068	43.561074	29.483119	44.031305	47.263504	47.104651	47.605650	48.871176	45.186312	23.645812	31.145720	21.588444	28.821990	37.132285	27.429887	42.473057	40.629325	43.730558	21.448690	41.824404	0.000000	43.221126	48.452747	44.915789	36.069932	41.991137	46.793931	48.234506	49.000753
21.554419	37.198773	47.102515	35.754618	42.801232	32.714840	46.764228	18.503550	26.956776	48.966214	24.831425	42.049864	18.355985	46.243535	48.393828	24.145829	48.964682	38.005413	17.135366	49.045218	31.315024	43.173070	26.812990	43.368376	27.069219	39.228062	46.410103	40.219889	23.417430	47.317662	47.122740	30.230837	48.507749	34.878214	48.561199	34.261108	42.739716	45.825831	36.528091	47.285230	45.169638	34.562910	46.762122	20.068863	43.972607	48.538965	42.043637	30.107799	26.701131	48.839641	43.064514	42.311051	29.254193	27.074535	0.000000	43.610871	46.668786	42.166607	45.885520	44.856135	44.009796	42.955660
41.955129	48.220444	28.627433	31.795095	38.539449	48.185496	26.008124	26.665880	38.100683	35.286864	19.307612	36.757460	46.329095	34.338641	22.139578	41.197873	27.824177	39.535973	43.578048	45.302183	43.827732	48.608319	29.157588	44.797502	45.252678	41.525563	33.594986	45.318859	23.965331	44.236323	39.531725	44.693073	29.945739	39.540435	18.434280	46.905975	21.338551	41.701783	44.502058	45.729923	39.209836	33.317510	41.159256	41.233922	48.682919	38.287715	48.801825	45.184515	44.812472	48.718665	45.769011	41.927220	45.537902	43.093499	43.176430	0.000000	32.031139	27.515079	46.333705	46.282296	39.110828	22.256154
40.215695	40.839810	43.597545	37.708476	48.595603	45.444171	33.044884	46.871466	36.329382	42.109857	43.482635	38.021034	44.750926	12.961487	33.467375	33.226776	37.899014	47.011119	46.604646	27.790739	45.921707	46.570480	48.251116	42.403789	47.449076	45.304904	40.310538	43.088874	30.477151	32.482732	48.889242	43.454072	44.523092	27.119106	30.827334	30.022345	41.968629	45.483989	48.490105	34.308442	47.708677	47.093400	48.734348	45.980002	46.812881	17.860669	22.332683	47.611818	37.749857	48.772554	48.067039	41.022935	40.634860	47.298107	42.994634	37.249028	0.000000	21.841503	16.632132	34.544929	42.949711	14.131678
37.436902	43.182305	48.231232	21.379669	36.964376	37.377844	46.524700	41.881497	43.506166	35.695925	35.029010	47.762382	46.814537	31.500920	26.940123	34.126717	42.666608	45.906041	44.850813	48.534000	48.880251	49.040899	48.939817	42.047975	48.496394	37.651930	46.220524	44.428217	44.040243	28.734384	42.579944	32.026257	44.365521	41.068112	45.695835	42.484605	33.790507	43.836612	39.838941	36.358074	47.184332	26.334556	39.485054	28.457945	31.460546	30.987729	44.648406	43.492064	41.173337	40.734621	32.053305	46.815253	39.112748	46.262783	34.355522	32.120552	31.293890	0.000000	24.020261	23.351815	47.454000	45.093501
43.019014	19.005135	35.246765	30.079150	36.108817	17.870294	17.380447	39.184942	48.829103	48.279990	44.514197	39.158198	43.697294	48.220849	46.717416	47.579367	43.466012	39.858642	43.733910	46.178296	48.925385	47.357192	42.201518	48.346633	41.608859	46.450891	48.716930	48.805653	40.804665	40.495652	40.613587	40.925048	47.956096	40.998517	47.544269	47.563992	46.615312	44.158830	16.371128	44.683130	41.840869	44.040220	44.865858	46.950539	43.858790	23.429393	48.441066	43.179735	34.454659	41.522609	47.340617	39.939048	27.977495	41.009406	46.184073	38.127584	45.125931	36.063697	0.000000	46.214554	30.636994	47.453200
48.880373	40.619544	45.347765	40.102920	29.659125	47.095347	46.607777	43.952981	27.887173	38.132919	48.817362	24.551392	47.702656	34.144595	22.677343	39.627508	37.014647	43.219959	44.261656	44.652105	24.571673	42.799240	43.011699	47.302330	44.041704	43.800500	21.971917	42.698081	37.277954	39.394287	48.916078	28.424999	46.514409	38.858633	28.651778	34.205861	35.578880	43.042826	48.961190	42.708728	19.612042	20.023678	27.056052	48.754057	34.587518	45.731961	37.524946	42.034140	44.300316	21.807823	33.885403	32.260603	45.410585	44.689220	46.130879	32.629112	47.896131	33.614097	21.410862	0.000000	28.168457	46.936758
46.825372	42.735520	31.099115	37.468118	25.725805	25.563393	42.104109	48.093449	27.485648	32.899402	39.690298	48.995377	28.492563	48.564644	20.347887	28.571433	46.314381	43.277113	47.617098	47.516314	42.896091	47.770838	46.175127	29.689809	33.485638	40.542801	15.845458	47.690669	47.555888	31.055514	26.772576	42.902256	47.540361	48.865328	43.738588	28.124614	42.506615	38.624064	27.086664	47.639195	40.336149	27.570117	42.697624	47.292226	46.464497	45.663021	44.973340	34.826748	44.839773	18.256404	42.338296	42.570128	48.499601	45.360482	33.403464	48.614138	37.098979	48.962821	39.926058	48.597428	0.000000	31.271555
47.477227	26.157654	48.183003	38.794289	45.959642	47.778362	44.350715	46.379189	30.986782	46.158652	30.773170	49.010259	42.567832	46.576145	37.306150	43.660961	11.283468	46.785426	33.136164	25.578794	48.420662	48.937063	37.357566	39.515421	29.095064	21.664734	44.164630	43.066037	23.455460	41.761866	48.324000	34.025598	42.718340	33.725996	23.904543	14.795297	34.099178	39.987820	22.997100	44.258198	44.477104	48.161993	38.331334	32.641261	42.034665	17.530183	12.370313	42.830944	45.372118	46.078250	47.559326	31.750533	45.127676	42.839872	20.629207	43.710595	16.979235	38.733932	31.783905	45.102653	18.582660	0.000000
