0.000000	22.897785	14.514245	19.518846	18.284046	19.316306	20.703893	21.425289	22.518706	17.498237	21.881702	14.269406	20.833495	21.564540	7.003502	20.743446	20.046123	20.579459	22.287006	21.787336	14.115805	21.097161	21.123365	12.697260	15.876106	11.344598	21.201047	21.543433	18.074119	22.405348	18.336127	20.786020	13.778889	22.077066	20.905779	16.773519	21.505701	20.899654	18.083793	17.255308	15.624601	19.010408	16.016205	22.815178	20.388777	22.888049	16.588552	22.330659	19.394524	16.902899	21.406195	22.039915	22.945310	16.997015	15.781490	8.711109	10.585093	22.754113	11.702584	10.541898	20.211662	21.647225
21.417601	0.000000	18.527476	19.720757	18.387896	15.985573	19.804000	20.514582	20.388283	22.933313	15.319708	19.590289	20.527802	22.754300	5.572595	15.975252	18.808819	9.122473	20.335908	21.539850	7.348773	10.077493	17.659865	10.560487	19.201974	20.111933	8.425389	19.712200	19.160716	9.533631	22.665638	19.963685	21.155846	16.315277	10.852117	22.837336	19.264951	8.325037	18.103870	21.481445	12.583495	20.591565	20.594064	15.801208	20.100959	18.992748	22.801377	13.464243	18.269724	19.934076	19.733579	17.184038	19.056925	22.244413	11.554515	22.735345	22.208492	18.725244	21.334882	21.354732	13.278759	22.923033
18.408159	16.745794	0.000000	21.932092	18.721575	9.104187	20.434962	22.746540	17.929113	22.355761	17.979043	21.223817	16.546093	14.782315	14.810515	12.501056	19.579438	17.529891	17.809644	17.645674	22.523676	18.267427	21.493625	17.660577	15.173621	21.397359	21.713871	22.225410	21.804670	21.960947	17.910695	13.327842	22.465390	17.687633	19.298427	21.509034	16.258279	21.638679	22.600756	22.153810	9.510709	22.924240	12.812279	13.403451	22.934605	15.764275	22.908403	22.744138	22.833134	21.861530	20.282867	17.328720	18.695624	14.446565	10.404703	22.713188	16.493043	17.494931	15.096364	22.676573	22.566297	22.461714
22.945990	12.765237	21.127344	0.000000	10.395509	19.466963	21.761865	15.060577	19.405323	20.309591	13.460005	20.014728	19.442093	18.623325	9.591494	22.476335	17.236674	22.315815	21.200797	22.550885	21.794164	12.457595	20.657463	20.970366	19.786914	18.083715	18.646020	13.296174	17.611886	22.623592	21.849676	18.713182	14.772574	21.919920	19.821515	19.725047	21.941807	19.753394	22.468501	22.744827	12.580498	21.983009	22.599528	15.405536	21.995094	20.179312	18.273171	9.884244	21.928163	16.596334	20.248153	10.132659	7.775981	18.627154	17.197469	17.410923	18.625658	22.931907	17.678702	20.136239	14.846480	18.361738
22.888739	21.422010	20.363779	21.974123	0.000000	22.044528	16.233222	22.417727	19.223936	13.022961	21.219329	19.385334	17.828930	22.799745	15.848909	22.620759	19.341417	22.346001	13.651447	14.470149	21.965785	19.537762	22.691658	20.504146	10.959054	19.563287	9.934585	16.473338	14.777737	19.409611	21.494173	15.967756	18.352861	21.291982	22.788466	20.085599	10.039057	22.492815	17.464049	19.383952	21.993776	11.461910	9.643664	17.769486	22.600864	19.641536	10.192945	19.880042	22.826077	15.308670	22.688220	13.007979	18.177463	20.995215	16.112890	22.673977	19.050379	9.495825	11.293622	10.521321	21.149235	15.187567
12.849474	16.957730	9.711290	22.885333	18.582914	0.000000	21.536164	7.004209	22.010979	22.917475	16.057468	22.013571	14.083383	19.006205	21.803528	19.399886	18.209993	11.124877	22.886687	13.822726	7.785267	17.846004	16.950551	19.207276	22.905292	14.832588	15.990787	22.491257	13.052124	20.423228	19.451639	18.903356	17.186688	21.128321	14.718091	22.655807	19.192047	20.961564	22.125264	17.410164	18.599390	20.499204	22.387527	18.445790	8.708145	18.842132	20.817559	22.251725	15.674550	15.254407	22.050041	14.517207	17.261030	15.086746	20.890310	21.862981	12.126758	20.826677	20.013651	16.495825	19.623212	11.073839
18.942313	21.420979	16.762516	14.180958	19.435250	18.456229	0.000000	19.478080	15.992764	18.465440	14.250698	22.517579	7.985845	19.034940	20.767950	20.662198	20.513513	20.421874	21.492381	18.383097	21.775677	18.805297	16.955920	19.858402	21.108493	21.453628	22.320762	18.954066	13.117847	15.540473	15.528419	17.813410	19.201932	18.139830	21.920497	20.224904	15.026137	19.639768	20.053424	22.660168	22.753344	22.501033	17.331090	22.172516	18.971479	19.260652	16.189478	18.408293	22.143768	21.874985	20.920876	18.159455	22.514639	22.423295	19.154360	19.206391	20.962888	15.093176	22.681192	18.778224	12.878903	22.256482
22.942485	14.945535	19.694823	15.315821	22.911498	17.590224	22.409110	0.000000	22.453267	17.519203	13.397341	20.553324	21.675973	18.300397	16.846641	11.800995	22.803980	12.417005	15.251291	21.821401	15.808647	12.285734	18.917185	21.323774	22.143139	20.133637	20.709308	18.058667	19.928219	14.799247	20.285826	22.579930	20.965508	21.351222	19.965838	22.915294	15.655053	15.319445	19.273049	11.122053	9.631254	19.383287	22.779001	10.122389	22.850503	21.727430	22.534016	18.008560	16.659584	19.348210	20.800638	9.420057	21.094817	16.610415	9.624952	21.897512	20.115764	22.809699	17.130957	18.060698	22.422284	21.742570
16.211407	18.557155	8.260149	17.231616	19.803004	22.480147	18.718308	15.155178	0.000000	22.406766	17.514714	21.225973	22.847107	6.577690	21.932093	22.577673	20.288562	16.870439	21.725579	20.115999	22.021987	22.302705	14.846232	21.277847	22.415883	12.605705	19.433402	21.591548	16.594345	20.866214	22.934815	11.974743	12.567923	11.487464	5.149347	17.487000	22.458929	10.977473	20.435583	22.163790	17.912161	19.548444	18.719704	9.312931	22.419985	19.955166	20.380488	22.301683	8.941413	13.106205	21.331430	17.003278	15.709553	22.479561	22.363891	14.102009	22.046920	14.205533	22.490405	22.668530	21.874792	22.310762
21.684641	20.712280	22.670802	20.129184	10.093647	15.902860	22.806175	16.827071	10.556954	0.000000	16.034152	22.871672	22.343838	20.088330	21.642325	16.372596	12.933416	12.974592	10.009740	11.934203	16.835069	20.845563	12.890395	13.584792	14.522941	21.126533	17.121994	16.292946	14.110753	19.704884	22.748596	15.801892	22.892971	19.385748	16.217884	21.633053	19.583737	15.031660	21.465097	21.181966	15.111291	17.694782	22.031058	13.043288	17.488421	18.808442	16.094229	22.133753	10.456871	19.764915	17.496808	18.836755	20.267469	22.789478	10.635997	22.002741	13.551403	22.647649	21.219564	20.737156	21.968384	15.610301
20.998364	22.829575	20.196501	22.380576	16.360892	20.795402	15.867781	18.860371	14.278970	21.126372	0.000000	20.657743	20.430958	19.926762	15.520146	15.376118	17.448567	22.916893	20.939034	20.606485	21.144859	22.422088	16.208204	21.474661	11.690454	22.538665	19.593874	11.275459	21.957123	11.309453	17.072308	21.292148	14.491009	22.659146	22.270239	22.233105	18.017998	19.786578	8.530550	19.518759	15.272745	22.355905	19.814714	18.515731	13.802436	20.307077	22.866413	22.748114	20.490850	22.818144	22.820150	19.239454	17.957486	22.612174	13.201472	16.678598	18.036486	20.263503	10.443093	10.678820	18.794645	20.658911
21.268524	17.100957	22.255690	21.057329	17.720809	22.379431	22.008730	20.937552	22.928095	11.941842	20.527503	0.000000	21.605623	22.889052	22.425501	11.225027	22.072026	20.953976	18.744839	8.525123	19.593163	20.435037	18.254011	21.680918	17.469348	17.058193	22.230060	17.798770	22.538191	12.877599	12.835733	15.895905	20.352440	22.319016	22.659695	21.526574	20.703686	18.323292	18.231884	14.842881	19.768173	20.697947	17.794449	20.277436	8.450899	18.324581	22.946427	19.745735	22.609762	21.095191	21.617980	10.871375	21.969483	21.902774	18.565849	14.978433	15.297354	19.534579	10.501275	22.823276	18.109196	15.626070
22.136465	18.120609	18.396667	12.160571	19.986408	22.829968	17.639640	22.671651	19.594370	20.411760	22.862785	22.423492	0.000000	13.335467	22.733341	21.569071	21.932206	19.465572	22.885628	14.848181	18.539246	5.531344	19.291025	21.716743	19.387600	22.666872	22.341823	16.537064	20.383879	18.992076	21.191757	9.545739	20.286049	21.903584	21.490937	21.454952	9.056367	18.616451	20.906292	18.537799	11.867408	21.784518	21.935178	20.623786	7.550670	20.509126	20.299471	21.336697	16.914201	14.661251	22.445797	21.188997	21.476012	22.465485	22.638090	17.689073	19.717149	6.456839	15.067293	12.675854	19.775735	22.305357
16.536030	22.167862	21.993923	20.765858	22.045565	22.399767	20.842436	19.818075	21.352705	8.901522	17.954571	19.681242	20.975317	0.000000	21.540840	5.197838	22.869068	16.128942	17.884401	22.145949	21.876429	22.679132	22.241126	20.680361	13.506890	20.765085	16.082798	19.790613	11.651016	22.485424	22.354676	15.767853	13.381359	18.587247	20.720024	19.249583	13.210736	21.848099	19.374029	21.690532	21.228910	21.762681	16.269528	20.672996	17.848403	17.365383	21.850476	18.895220	8.681165	17.419357	16.641319	6.174554	14.526610	20.543797	18.301731	20.976462	22.590277	21.261921	15.540068	22.448741	19.133743	22.152656
22.350120	17.844112	19.677309	22.744479	21.420061	22.582878	17.528732	22.294772	19.143203	16.924785	19.384450	11.754997	17.324847	9.948027	0.000000	22.751620	21.527131	21.558467	20.875355	18.433568	13.768639	8.168085	9.893642	19.214233	21.249986	21.632230	20.308973	20.947480	17.611220	21.903074	12.427721	22.112842	15.560619	19.478138	9.060658	17.543366	16.173412	19.458819	22.429206	20.032193	20.524774	12.265878	18.847318	20.751638	22.598538	17.737203	18.988615	16.600891	21.855662	21.358268	16.464889	14.932084	16.332143	14.387483	22.417881	21.062320	20.931491	14.650324	20.772497	22.945649	22.624497	18.390538
19.799139	12.959099	19.722734	18.335848	20.875274	19.302756	16.499463	15.112485	13.875470	22.891151	22.317924	20.965457	22.883904	21.023819	17.182129	0.000000	22.901875	22.053503	18.327428	22.341145	19.662962	16.144489	16.759693	19.952735	18.835031	22.477776	11.901664	18.528135	22.654831	22.089911	21.386665	19.692746	12.611981	16.981742	21.990172	22.172867	12.284231	15.345309	13.376497	22.827201	20.681586	18.181322	12.083288	22.647515	22.790110	16.041971	19.470148	17.365618	14.159517	17.913663	21.337829	20.309206	22.167200	17.640521	22.893859	22.836285	22.842771	20.857767	14.121757	11.214670	22.757151	17.876226
22.628596	16.860818	22.364609	20.028431	22.392903	22.771390	11.118357	22.147024	20.331964	16.070505	10.588274	18.882367	15.062652	17.160356	21.475036	14.521418	0.000000	15.477624	14.727221	15.644493	18.478944	18.698131	19.079185	9.134884	21.297279	8.190706	12.695869	14.193222	22.001549	20.691462	21.378786	22.501745	14.927836	20.209028	10.420642	22.516160	22.633235	20.226318	12.905424	17.484099	20.811286	19.314603	19.387130	21.702827	21.403517	22.408578	20.491624	22.676259	18.257810	7.854596	19.554520	21.574798	22.316897	14.010421	21.754148	16.236533	21.575463	19.894228	20.908634	20.761988	15.292823	7.302807
11.832236	21.201132	18.697961	19.994628	22.758973	21.059555	22.640436	15.571286	9.660863	21.500758	14.386949	9.270073	13.333492	15.809525	22.919232	18.262380	17.221255	0.000000	20.925544	10.302210	22.685913	14.831070	19.377824	22.108144	22.385009	22.279067	17.293034	14.892507	19.196617	13.028525	22.552395	20.328158	22.297147	22.386048	15.153359	14.866909	22.890455	21.850787	21.151665	19.315246	14.773533	20.846101	20.166842	22.941882	17.229852	22.940696	16.001523	17.940068	12.765753	19.015429	22.480891	19.152038	13.355739	22.464399	19.359400	13.742241	11.682519	19.620884	18.827015	22.765797	16.388719	22.792094
16.807375	21.961673	20.080481	17.609212	22.427758	18.048747	21.602748	10.326563	20.706332	22.943418	9.182663	18.418784	22.213439	21.379771	18.936445	6.843718	14.742566	10.458382	0.000000	13.944312	20.117277	10.649413	22.815491	20.255821	13.655074	21.129820	22.744395	21.880279	22.513675	15.661940	18.926762	21.262877	15.821592	22.415952	22.117269	21.345235	18.506182	22.052332	11.654866	22.698544	17.454076	19.751857	11.126316	22.798052	22.891607	20.398800	19.668346	21.268775	19.605672	17.888113	18.645766	22.371472	21.851353	13.484227	17.364302	22.845530	22.485374	21.084978	19.671697	15.243884	22.064402	21.029415
19.345794	21.645375	21.643095	16.427644	12.505017	11.692455	17.669178	22.675487	20.334536	17.559532	17.462537	5.761930	12.548411	22.249450	20.248768	12.715635	22.711468	16.611584	19.294369	0.000000	10.637557	11.350617	13.548323	15.110739	22.163388	21.416225	18.154756	21.185561	22.435749	11.061302	15.914013	21.276742	20.219481	22.763849	13.567813	20.704309	22.182448	18.620646	21.064015	12.009140	19.868729	16.471580	20.912799	19.322004	22.818922	22.949818	19.537543	20.771041	11.207993	18.559372	22.899083	10.808979	17.536403	9.921760	18.359202	12.145900	19.496542	22.631446	17.563595	20.360794	15.827707	13.690261
22.832485	21.949472	22.772982	20.694186	20.833347	22.408520	22.221067	12.713726	20.256677	21.694199	16.830270	20.145890	16.841258	22.943321	16.516490	21.261406	20.491833	12.590889	22.825349	22.819136	0.000000	21.627368	12.036884	15.780570	20.885286	14.814698	20.868412	16.172901	15.658850	20.299175	11.481068	15.118020	22.694930	18.932604	22.856075	21.961608	21.919086	21.697081	16.868302	20.485008	17.108305	17.706943	19.013942	17.419925	12.632403	13.575896	22.537787	18.684231	15.955785	12.624182	22.660068	22.386757	22.936300	20.877298	12.730766	10.051037	14.408741	17.341601	21.729044	13.201935	15.042745	21.285249
20.500304	10.067330	22.630209	17.709165	21.915052	22.201468	22.313218	12.336279	21.788793	22.185642	20.251304	18.765344	19.936475	9.531312	9.027968	18.454184	22.934021	17.313435	5.497234	14.229462	22.388133	0.000000	9.036358	17.453303	20.573895	8.654961	14.144194	22.715413	17.546197	19.237931	17.214018	10.899525	17.903657	16.254649	20.782479	12.484093	22.432305	22.713144	7.158883	21.268090	21.166064	9.485536	20.364099	17.140314	17.880575	21.952690	21.036527	17.340570	20.013850	21.866051	16.612937	16.421590	20.792867	18.086483	19.354195	18.066739	21.664566	19.340244	15.265902	15.074666	12.167798	18.743801
22.224419	20.881197	22.863474	17.988256	22.822714	18.809409	12.394972	16.629394	21.533096	15.553954	15.290948	19.940122	22.572352	19.691360	19.277423	12.463151	13.023540	20.921697	17.549434	21.382399	22.662720	22.275827	0.000000	22.206679	9.149895	21.607450	19.500857	21.210213	16.752151	14.566585	20.466415	21.688100	10.955929	22.413764	22.845955	15.419470	22.833814	22.131017	21.215460	18.796167	17.419574	17.878307	16.261425	21.776799	21.066070	18.525627	16.077414	19.027533	22.135458	20.315829	21.657274	19.855366	14.141361	21.505151	18.201167	22.850206	19.367805	20.168055	22.829857	21.066013	20.034677	17.510263
19.074112	18.249543	22.717457	21.436087	13.569462	13.402369	19.656362	17.314834	17.520952	22.237061	22.905923	16.733714	16.157471	10.289972	22.412202	19.476112	21.653486	21.768169	18.084901	16.898311	21.469142	13.083229	22.298239	0.000000	19.950071	22.937645	18.853535	22.617994	15.667185	19.373139	19.030627	18.426970	15.354303	22.313483	21.902594	21.662594	21.826031	20.191540	22.716283	19.373688	22.193345	18.904808	21.953820	17.526141	21.856649	19.288862	21.695883	19.144173	22.810472	15.489447	21.147336	21.776680	22.098523	13.244900	17.489286	12.566756	20.713954	18.404886	18.243454	22.747973	17.076539	12.390787
21.538405	20.528748	18.157803	15.179819	19.493999	21.902155	19.595148	14.301405	19.348195	21.753217	22.542612	20.278205	7.826848	22.497020	11.312260	22.004200	14.500955	18.446392	8.749704	20.192452	17.318788	18.056221	14.456383	16.318534	0.000000	22.698031	20.047197	15.011410	16.542505	11.800585	14.094789	21.811694	9.197033	16.374998	8.045459	19.247529	20.463520	20.488483	20.092481	22.520088	14.601131	12.526465	16.417923	22.437760	22.906629	14.365556	20.445029	18.683978	22.704674	22.564806	20.494473	21.174232	17.487194	18.831637	22.804925	21.819529	22.881584	22.885802	21.847738	20.907473	19.854983	16.160759
19.619002	14.379872	19.023946	20.848469	17.778946	21.155498	10.780139	13.619280	19.631288	17.465170	22.850500	16.390318	21.388660	17.878776	17.000520	22.100792	21.399906	19.152752	20.874183	18.117483	20.289381	22.430676	7.488129	22.172636	21.234639	0.000000	20.365207	19.503338	13.486776	19.254745	22.537517	19.613680	16.516008	17.488134	22.943489	19.707437	21.195644	21.930592	15.401795	22.523810	18.837738	13.515644	18.751959	19.624222	22.640809	20.344445	19.389113	21.888943	21.580281	22.916744	20.636907	17.199834	20.210740	22.947762	22.943877	18.122910	20.290577	21.376511	21.317335	13.994191	21.731767	22.805017
17.087429	17.430801	20.356186	18.727076	21.819556	15.658430	21.533422	19.531558	22.891774	18.422470	15.891767	22.456069	21.618815	20.567992	18.965546	10.551803	19.645386	21.944811	16.849964	21.807177	20.122256	11.702059	16.466078	10.106011	15.458477	19.419020	0.000000	6.387794	22.358173	21.939049	22.890458	17.211511	18.584743	21.851607	21.181600	13.604676	19.830821	20.482458	14.509954	10.148526	19.439368	9.908376	22.815572	10.015269	21.264669	19.070215	22.138762	21.264904	16.884692	19.935929	22.012415	20.872796	21.962190	21.084478	14.783867	21.580002	20.933187	22.662195	11.455369	14.645045	10.291533	8.749184
22.007226	18.136634	15.949498	21.658937	22.835295	18.078583	22.474932	11.146730	20.417431	22.319033	18.607785	13.493653	21.267539	16.422078	18.189695	7.704084	19.418897	12.934856	20.278790	19.188350	21.220997	12.558832	16.039599	8.264981	22.309396	21.600041	20.915261	0.000000	13.316280	16.854000	6.646093	21.219105	20.010271	15.838319	10.532842	22.565013	22.358951	22.765585	21.403268	17.257331	18.600310	15.207517	22.415174	19.957098	21.350224	15.807622	20.350016	19.337798	18.312904	7.661964	16.053937	17.749006	20.155925	18.571771	21.744255	21.766151	7.172773	21.811975	14.370515	19.706345	21.547665	22.821346
22.549897	19.873449	11.690266	17.681178	22.095815	18.524373	17.704763	13.639219	22.787609	15.721227	19.789828	21.662988	22.783828	18.643044	22.328386	21.790420	18.960100	21.134647	21.634403	16.136679	16.614106	22.261683	15.516188	22.110025	19.901517	9.867847	18.397027	11.812293	0.000000	22.876312	17.658523	6.396133	15.667210	22.828727	21.641035	11.841345	22.072990	12.396172	22.002707	21.868681	13.593946	20.333973	17.594501	12.142483	22.751176	18.947522	22.625487	5.695618	18.814613	22.205497	22.389544	22.922855	22.507265	22.708834	18.713897	21.423388	14.194943	11.400051	15.967042	22.098107	21.752850	20.011680
22.931206	7.094113	16.659534	10.343789	22.807313	11.513107	21.555673	13.625940	22.463128	13.016756	22.939261	19.938034	16.623828	21.010284	14.510875	21.234425	22.931317	17.420003	21.742648	11.863536	11.889670	20.986198	20.436189	15.077860	22.789121	21.162723	19.107716	16.499474	22.749493	0.000000	22.270780	21.512260	8.760737	19.172718	22.246437	22.913152	18.689799	17.455051	20.316519	14.960348	18.355192	22.315718	21.550755	21.222211	22.659672	22.476849	19.031836	22.344340	22.836932	20.312736	14.776985	15.814007	22.939101	15.663310	18.272927	18.982741	7.894222	19.200653	20.003193	13.645282	10.679331	21.054431
18.903795	19.930520	19.656351	14.323827	21.800061	21.636061	20.543907	20.008469	13.848050	12.187910	9.872550	21.761562	17.664158	13.290230	8.183350	19.647886	22.243756	20.950480	20.398303	21.344279	21.453132	22.554581	18.950821	21.053084	21.903607	22.287637	21.066100	17.219991	11.528177	20.033767	0.000000	14.023666	14.410458	14.947297	13.099947	22.294219	17.760405	21.948666	18.912595	17.151082	22.775842	17.629461	21.280214	10.299765	15.137148	20.979377	16.990455	17.085038	22.465055	21.054590	12.444637	20.412110	13.967621	19.914553	22.420931	21.907482	22.225562	13.985022	18.496823	12.007342	8.929822	22.490500
11.157303	22.505802	12.082842	21.359382	20.830553	15.827799	16.460373	21.153000	21.945243	17.192946	20.570260	21.560470	19.278227	18.968755	9.823133	22.758868	22.329664	9.008148	22.470451	22.921638	22.727898	22.268843	20.263021	22.888415	21.926851	22.739230	22.881394	22.714956	21.788858	19.378728	19.246150	0.000000	22.629687	10.145341	22.924573	21.705007	12.918192	12.569762	21.699996	22.353152	10.977006	13.532930	21.276303	22.332943	22.821042	21.628009	13.837268	17.686655	7.378028	10.345850	21.140016	19.899969	19.831185	20.633456	13.798357	21.517507	18.820302	19.936155	22.047986	22.922603	7.336413	12.144852
16.697517	20.108682	19.286060	18.072954	11.566054	16.006078	15.344468	20.394123	20.594781	19.645330	22.129719	22.817089	20.406385	21.689429	22.444524	20.451456	19.085058	22.583942	14.369814	15.750929	22.786016	15.499550	22.874266	15.095648	19.660958	12.836824	19.317831	10.258591	11.352006	16.732546	17.753055	10.736696	0.000000	20.451784	19.096161	20.847881	20.524214	21.086365	13.122849	19.537212	19.664285	22.016805	17.162564	18.099785	20.813494	20.733546	9.947248	16.395168	22.631188	20.328231	20.981266	22.683871	11.946710	14.400800	21.493576	20.482041	6.757112	20.102474	22.700576	22.399217	18.733148	21.246854
17.005706	20.951675	19.195613	21.213251	7.113958	13.413101	15.613125	22.153811	15.075331	16.182489	16.082296	15.882240	21.442578	20.682078	14.172273	18.521027	14.678865	10.968708	22.549745	15.362438	20.835915	16.306729	12.214187	22.084940	22.775851	21.419277	19.602662	14.316573	12.439983	16.349721	20.578217	22.594821	22.779917	0.000000	19.125941	10.894354	19.309506	15.410242	21.540825	19.971557	12.681897	20.985367	12.032525	22.884233	22.666379	16.768674	22.521031	16.569320	14.755125	11.943256	14.891410	18.597761	20.961342	19.335126	21.343911	17.171182	22.249666	14.627911	15.422677	19.122203	22.821253	9.343650
22.467520	19.665129	22.280095	17.783948	21.610648	21.466374	12.984792	20.157613	21.958970	21.890023	13.268171	20.314746	8.772263	16.943909	19.474154	22.264659	22.151521	20.508119	16.764036	19.833732	15.335705	20.232461	21.650545	16.523184	21.927242	19.942906	17.530922	10.936681	17.863879	16.397533	19.633201	20.734421	16.010512	20.798915	0.000000	16.362885	22.636208	21.753502	17.104502	21.306906	20.108599	14.541154	11.790270	13.469911	20.555696	17.652224	20.233906	11.479477	16.469553	10.136404	18.712088	17.422456	21.230633	19.009821	14.907266	11.098567	14.448318	17.635740	18.652670	21.575870	11.930075	18.805586
22.681466	20.600901	20.516920	7.987339	8.829549	15.196554	19.378255	15.170645	19.974366	21.998246	20.957771	21.150066	21.781294	19.573618	21.082892	15.070753	19.717080	13.352417	19.490212	22.941472	21.178809	22.719804	21.329858	22.840012	18.939571	20.841352	20.535049	22.647213	21.475015	21.956711	20.929315	22.259264	22.909289	22.473644	19.964482	0.000000	17.185534	19.453546	20.419037	22.421173	19.809900	22.540127	15.355138	21.571842	22.794613	22.805466	15.604358	22.257995	22.690390	9.299202	18.424849	19.881096	21.588214	22.723052	18.501519	21.558200	21.935581	17.594436	22.396450	16.681146	9.463550	22.932356
22.434242	21.199110	21.111190	22.612470	15.282774	16.712960	16.754522	18.367934	22.424825	22.930247	12.664572	16.833920	20.628218	22.895144	14.787812	19.920678	18.104879	19.549024	16.937545	14.133197	20.227987	17.267821	10.744887	12.051798	15.963289	22.483546	19.452230	21.435884	18.260621	21.836868	8.640406	22.944452	19.814246	19.758439	22.555711	15.009760	0.000000	18.771129	19.174206	15.143443	21.213039	19.148772	17.634177	22.282001	21.807085	20.447400	13.093175	22.767276	21.918929	22.524414	22.049347	13.353893	17.720356	22.797067	5.707123	15.320172	13.477790	14.714030	21.027765	16.609864	21.049873	18.384208
19.672860	21.781960	20.615411	22.916780	21.017627	22.702771	22.930963	16.706893	18.797091	21.740150	19.107822	20.893416	16.217240	20.155152	18.735708	21.525940	20.728936	20.843143	20.142577	21.642956	21.673998	14.437438	18.520425	18.329200	21.205240	15.577780	21.064179	21.771449	20.950834	17.783127	14.548067	22.568535	15.370979	20.069227	20.860344	21.127777	20.970969	0.000000	21.725087	13.135768	18.375197	16.848696	12.435701	20.745240	14.090365	16.850636	18.115840	14.923301	20.524882	16.328977	20.258669	21.778040	21.242723	17.123141	7.543198	14.560636	22.147719	19.432585	18.198919	21.848380	20.704043	13.049871
17.507590	19.835765	19.425042	19.606631	14.636002	22.521778	19.009763	19.635445	18.755697	10.639474	20.964309	12.373320	22.880330	17.668371	20.878832	21.317309	20.482468	17.141887	14.881004	20.800705	21.205339	22.713656	12.935306	15.160825	18.456335	22.279095	18.353539	14.463235	22.580095	8.803338	16.497137	20.999602	16.026974	22.949593	14.631049	20.353214	22.163968	11.834406	0.000000	22.911829	7.419692	19.252138	21.117475	12.994566	21.091194	16.348722	19.673532	16.631031	15.433015	22.581880	20.934160	22.691357	22.844827	20.412791	14.318970	18.961450	20.364347	17.897423	16.937228	9.675375	15.951795	22.695162
21.257732	22.935042	21.493558	22.813237	21.210231	22.903906	20.746001	18.425091	9.616740	20.731422	19.511710	7.320307	22.376140	15.003681	17.489597	21.958953	22.931253	17.479299	9.033193	16.642712	19.644999	17.495698	6.448897	18.849636	22.115225	15.675123	15.857059	16.236940	18.483184	22.134298	18.730828	22.674002	22.727063	8.368817	12.567400	16.228752	20.948038	15.020978	17.854880	0.000000	10.463398	22.540872	13.841046	20.524052	20.087744	22.904994	13.847093	21.875347	18.078612	7.398319	13.965316	17.144426	22.416639	21.817231	20.909230	22.756086	14.409600	21.779677	22.619959	17.890881	14.654178	22.822709
22.534195	17.123049	16.667978	11.306146	15.931270	15.310112	20.393097	16.595532	7.562285	21.624902	17.682123	17.376738	13.279774	12.969035	22.110504	19.357128	22.713456	19.838304	19.696958	21.532557	22.870380	20.372394	17.189602	18.085732	19.269099	21.328832	11.964555	20.928191	12.083230	19.233494	13.278279	22.924822	12.301419	11.647024	22.873520	13.251256	20.169368	17.383368	12.886947	19.402361	0.000000	20.545048	20.838917	19.931438	19.878240	21.805866	20.825765	14.265619	10.824830	22.810261	16.145005	20.271132	20.901772	16.726561	17.470453	21.830338	13.251545	21.072329	22.250804	15.913495	22.407737	22.229732
19.603997	12.266523	20.558897	19.047357	20.511858	21.956200	14.754522	22.911925	22.029637	7.650721	18.032572	17.852640	19.484252	18.621187	18.869534	18.437170	11.730308	20.867685	22.835046	14.294554	20.810722	13.932619	18.251133	13.731809	20.853185	18.845156	21.738349	11.938843	10.224749	19.007685	15.775996	22.213196	20.276962	21.575666	16.464244	20.986043	17.860563	22.316527	21.704000	20.741047	18.132856	0.000000	19.892595	21.893219	10.473678	22.788918	15.719002	17.019891	20.165716	17.527685	22.273001	21.874456	22.614719	21.542725	22.074189	8.474464	7.734123	17.206229	19.626296	8.302117	17.253856	19.110516
20.644917	17.947350	21.637689	14.864006	14.044246	15.053081	18.362974	12.687875	18.711408	11.144101	22.456758	14.447763	20.078601	19.687341	22.864679	21.635580	20.842681	17.860826	22.347878	21.625102	14.755325	17.517440	22.101312	10.945040	20.102770	15.224888	20.957858	13.109192	22.418025	22.704258	20.155862	20.622296	22.321825	9.797852	21.862210	17.866676	21.979692	20.949375	20.557331	15.787058	9.608309	19.275858	0.000000	22.019215	18.893930	19.855116	17.471350	22.442407	16.449588	10.298070	19.771631	21.871506	19.671232	22.397490	16.761043	22.870268	22.897334	19.702349	20.992795	20.200607	18.419480	17.112409
11.217057	17.029560	22.091095	20.751123	18.451243	19.392721	20.922061	12.094539	22.866286	15.770346	22.908100	21.764123	14.815818	22.745067	20.761956	20.148340	17.477436	22.573683	12.688914	22.213607	12.213920	21.199133	20.871063	21.322687	10.704388	17.584832	19.086619	18.919736	17.550432	22.790932	22.642757	18.579679	21.114835	12.937665	14.820607	11.960076	17.183127	17.040027	22.217817	12.186615	7.141416	19.449851	13.359144	0.000000	22.295770	20.707649	22.193340	8.533263	17.556629	20.817538	20.993890	20.823817	22.806831	21.855344	22.153347	17.991214	13.352339	22.797784	10.189772	19.771883	21.006913	22.099889
17.911207	22.169844	14.773893	21.607502	20.579460	13.959547	21.289472	7.023354	17.719454	21.477453	16.683339	22.763771	20.531710	22.009398	13.855863	18.108248	22.118240	14.462776	22.296488	8.573471	14.834078	20.929653	16.319134	16.669885	21.412228	22.658777	10.177006	17.748618	21.876109	17.300714	22.333812	13.039435	22.718344	13.202005	21.836134	20.085898	21.917758	15.225089	16.083130	11.458473	22.660850	22.922597	19.892720	22.223785	0.000000	15.592193	17.546756	19.691534	21.822344	11.384624	21.912197	14.370709	22.018001	22.418232	20.102500	19.655153	21.443951	10.334823	10.352646	22.567019	19.324660	20.218961
13.045774	16.750048	12.705373	10.338050	20.344965	19.418402	22.708262	22.210956	19.474527	12.110283	19.530016	17.842463	17.619540	14.355605	16.728551	15.107952	16.092932	22.554811	10.908355	22.095721	19.042224	22.674624	14.313290	15.132359	21.445829	18.925807	9.704402	21.804307	10.902228	22.749600	22.767740	11.827284	15.663090	20.838669	14.143898	11.051732	16.622099	22.382081	10.337345	8.803407	16.339891	20.688361	21.769960	14.744589	21.502384	0.000000	17.256373	18.147400	17.472793	18.941578	22.844465	21.636112	21.776441	17.674264	21.163900	12.732534	22.888557	22.372893	20.207010	7.442565	22.504565	8.109570
22.581183	14.648030	20.782565	15.932206	6.697992	21.868196	21.443792	20.755126	19.656945	14.507348	21.956688	22.287253	21.196447	13.033760	21.950873	21.044952	16.616018	11.308355	22.391844	17.200404	20.134616	17.635932	22.549272	20.481459	9.823762	17.191153	18.004954	9.928966	15.382091	17.708739	21.647381	16.640484	22.504431	22.034615	17.411946	21.004165	19.133492	20.243244	18.978707	17.472346	21.012931	20.497509	16.928949	19.901819	20.238618	22.874190	0.000000	12.948740	18.789387	21.947137	11.532359	14.710903	15.088179	18.683978	13.270434	19.227384	13.431019	17.274515	10.416962	17.028398	20.663570	6.028060
17.206732	21.005261	15.272789	14.987282	20.248158	11.853571	22.636097	22.291848	20.952005	14.640696	12.140854	17.478377	17.144803	17.092911	20.642741	14.470113	15.633860	16.865240	11.689552	22.917191	17.035153	17.722603	7.581255	15.825429	21.945380	13.945335	20.194438	15.913059	21.717079	13.937770	18.211843	21.511119	20.433409	22.608288	12.829814	15.014872	13.606174	15.620176	15.073416	22.286002	21.142988	20.253093	13.906364	19.305434	21.647864	8.887147	22.225946	0.000000	20.577792	15.257213	22.236377	14.167937	11.899544	20.937042	9.354298	17.832266	22.211657	20.238431	19.490188	10.098137	18.237556	15.837815
22.829962	19.180025	17.500107	19.783854	10.145220	21.248199	19.492697	22.790480	15.980318	14.255498	13.704265	22.009088	18.756891	21.882159	22.294455	22.840241	18.632774	21.448754	14.217984	15.899049	20.162413	19.865179	17.652734	21.852415	15.121492	19.792114	21.801594	17.857256	14.978278	22.253058	17.894739	12.703985	14.963709	22.904613	18.892323	20.966616	15.396807	22.540028	7.974957	13.283016	20.258242	13.709156	19.566821	16.930663	21.724128	19.618131	22.088036	21.320624	0.000000	22.727751	20.631937	20.158561	21.100060	10.499647	16.265289	19.137674	18.610874	16.411014	15.610372	13.680810	21.334528	16.951227
16.019886	18.223163	21.160901	22.369570	22.253262	21.240973	20.102638	22.913729	19.619146	21.894070	22.477753	16.095941	16.498118	18.155754	21.548755	13.122408	11.069551	21.915106	22.127311	15.373192	19.161112	21.575166	18.410149	14.785397	6.803729	22.092300	22.180081	22.798562	17.479680	22.015428	14.000805	17.326394	14.598816	22.252789	20.979005	19.343621	12.069149	22.040737	14.328642	18.495972	14.327404	21.552981	20.025783	15.492111	15.919355	22.704634	20.180665	18.111058	22.839352	0.000000	21.064194	21.502913	22.846540	19.404571	12.507899	9.984467	6.657899	15.113072	22.906732	22.111091	17.506747	20.059401
11.434807	18.521872	18.323863	16.105545	21.183318	14.393603	20.939489	19.465435	15.276972	20.596934	15.215267	18.886764	18.637931	18.742028	18.367310	15.727651	21.240615	18.114305	19.924325	20.996126	19.080106	22.487102	20.027781	22.832590	21.450663	22.834645	22.588864	17.161802	18.747102	21.739932	9.553252	21.115359	6.279875	21.590093	12.971734	19.682204	22.068290	13.126211	15.065239	21.928336	12.539960	22.582624	22.132454	18.758295	21.278965	22.419124	18.128139	22.611915	19.562871	21.711717	0.000000	7.564342	15.643254	22.270168	21.926839	21.647536	20.109853	15.446519	18.635504	21.706598	17.255548	16.889212
22.206844	19.951100	22.394270	14.445745	15.873474	18.542694	22.795725	22.436127	20.746194	11.414601	20.567711	19.863481	22.315679	21.664675	19.319054	20.349212	15.058102	18.740206	20.316085	21.288525	18.714993	15.949657	22.802131	21.238685	18.837261	11.449153	16.143076	17.452476	21.397802	17.873274	16.397652	22.898269	16.202532	11.325741	20.998584	15.380899	22.799155	22.714987	19.671868	21.665133	12.816033	22.899291	17.885173	13.356873	13.696212	17.005783	22.484672	13.609684	20.682035	10.861449	15.235744	0.000000	16.050980	22.313175	15.650797	20.251852	12.277883	22.050433	14.915159	10.240439	22.115674	17.387908
17.717528	13.909016	9.138722	20.197808	11.807758	15.614481	13.558690	18.007240	16.797709	19.230178	19.416113	18.556026	21.488915	13.500001	14.401028	13.181105	21.041965	20.557352	22.405256	22.436985	22.031016	12.775639	14.056603	22.660453	20.715506	20.901070	21.082169	17.856545	10.232460	22.198365	13.426622	13.287456	22.604380	7.388929	21.564016	14.002633	22.210546	12.913722	22.570976	18.016276	13.740046	13.467606	16.916823	13.343186	22.875001	21.978882	22.386625	14.126900	20.990818	18.934174	22.263466	20.466447	0.000000	20.243275	14.245622	17.250976	15.518323	16.042600	21.243565	21.533870	22.180122	22.177753
22.362720	20.561547	17.853792	20.352999	13.451957	15.778825	22.053405	20.722109	22.654732	19.005029	21.304955	22.327593	19.442573	6.612358	20.280291	18.775255	14.458156	11.278671	19.361601	20.252959	21.068906	21.791887	20.796159	8.590276	20.691101	22.299999	10.557549	17.917579	20.396487	22.259533	21.341357	11.597716	17.960093	15.239112	20.361031	13.780806	20.580824	22.091597	22.017347	22.251521	22.843045	21.120690	11.052370	14.557928	10.090729	13.471786	17.356129	12.821098	19.852478	18.990693	20.440251	10.025406	19.549288	0.000000	20.202135	22.647465	20.994244	16.859571	19.627222	21.872112	22.545457	22.903611
10.074825	17.387207	22.016349	16.712189	20.005871	15.291356	21.858229	8.648808	12.599959	22.887467	11.606542	19.654672	8.579834	21.614850	22.619926	11.286085	22.886750	17.764241	8.009300	22.924394	14.637063	20.179673	12.532752	20.270962	12.652517	18.335724	21.692706	18.799317	10.945622	22.116911	22.025802	14.130300	22.673174	16.302546	22.698157	16.014103	19.977118	21.419609	17.073721	22.101752	21.112896	16.155169	21.857244	9.380456	20.553387	22.687765	19.651761	14.072790	12.480468	22.828305	20.128933	19.776754	13.673803	12.655001	0.000000	20.384307	21.813618	19.709239	21.447509	20.966361	20.570770	20.078053
19.610391	22.538884	13.380847	14.861455	18.013856	22.522548	12.156547	12.463991	17.808771	16.493555	9.024637	17.180931	21.654842	16.050342	10.348336	19.256440	13.005394	18.479645	20.368966	21.174849	20.485671	22.720182	13.628648	20.938955	21.151710	19.409607	15.702748	21.182644	11.201718	20.676652	18.477660	20.890143	13.997041	18.481731	8.616430	21.924483	9.973925	19.491974	20.800860	21.374781	18.327204	15.573052	19.238389	19.273290	22.755051	17.896193	22.810629	21.119849	20.945952	22.771759	21.393051	19.597346	21.285027	20.142481	20.181244	0.000000	14.971785	12.860918	21.656997	21.632967	18.280927	10.402826
18.797356	19.089076	20.378079	17.625449	22.714238	21.241216	15.445623	21.908353	16.980842	19.682713	20.324368	17.771542	20.917184	6.058373	15.643101	15.530642	17.714509	21.973629	21.783638	12.989765	21.464423	21.767668	22.553220	19.820101	22.178336	21.176121	18.841687	20.140319	14.245430	15.182866	22.851489	20.311017	20.810692	12.675835	14.409111	14.032848	19.616701	21.259828	22.664927	16.036227	22.299677	22.012088	22.779089	21.491671	21.880970	8.348317	10.438596	22.254404	17.644790	22.796947	22.467180	19.174671	18.993280	22.107771	20.096270	17.410696	0.000000	10.209012	7.774082	16.146764	20.075272	6.605336
17.498511	20.183990	22.543926	9.993145	17.277646	17.470907	21.746270	19.575975	20.335367	16.684755	16.373030	22.324779	21.881744	14.723954	12.592176	15.951286	19.942946	21.457101	20.963873	22.685444	22.847286	22.922376	22.875128	19.653789	22.667867	17.599018	21.604094	20.766346	20.585001	13.430837	19.902438	14.969503	20.737041	19.195787	21.358847	19.857875	15.794137	20.489822	18.621257	16.994252	22.054591	12.309125	18.455845	13.301626	14.705082	14.484081	20.869265	20.328775	19.244971	19.039910	14.982146	21.882078	18.281824	21.623847	16.058233	15.013578	14.627185	0.000000	11.227393	10.914952	22.180637	21.077309
20.107665	8.883255	16.474812	14.059399	16.877746	8.352816	8.123855	18.315569	22.823379	22.566716	20.806534	18.303068	20.424703	22.539073	21.836348	22.239236	20.316598	18.630465	20.441817	21.584356	22.868383	22.135388	19.725557	22.597866	19.448540	21.711771	22.770948	22.812418	19.072649	18.928212	18.983337	19.128917	22.415324	19.163258	22.222830	22.232049	21.788624	20.640431	7.652085	20.885495	19.556984	20.584991	20.970905	21.945313	20.500188	10.951213	22.642005	20.182789	16.104571	19.408225	22.127641	18.668048	13.077057	19.168348	21.587057	17.821345	21.092467	16.856657	0.000000	21.601304	14.320143	22.180264
22.847343	18.986121	21.196155	18.744644	13.863074	22.012998	21.785101	20.544214	13.034839	17.823839	22.817891	11.475650	22.296863	15.959643	10.599695	18.522430	17.301144	20.201590	20.688493	20.870994	11.485130	20.004940	20.104247	22.109745	20.585684	20.472942	10.269969	19.957657	17.424217	18.413419	22.864032	13.286227	21.741460	18.163047	13.392226	15.988279	16.630047	20.118795	22.885118	19.962633	9.166932	9.359336	12.646362	22.788302	16.166671	21.375733	17.539664	19.647322	20.706563	10.193270	15.838493	15.079039	21.225518	20.888342	21.562193	15.251285	22.387296	15.711681	10.007725	0.000000	13.166316	21.938872
21.886808	19.975157	14.536145	17.513102	12.024587	11.948674	19.680027	22.479524	12.847162	15.377623	18.551779	22.901098	13.317807	22.699767	9.510876	13.354672	21.647964	20.228304	22.256872	22.209764	20.050210	22.328732	21.582875	13.877416	15.651637	18.950250	7.406380	22.291260	22.228261	14.515765	12.513862	20.053091	22.221004	22.840311	20.444004	13.145823	19.868163	18.053407	12.660671	22.267200	18.853658	12.886643	19.957443	22.105022	21.718131	21.343510	21.021144	16.278490	20.958712	8.533289	19.789489	19.897850	22.669365	21.202099	15.613228	22.722902	17.340561	22.885881	18.661976	22.715091	0.000000	14.616745
22.191494	12.226439	22.521383	18.132972	21.482155	22.332248	20.730120	21.678256	14.483638	21.575175	14.383793	22.908054	19.896777	21.770316	17.437396	20.407720	5.274045	21.868137	15.488288	11.955872	22.632468	22.873841	17.461428	18.470039	13.599424	10.126388	20.643142	20.129645	10.963397	19.520058	22.587287	15.904022	19.967127	15.763984	11.173305	6.915521	15.938414	18.690844	10.749154	20.686877	20.789196	22.511563	17.916581	15.256964	19.647568	8.193843	5.782050	20.019759	21.207538	21.537594	22.229868	14.840626	21.093282	20.023932	9.642369	20.430920	7.936323	18.104761	14.856225	21.081586	8.685785	0.000000
