13.397728	18.148620	11.504802	15.470867	14.492308	15.310357	16.409997	16.981692	17.848207	13.869567	17.343392	11.310771	16.512705	17.092045	5.552661	16.441342	15.888725	16.311385	17.664588	17.268608	11.189045	16.721655	16.742421	10.064871	12.584054	8.992909	16.803984	17.075319	14.325944	17.758372	14.533581	16.475081	10.922044	17.498214	16.569988	13.295240	17.045417	16.565135	14.333611	13.677049	12.384741	15.067937	12.695081	18.083155	16.160273	18.140904	13.148656	17.699183	15.372343	13.397771	16.966560	17.468773	18.186283	13.472357	12.509073	6.905911	8.391013	18.034763	9.276607	8.356782	16.019912	17.157572
16.975598	14.562036	14.685222	15.630878	14.574607	12.670806	15.696847	16.259971	16.159881	18.176776	12.143118	15.527484	16.270448	18.034911	4.418690	12.662626	14.908182	7.231911	16.118375	17.072479	5.826283	7.988749	13.997655	8.371513	15.219750	15.940878	6.679483	15.624096	15.187054	7.557747	17.964648	15.823394	16.768162	12.932090	8.602625	18.100716	15.269659	6.599956	14.349521	17.026194	9.974714	16.320978	16.322959	12.524699	15.932181	15.053943	18.072219	10.672693	14.480958	15.799930	15.641039	13.620570	15.104802	17.630834	9.159264	18.019889	17.602367	14.841950	16.910046	16.925776	10.525699	18.168629
14.590665	13.273268	18.170256	17.383325	14.839043	7.217420	16.196874	18.028762	14.211029	17.719075	14.250598	16.822028	13.115008	11.717243	11.739591	9.909383	15.518885	13.894652	14.116352	13.986408	17.852145	14.479137	17.035846	13.998218	12.027347	16.959557	17.210388	17.615774	17.282344	17.406191	14.196433	10.564597	17.805955	14.019660	15.296188	17.048058	12.886921	17.150799	17.913230	17.559033	7.539582	18.169586	10.156022	10.624516	18.177800	12.495430	18.157035	18.026858	18.097385	17.327405	16.076341	13.735227	14.818477	11.451167	8.248057	18.002330	13.072967	13.866947	11.966122	17.973313	17.885922	17.803041
18.186822	10.118742	16.745575	18.177303	8.240771	15.429750	17.248423	11.937761	15.380901	16.097519	10.669334	15.863845	15.410041	14.761181	7.603603	17.814628	13.662282	17.687419	16.803785	17.873708	17.274019	9.874940	16.373202	16.621172	15.683306	14.333549	14.779166	10.539501	13.959632	17.931327	17.318011	14.832391	11.709524	17.373679	15.710726	15.634278	17.391024	15.656742	17.808420	18.027404	9.972339	17.423676	17.912257	12.211135	17.433252	15.994275	14.483689	7.835602	17.380211	13.154823	16.048831	8.032467	6.164838	14.764215	13.631213	13.800372	14.763030	18.175662	14.012583	15.960140	11.768093	14.553878
18.141452	16.979093	16.140462	17.416634	17.922155	17.472428	12.867063	17.768182	15.237155	10.322984	16.818472	15.365061	14.131636	18.070926	12.562501	17.929082	15.330257	17.711340	10.821049	11.469857	17.410026	15.485857	17.985268	16.251701	8.687371	15.506085	7.875496	13.057351	11.713615	15.384300	17.036281	12.656685	14.546842	16.876048	18.061987	15.920009	7.958288	17.827688	13.842474	15.363966	17.432208	9.085876	7.644946	14.084528	17.913316	15.568097	8.080242	15.757109	18.091793	12.134371	17.982543	10.311111	14.407843	16.640865	12.771702	17.971256	15.099614	7.527786	8.952511	8.340475	16.762923	12.038398
10.185498	13.441224	7.698539	18.138752	14.729156	12.615722	17.069558	5.553221	17.445841	18.164224	12.727781	17.447895	11.163351	15.064607	17.281439	15.376593	14.433622	8.818784	18.139825	10.956784	6.172197	14.145167	13.435535	15.223952	18.154569	11.757084	12.674937	17.826453	10.346095	16.187574	15.417606	14.983101	13.622669	16.746350	11.666347	17.956857	15.211884	16.614197	17.536410	13.799770	14.742213	16.247784	17.744249	14.620487	6.903563	14.934582	16.500076	17.636628	12.424325	12.091368	17.476797	11.507149	13.681584	11.958500	16.557729	17.328555	9.612758	16.507301	15.862992	13.075171	15.553575	8.778337
15.013974	16.978276	13.286520	11.240677	15.404618	14.628760	15.930177	15.438560	12.676504	14.636059	11.295946	17.847314	6.331151	15.087379	16.460761	16.376955	16.259124	16.186502	17.034861	14.570804	17.259368	14.905391	13.439789	15.739959	16.730636	17.004149	17.691340	15.023288	10.398179	12.318071	12.308518	14.119336	15.219717	14.378019	17.374136	16.030406	11.910468	15.566696	15.894511	17.960313	18.034154	17.834201	13.737106	17.573856	15.037087	15.266252	12.832397	14.590771	17.551074	17.338068	16.581953	14.393571	17.844983	17.772595	15.182018	15.223251	16.615246	11.963595	17.976974	14.883935	10.208820	17.640398
18.184044	11.846593	15.610325	12.140038	18.159488	13.942465	17.761353	17.949370	17.796347	13.886182	10.619674	16.290673	17.180354	14.505266	13.353188	9.354596	18.074281	9.842773	12.088899	17.295604	12.530594	9.738744	14.994060	16.901243	17.550576	15.958078	16.414289	14.313698	15.795288	11.730661	16.078686	17.896726	16.617322	16.922995	15.825100	18.162496	12.408873	12.142910	15.276076	8.816545	7.635111	15.363438	18.054486	8.024328	18.111151	17.221134	17.860339	14.273990	13.204948	15.335640	16.486666	7.467741	16.719798	13.165982	7.630117	17.355920	15.943914	18.078813	13.578504	14.315308	17.771794	17.233131
12.849775	14.708742	6.548533	13.658274	15.696057	17.817649	14.836453	12.012731	13.492896	17.759496	13.882625	16.823737	18.108459	5.215212	17.383325	17.894937	16.080854	13.372047	17.219666	15.944100	17.454565	17.677029	11.767896	16.864846	17.766721	9.992315	15.403153	17.113449	13.153247	16.538634	18.177967	9.492288	9.962373	9.106128	4.083273	13.860662	17.800834	8.701968	16.197366	17.566942	14.197595	15.494322	14.837560	7.382845	17.769972	15.816643	16.153703	17.676219	7.088424	10.388954	16.907309	13.477320	12.452064	17.817185	17.725518	11.178111	17.474324	11.260153	17.825778	17.966939	17.337915	17.683414
17.187223	16.416644	17.968740	15.954549	8.001550	12.605257	18.076021	13.337679	8.368714	16.722640	12.709303	18.127926	17.709626	15.922173	17.153689	12.977515	10.252021	10.284652	7.935055	9.460161	13.344017	16.522268	10.217927	10.768226	11.511693	16.744932	13.571400	12.914393	11.185041	15.618299	18.030391	12.525242	18.144805	15.365389	12.854908	17.146341	15.522291	11.914845	17.013239	16.788862	11.977951	14.025326	17.461754	10.339092	13.861788	14.907883	12.756914	17.543137	8.289400	15.665872	13.868435	14.930321	16.064138	18.062789	8.431354	17.439313	10.741766	17.950391	16.818658	16.436358	17.412085	12.373408
16.643360	18.094565	16.007897	17.738741	12.968240	16.482516	12.577457	14.949036	11.318351	16.744805	11.752966	16.373424	16.193700	15.794133	12.301962	12.187823	13.830205	18.163764	16.596342	16.332802	16.759456	17.771639	12.847237	17.020818	9.266994	17.864024	15.530325	8.938117	17.403162	8.965057	13.532025	16.876180	11.486388	17.959503	17.651300	17.621873	14.281469	15.683040	6.762822	15.470798	12.105901	17.719190	15.705337	14.675915	10.940705	16.095527	18.123758	18.030008	16.241164	18.085506	18.087096	15.249453	14.233514	17.922278	10.464451	13.220017	14.296120	16.060995	8.278481	8.465291	14.896949	16.374350
16.857458	13.554729	17.639771	16.690089	14.045952	17.737834	17.444059	16.595168	18.172641	9.466215	16.270211	8.981397	17.124603	18.141700	17.774343	8.898150	17.494220	16.608184	14.857479	6.758521	15.529761	16.196933	14.468506	17.184273	13.846673	13.520839	17.619459	14.107735	17.863648	10.207787	10.174609	12.599745	16.131476	17.689956	17.959938	17.061958	16.409833	14.523409	14.450970	11.765241	15.668454	16.405285	14.104310	16.072037	6.699700	14.524431	18.187168	15.650672	17.920367	16.720094	17.134396	8.617887	17.412956	17.360090	14.715632	11.872663	12.125403	15.483335	8.324589	18.089574	14.353742	12.385905
17.545287	14.362787	14.581558	9.639554	15.841402	18.094877	13.981626	17.969413	15.530718	16.178486	18.120883	17.772751	17.536538	10.570640	18.018301	17.095636	17.383415	15.428647	18.138986	11.769441	14.694550	4.385999	15.290322	17.212664	15.366856	17.965626	17.708030	13.107853	16.156391	15.053410	16.796622	7.567343	16.078863	17.360732	17.033716	17.005199	7.179523	14.755733	16.570395	14.693403	9.407227	17.266375	17.385770	16.346513	5.986282	16.255647	16.089499	16.911484	13.406728	11.621302	17.790428	16.794434	17.021888	17.806030	17.942816	14.020801	15.628019	5.119440	11.943083	10.047907	15.674447	17.679131
13.107033	17.570168	17.432325	16.459103	17.473250	17.753950	16.519790	15.708001	16.924170	7.056811	14.231204	15.599562	16.625096	14.681649	17.073263	4.121702	18.125863	12.784423	14.175596	17.552803	17.339212	17.975341	17.628229	16.391348	10.706490	16.458491	12.747854	15.686237	9.235740	17.821831	17.718216	12.498266	10.607008	14.732590	16.422781	15.257480	10.471793	17.316762	15.356101	17.191893	16.826064	17.249069	12.895835	16.385511	14.147068	13.764282	17.318645	14.976653	6.882182	13.807056	13.190473	4.895733	11.514601	16.283123	14.506323	16.626003	17.904925	16.852225	12.317750	17.792761	15.165679	17.558118
17.714605	14.143667	15.596446	18.027128	16.977549	17.899062	13.893734	17.670743	15.173175	13.415116	15.364360	9.318143	13.732158	7.886149	16.677306	18.032787	17.062400	17.087233	16.545877	14.610802	10.913922	6.475574	7.843050	15.229465	16.842766	17.145689	16.097029	16.603036	13.959104	17.360328	9.851266	17.526566	12.334036	15.438606	7.182923	13.905331	12.819665	15.423296	17.777279	15.877686	16.268048	9.723008	14.938692	16.447834	17.911472	14.058943	15.050667	13.158435	17.322755	16.928578	13.050655	11.835932	12.945457	11.404346	17.768305	16.694044	16.590364	11.612643	16.464365	18.186552	17.932044	14.576701
15.692994	10.272374	15.632444	14.533360	16.545814	15.299619	13.078054	11.978897	10.998584	18.143363	17.689090	16.617282	18.137620	16.663533	13.619057	14.374463	18.151862	17.479541	14.526687	17.707492	15.585076	12.796744	13.284283	15.814716	14.928955	17.815770	9.434374	14.685744	17.956084	17.508394	16.951082	15.608679	9.997289	13.460253	17.429352	17.574134	9.737552	12.163406	10.603155	18.092684	16.392319	14.410900	9.578308	17.950285	18.063290	12.715500	15.432274	13.764468	11.223686	14.198785	16.912381	16.097214	17.569644	13.982324	18.145509	18.099883	18.105023	16.531939	11.193762	8.889943	18.037170	14.169117
17.935293	13.364423	17.726087	15.874704	17.748509	18.048455	8.813616	17.553654	16.115249	12.738113	8.393534	14.966467	11.939406	13.601801	17.021116	11.510486	14.337889	12.268264	11.673582	12.400505	14.646761	14.820463	15.122442	7.241746	16.880246	6.493501	10.063769	11.250397	17.438368	16.400146	16.944839	17.834765	11.832566	16.017825	8.260688	17.846189	17.938969	16.031526	10.229837	13.858363	16.495104	15.309008	15.366484	17.201636	16.964438	17.760932	16.241777	17.973065	14.471516	6.227139	15.499138	17.100175	17.688276	11.105529	17.242306	12.869687	17.100702	15.768350	16.572250	16.456036	12.121812	5.789856
9.379354	16.804051	14.820329	15.847916	18.038614	16.691854	17.944675	12.342490	7.658576	17.041500	11.403922	7.348882	10.569074	12.531290	18.165617	14.475138	13.650063	14.702420	16.585652	8.166833	17.980716	11.755880	15.359109	17.522843	17.742254	17.658296	13.706947	11.804568	15.215506	10.327393	17.874905	16.112233	17.672624	17.743077	12.011289	11.784283	18.142811	17.318891	16.764849	15.309517	11.710283	16.522694	15.984392	18.183567	13.656877	18.182627	12.683446	14.219710	10.119151	15.071916	17.818239	15.180177	10.586705	17.805169	15.344508	10.893001	9.260705	15.551730	14.922602	18.044022	12.990292	18.064862
13.322070	17.406767	15.915953	13.957513	17.776132	14.305837	17.122324	8.186132	16.411930	18.184784	7.279610	14.599085	17.606287	16.945619	15.009323	5.426035	11.685743	8.290597	7.528712	11.053140	15.945113	8.441985	18.083404	16.054908	10.823923	16.747537	18.027062	17.342263	17.844220	12.414332	15.001649	16.852983	12.540853	17.766776	17.530075	16.918250	14.668347	17.478613	9.238791	17.990725	13.834570	15.655524	8.819924	18.069584	18.143724	16.168215	15.589343	16.857657	15.539675	14.178537	14.778965	17.731526	17.319341	10.688529	13.763426	18.107209	17.821791	16.712001	15.591998	12.083029	17.488178	16.667968
15.333726	17.156106	17.154299	13.021140	9.912522	9.268580	14.005035	17.972453	16.117287	13.918142	13.841275	4.568735	9.946910	17.634825	16.049318	10.079433	18.000968	13.166909	15.292972	16.102284	8.432590	8.997679	10.739324	11.977514	17.566623	16.974508	14.389848	16.791711	17.782464	8.768401	12.614096	16.863971	16.026109	18.042478	10.754770	16.410327	17.581727	14.759058	16.695387	9.519547	15.748143	13.055958	16.575551	15.314872	18.086123	18.189856	15.485684	16.463210	8.884651	14.710499	18.149649	8.568440	13.899813	7.865332	14.551868	9.627927	15.453191	17.937551	13.921362	16.138097	12.545700	10.851808
18.096871	17.397098	18.049716	16.402304	16.512587	17.760886	17.612332	10.077920	16.055585	17.194798	13.340214	15.967788	13.348922	18.184707	13.091549	16.851817	16.241943	9.980574	18.091216	18.086293	17.877691	17.141835	9.541534	12.508344	16.553748	11.742906	16.540375	12.819260	12.411883	16.089264	9.101059	11.983284	17.987861	15.006279	18.115566	17.406715	17.373017	17.197082	13.370354	16.236534	13.560552	14.034963	15.070738	13.807506	10.013473	10.761176	17.863328	14.809448	12.647199	10.006958	17.960233	17.743640	18.179143	16.547418	10.091424	7.967783	11.421192	13.745435	17.222413	10.464818	11.923629	16.870712
16.248656	7.980695	17.936571	14.036724	17.369820	17.596800	17.685360	9.778800	17.269762	17.584258	16.051327	14.873728	15.801831	7.555909	7.157017	14.627139	18.177337	13.723115	4.358968	11.279116	17.744729	17.329514	7.163666	13.833957	16.306976	6.861415	11.211543	18.004094	13.907574	15.248246	13.644328	8.640196	14.190856	12.884044	16.472275	9.895940	17.779735	18.002296	5.675798	16.857114	16.776260	7.519632	16.140716	13.585919	14.172563	17.399649	16.673604	13.744618	15.863149	17.330988	13.167981	13.016341	16.480507	14.335742	15.340383	14.320096	17.171314	15.329327	12.100478	11.948927	9.645281	14.856656
17.614989	16.550508	18.121430	14.257899	18.089128	14.908649	9.825313	13.181023	17.067127	12.328754	12.120327	15.804721	17.890720	15.607581	15.279543	9.879343	10.323442	16.582603	13.910140	16.947702	17.962336	17.655729	12.144542	17.600931	7.253642	17.126051	15.456611	16.811247	13.278306	11.546281	16.221800	17.189965	8.684895	17.765042	18.107546	12.222178	18.097925	17.540969	16.815405	14.898155	13.807228	14.170766	12.889414	17.260258	16.697016	14.683757	12.743588	15.081509	17.544489	16.102462	17.165536	15.737553	11.209298	17.044981	14.426628	18.110915	15.351169	15.985354	18.094788	16.696971	15.879654	13.879098
15.118422	14.464965	18.005714	16.990249	10.756077	10.623658	15.579846	13.724223	13.887568	17.625007	18.155070	13.263695	12.807031	8.157135	17.763804	15.437001	17.162534	17.253418	14.334489	13.394136	17.016444	10.370746	17.673490	16.913087	15.812605	18.180209	14.943618	17.926890	12.418488	15.355396	15.083961	14.605573	12.170534	17.685571	17.359948	17.169752	17.299273	16.003966	18.004783	15.355831	17.590364	14.984252	17.400544	13.891680	17.323537	15.288608	17.196133	15.173945	18.079426	12.277634	16.761419	17.260163	17.515218	10.498867	13.862474	9.961449	16.417970	14.588071	14.460139	18.029897	13.535378	9.821997
17.071334	16.271197	14.392262	12.032258	15.451176	17.359600	15.531335	11.336130	15.335628	17.241569	17.867152	16.072646	6.205149	17.831020	8.967281	17.440469	11.494270	14.620964	6.936498	16.004689	13.727357	14.311760	11.458947	12.934671	6.593273	17.990319	15.889576	11.898797	13.112165	9.354271	11.172390	17.287911	7.290999	12.979418	6.378395	15.255853	16.219506	16.239288	15.925463	17.849302	11.573658	9.929519	13.013436	17.784058	18.155629	11.386969	16.204851	14.809247	17.995583	17.884740	16.244035	16.782733	13.860815	14.926264	18.075030	17.294120	18.135782	18.139124	17.316475	16.571330	15.737250	12.809638
15.550238	11.398314	15.078666	16.524571	14.092025	16.767886	8.545584	10.795557	15.559975	13.843362	18.111148	12.991559	16.952663	14.171138	13.475134	17.517017	16.961576	15.180743	16.544949	14.360309	16.081503	17.778444	5.936720	17.573952	16.830604	11.486908	16.141594	15.458576	10.690550	15.261571	17.863114	15.546021	13.091166	13.861560	18.184840	15.620322	16.799702	17.382135	12.208171	17.852251	14.931099	10.713427	14.863121	15.554375	17.944971	16.125140	15.368055	17.349130	17.104520	18.163645	16.356912	13.633087	16.019181	18.188227	18.185148	14.364610	16.082451	16.943036	16.896139	11.092667	17.224570	18.075104
13.544008	13.816125	16.134445	14.843402	17.294142	12.411550	17.067385	15.480940	18.143857	14.602007	12.596466	17.798568	17.135058	16.302297	15.032385	8.364632	15.571148	17.393404	13.355821	17.284331	15.949059	9.276191	13.051598	8.011348	12.253091	15.391756	15.001206	5.064723	17.720987	17.388838	18.142814	13.642342	14.730605	17.319541	16.788572	10.783983	15.718102	16.234513	11.501401	8.045041	15.407881	7.854726	18.083468	7.939437	16.854402	15.115334	17.547107	16.854589	13.383342	15.801398	17.446980	16.543850	17.407177	16.711604	11.718473	17.104299	16.591708	17.961919	9.080692	11.608459	8.158372	6.936086
17.442867	14.375486	12.642217	17.166854	18.099098	14.329482	17.813516	8.836102	16.182980	17.689969	14.748865	10.695999	16.856677	13.016728	14.417536	6.107861	15.391658	10.253162	16.073110	15.208954	16.819794	9.955169	12.713620	6.552363	17.682332	17.120180	16.577502	15.921640	10.555434	13.359020	5.269420	16.818294	15.860313	12.554109	8.349605	17.884904	17.721603	18.043854	16.964240	13.678653	14.742942	12.054209	17.766159	15.818174	16.922203	12.529782	16.129555	15.327389	14.515178	6.074481	12.724983	14.068298	15.975741	14.720325	17.234467	17.251819	5.686806	17.288134	11.390898	15.619456	17.078673	18.088044
17.872925	15.751884	9.266845	14.014544	17.513072	14.682763	14.033235	10.811358	18.061308	12.461316	15.685616	17.170064	18.058312	14.776808	17.697381	17.271051	15.028069	16.751363	17.147410	12.790555	13.168908	17.644520	12.298825	17.524333	15.774127	7.822608	14.581843	9.363549	17.343970	18.131604	13.996591	5.071331	12.418508	18.093894	17.152666	9.386573	17.494984	9.826264	17.439286	17.333072	10.775480	16.116842	13.945855	9.625219	18.032436	15.018102	17.932828	4.516184	14.912773	17.599993	17.745848	18.168488	17.839140	17.998880	14.832958	16.980185	11.251760	9.036854	12.656120	17.514888	17.241278	15.861430
18.175106	5.624469	13.204908	8.199784	18.076923	9.126449	17.085019	10.800835	17.804162	10.318067	18.181490	15.803066	13.176612	16.652807	11.502132	16.830435	18.175194	13.807568	17.233193	9.404159	9.424869	16.633719	16.197846	11.951457	18.062506	16.773613	15.145053	13.078063	18.031101	17.599241	17.651729	17.050614	6.945241	15.196566	17.632437	18.160799	14.813860	13.835343	16.103009	11.858331	14.548690	17.687342	17.081121	16.820756	17.959920	17.815036	15.084919	17.710024	18.100396	16.100012	11.713019	12.534842	18.181363	12.415417	14.483496	15.046012	6.258542	15.218704	15.854704	10.816163	8.465695	16.687793
14.983449	15.797112	15.579837	11.353899	17.278692	17.148725	16.283211	15.858885	10.976853	9.661219	7.826335	17.248182	14.001056	10.534790	6.487671	15.573129	17.630313	16.605413	16.167822	16.917492	17.003757	17.876637	15.020716	16.686725	17.360750	17.665088	16.697040	13.649062	9.138392	15.878933	9.219406	11.116026	11.422552	11.847989	10.383994	17.670304	14.077331	17.396459	14.990423	13.594452	18.051982	13.973560	16.866722	8.164896	11.998443	16.628314	13.467158	13.542113	17.805689	16.687918	9.864671	16.178763	11.071611	15.784458	17.770721	17.363822	17.615895	11.085402	14.660930	9.518122	7.079238	17.825854
8.844481	17.837980	9.577954	16.929461	16.510373	12.545772	13.047077	16.765907	17.393747	13.627629	16.304095	17.088820	15.280180	15.034928	7.787172	18.038531	17.698394	7.141310	17.809965	18.167523	18.013988	17.650194	16.060613	18.141195	17.379171	18.022968	18.135631	18.003731	17.269814	15.359825	15.254759	11.730228	17.936157	8.042517	18.169850	17.203363	10.239956	9.963831	17.199393	17.717007	8.701598	10.727126	16.863622	17.700992	18.087803	17.142344	10.968309	14.018885	5.849467	8.201417	16.755617	15.772900	15.718390	16.354177	10.937473	17.054772	14.917282	15.801577	17.475168	18.168288	5.816488	9.627097
13.235010	15.938302	15.286388	14.325021	9.168409	12.687055	12.162740	16.164509	16.323528	15.571103	17.539941	18.084670	16.174227	17.191018	17.789419	16.209944	15.127097	17.899905	11.390343	12.484854	18.060046	12.285640	18.129982	11.965554	15.583488	10.175473	15.311565	8.132265	8.998779	13.262770	14.071506	8.511156	17.097911	16.210205	15.135896	16.524105	16.267604	16.713100	10.402143	15.485421	15.586124	17.450458	13.603551	14.346284	16.496854	16.433496	7.885531	12.995403	17.937347	16.112291	16.629811	17.979097	9.470072	11.414899	17.035808	16.234183	5.357401	15.933382	17.992336	17.753514	14.848214	16.840285
13.479244	16.606360	15.214710	16.813655	5.640195	10.632163	12.375646	17.559034	11.949453	12.826858	12.747457	12.588916	16.995393	16.392709	11.233795	14.680111	11.635261	8.695022	17.872805	12.176981	16.514622	12.925316	9.682044	17.504454	18.051990	16.976927	15.537289	11.348150	9.860983	12.959387	16.310401	17.908526	18.055212	17.360194	15.159496	8.636098	15.304968	12.214865	17.073252	15.829633	10.052696	16.633061	9.538079	18.137881	17.965235	13.291401	17.850049	13.133415	11.695696	9.467335	11.803699	14.740922	16.614021	15.325272	16.917200	13.610381	17.634997	11.594880	12.224720	15.156533	18.087970	7.407190
17.807642	15.586793	17.659111	14.095988	17.128586	17.014251	10.292736	15.977079	17.404625	17.349985	10.517308	16.101604	6.954375	13.430271	15.435449	17.646878	17.557218	16.254849	13.287724	15.720408	12.155796	16.036395	17.160203	13.096853	17.379481	15.806927	13.895469	8.669641	14.159333	12.997277	15.561491	16.434190	12.690569	16.485300	17.089023	12.969819	17.941325	17.241795	13.557538	16.887874	15.938236	11.526127	9.346097	10.677184	16.292553	13.991599	16.037540	9.099798	13.054351	8.035434	14.831524	13.809511	16.827430	15.067473	11.816265	8.797933	11.452556	13.978535	14.784436	17.101025	9.456890	14.905619
17.977191	16.328377	16.261824	6.332335	6.999773	12.045521	15.359450	12.024988	15.831859	17.435751	16.611191	16.763581	17.263820	15.514273	16.710348	11.945825	15.627963	10.584073	15.448174	18.183241	16.786360	18.007574	16.906064	18.102836	15.011800	16.518931	16.276190	17.950047	17.021098	17.402834	16.588640	17.642603	18.157737	17.812495	15.824025	12.698459	13.621755	15.419118	16.184253	17.770914	15.701522	17.865182	12.171196	17.097833	18.066858	18.075459	12.368699	17.641597	17.984263	7.371966	14.603891	15.757944	17.110807	18.010148	14.664651	17.087021	17.386090	13.945803	17.751321	13.222036	7.502209	18.176017
17.781270	16.802448	16.732773	17.922513	12.113849	13.247248	13.280185	14.558788	17.773808	18.174346	10.038966	13.343106	16.350026	18.146528	11.721599	15.789312	14.350321	15.494782	13.425227	11.202828	16.032849	13.686966	8.517648	9.553353	12.653146	17.820343	15.418075	16.990088	14.473744	17.307861	6.849881	18.185603	15.704966	15.660740	17.877532	11.897490	11.665464	14.878313	15.197745	12.003431	16.813487	15.177589	13.977297	17.660621	17.284259	16.206730	10.378627	18.045194	17.372893	17.852730	17.476247	10.585242	14.045593	18.068803	4.525302	12.143486	10.683428	11.663128	16.666660	13.165546	16.684180	14.571684
15.592920	17.264348	16.339877	18.163674	16.658626	17.994075	18.174913	13.242440	14.898888	17.231214	15.145137	16.560190	12.854397	15.975129	14.850242	17.061456	16.429843	16.520350	15.965163	17.154189	17.178789	11.443934	14.679634	14.528092	16.807306	12.347636	16.695518	17.256018	16.605694	14.095338	11.531605	17.887695	12.183750	15.907035	16.533982	16.745918	16.621651	14.979400	17.219277	10.412381	14.564544	13.354816	9.857590	16.442764	11.168884	13.356354	14.359007	11.828972	16.268133	12.942947	16.057164	17.261241	16.837011	13.572309	5.980361	11.541566	17.554205	15.402506	14.424846	17.316984	16.410116	10.344310
13.876979	15.722020	15.396528	15.540435	11.601293	17.850641	15.067427	15.563269	14.866083	8.434110	16.616372	9.808154	18.134788	14.004395	16.548634	16.896119	16.234521	13.587166	11.795452	16.486718	16.807384	18.002701	10.253518	12.017206	14.628844	17.658319	14.547380	11.464377	17.896856	6.979001	13.076211	16.644342	12.703615	18.189678	11.597367	16.132089	17.567082	9.381073	13.799252	18.159750	5.882484	15.259505	16.737754	10.300481	16.716926	12.958595	15.593452	13.182321	12.232912	17.898271	16.592480	17.985029	18.106652	16.179303	11.350050	15.029139	16.140912	14.185915	13.424977	7.670077	12.644037	17.988045
16.848906	18.178146	17.035794	18.081618	16.811261	18.153471	16.443366	14.604084	7.623609	16.431813	15.465212	5.803724	17.735225	11.892672	13.862720	17.404611	18.175143	13.854559	7.161157	13.191577	15.570841	13.867555	5.113145	14.940528	17.528455	12.424779	12.568960	12.870010	14.650121	17.543570	14.846375	17.971276	18.013326	6.634651	9.961959	12.863521	16.603478	11.906379	14.152201	12.022942	8.294572	17.865773	10.971303	16.267476	15.921709	18.154333	10.976095	17.338355	14.329504	5.865547	11.069785	13.589177	17.767320	17.292299	16.572723	18.036326	11.421872	17.262538	17.928448	14.180731	11.615696	18.089124
17.860482	13.572237	13.211601	8.962436	12.627771	12.135514	16.163696	13.154188	5.995487	17.139882	14.015293	13.773281	10.526504	10.280248	17.524713	15.342708	18.002543	15.724032	15.612017	17.066700	18.126902	16.147289	13.624979	14.335147	15.272946	16.905251	9.484214	16.587749	9.578263	15.244730	10.525319	18.170047	9.751174	9.232577	18.129391	10.503904	15.986394	13.778535	10.215195	15.378554	18.100351	16.284115	16.517001	15.797839	15.755680	17.283292	16.506578	11.307770	8.581001	18.079259	12.797152	16.067041	16.566812	13.258026	13.847549	17.302686	10.504133	16.701976	17.635899	12.613685	17.760265	17.619199
15.538347	9.723519	16.295090	15.097219	16.257812	17.402430	11.695218	18.159826	17.460627	6.065571	14.293019	14.150426	15.443452	14.759487	14.956297	14.613656	9.298578	16.539800	18.098901	11.330700	16.494657	11.043873	14.466224	10.884734	16.528308	14.936978	17.229787	9.463838	8.105446	15.065780	12.504719	17.606095	16.071661	17.100862	13.050144	16.633596	14.156704	17.687983	17.202565	16.439441	14.372492	9.611668	15.767057	17.352518	8.302718	18.062345	12.459553	13.490485	15.983501	13.892904	17.653489	17.337649	17.924295	17.074757	17.495934	6.718374	6.131666	13.638156	15.556019	6.581792	13.675899	15.147272
16.363259	14.225482	17.150015	11.781982	11.132336	11.931821	14.554857	10.057433	14.830985	8.834018	17.799113	11.452116	15.914463	15.604396	18.122385	17.148344	16.519985	14.156913	17.712828	17.140040	11.695854	13.884785	17.517429	8.676265	15.933617	12.067975	16.611260	10.391320	17.768419	17.995254	15.975691	16.345333	17.692181	7.767138	17.327944	14.161549	17.421047	16.604537	16.293849	12.513486	7.616928	15.278302	16.244417	17.452368	14.975630	15.737355	13.848259	17.787740	13.038529	8.163552	15.671194	17.335311	15.591630	17.752145	13.285353	18.126814	18.148263	15.616289	16.638947	16.011151	14.599637	13.563805
8.891834	13.498148	17.509332	16.447426	14.624809	15.370915	16.582891	9.587225	18.123658	12.500242	18.156795	17.250212	11.743794	18.027594	16.456011	15.969730	13.853082	17.891775	10.058257	17.606420	9.681832	16.802467	16.542476	16.900381	8.485553	13.938192	15.128334	14.996082	13.910930	18.063941	17.946515	14.726592	16.735661	10.255388	11.747589	9.480665	13.619847	13.506443	17.609757	9.660194	5.661955	15.416189	10.589403	9.886973	17.671534	16.412973	17.590359	6.764972	13.915841	16.500059	16.639815	16.505035	18.076541	17.322503	17.558665	14.260243	10.584010	18.069371	8.077728	15.671394	16.650135	17.516301
14.196839	17.571739	11.710569	17.126092	16.311386	11.065213	16.874059	5.568393	14.044878	17.023031	13.223774	18.042416	16.273545	17.444588	10.983045	14.352990	17.530844	11.464013	17.672102	6.796836	11.758265	16.588908	12.935147	13.213112	16.971341	17.959210	8.067611	14.067990	17.338959	13.713033	17.701681	10.336039	18.006416	10.464873	17.307279	15.920246	17.371965	12.068134	12.748117	9.083153	17.960853	18.168284	15.767156	17.614487	16.977937	12.359058	13.908017	15.607719	17.296351	9.024628	17.367558	11.391052	17.451406	17.768582	15.933403	15.578888	16.996481	8.192678	8.206803	17.886494	15.316978	16.025696
10.341062	13.276640	10.071301	8.195236	16.125552	15.391266	17.998426	17.604320	15.435745	9.599702	15.479719	14.142361	13.965698	11.379083	13.259603	11.975305	12.755886	17.876819	8.647193	17.512998	15.093152	17.971769	11.345548	11.994647	16.997969	15.000893	7.693080	17.282057	8.642338	18.031186	18.045562	9.375429	12.415243	16.516805	11.211308	8.760817	13.175242	17.739934	8.194677	6.979056	12.951596	16.397688	17.254838	11.687346	17.042788	10.951026	13.677894	14.384018	13.849403	15.013391	18.106365	17.148765	17.259974	14.009065	16.774545	10.092825	18.141307	17.732652	16.016226	5.900611	17.837000	6.429202
17.897719	11.610824	16.472343	12.628513	5.310549	17.332688	16.996354	16.450598	15.580308	11.499336	17.402817	17.664784	16.800338	10.331542	17.398208	16.680280	13.170423	8.964187	17.747670	13.633539	15.958854	13.978688	17.872430	16.233722	7.787671	13.626208	14.271132	7.871043	12.192555	14.036386	17.157695	13.189811	17.836894	17.464572	13.801182	16.647957	15.165480	16.044940	15.042815	13.849049	16.654904	16.246441	13.418415	15.774367	16.041274	18.129922	17.084523	10.264165	14.892782	17.395247	9.141706	11.660650	11.959636	14.809248	10.519102	15.239887	10.646363	13.692271	8.257772	13.497227	16.378042	4.779639
13.638554	16.648826	12.105936	11.879676	16.048835	9.396262	17.941237	17.668425	16.606622	11.605012	9.623928	13.853828	13.589476	13.548353	16.361535	11.469828	12.392079	13.367927	9.266279	18.163999	13.502580	14.047374	6.010521	12.543894	17.393855	11.053950	16.006262	12.613339	17.212930	11.047955	14.435088	17.049711	16.195643	17.919199	10.169918	11.901541	10.785171	12.381234	11.947936	17.663793	16.757973	16.052745	11.023066	15.301741	17.158079	7.045419	17.616199	13.336450	16.310064	12.093592	17.624465	11.230359	9.432694	16.594764	7.415628	14.134280	17.604875	16.041126	15.448155	8.005108	14.455465	12.553710
18.094872	15.202356	13.871049	15.680881	8.042421	16.841350	15.450144	18.063583	12.666641	11.299749	10.862906	17.444342	14.867030	17.343754	17.670491	18.103017	14.768669	17.000287	11.270020	12.602237	15.980883	15.745330	13.992003	17.320182	11.986035	15.687427	17.279907	14.154084	11.872541	17.637685	14.183788	10.070200	11.860995	18.154032	14.974358	16.618201	12.204218	17.865104	6.322523	10.529073	16.056826	10.866782	15.508886	13.419774	17.218517	15.549548	17.506908	16.898746	16.651227	18.013871	16.352973	15.977830	16.723952	8.323298	12.892476	15.168794	14.751314	13.007961	12.373465	10.844318	16.909765	13.436070
12.697998	14.444059	16.772169	17.730019	17.637847	16.835624	15.933512	18.161256	15.550353	17.353193	17.815752	12.758271	13.076989	14.390639	17.079537	10.401794	8.774938	17.369863	17.538032	12.185504	15.187368	17.100466	14.592242	11.719685	5.394344	17.510287	17.579851	18.069988	13.854860	17.449367	11.097910	13.733384	11.571823	17.637472	16.628019	15.332004	9.567103	17.469424	11.357715	14.660255	11.356734	17.082885	15.872606	12.279744	12.618329	17.995552	15.995348	14.355218	18.102314	18.065177	16.695530	17.043207	18.108009	15.380306	9.914806	7.915027	5.278776	11.979363	18.155711	17.525178	13.876311	15.899248
9.064398	14.680781	14.523862	12.765881	16.789933	11.409195	16.596703	15.428539	12.109250	16.325234	12.060351	14.969952	14.772756	14.855251	14.558293	12.466406	16.835340	14.357791	15.792202	16.641586	15.123172	17.823161	15.874190	18.096954	17.001800	18.098583	17.903806	13.602948	14.859272	17.231041	7.573296	16.736077	4.979198	17.112296	10.282387	15.600325	17.491259	10.404808	11.941456	17.380348	9.940214	17.898860	17.542108	14.868142	16.865732	17.769290	14.368754	17.922073	15.505755	17.208681	16.824903	5.997117	12.399523	17.651244	17.379162	17.157818	15.939230	12.243614	14.770832	17.204624	13.677240	13.386925
17.601061	15.813421	17.749593	11.450517	12.581969	14.697282	18.067740	17.782764	16.443520	9.048385	16.302075	15.743984	17.687311	17.171401	15.312535	16.128918	11.935800	14.853807	16.102665	16.873308	14.833826	12.642342	18.072816	16.833810	14.930722	9.075766	12.795624	13.833302	16.959908	14.166777	12.997371	18.149004	12.842742	8.977965	16.643535	12.191611	18.070458	18.003756	15.592134	17.171764	10.158997	18.149814	14.176207	10.587604	10.856524	13.479305	17.821235	10.787952	16.392675	8.610021	12.076578	17.570117	12.722640	17.685326	12.405501	16.051762	9.732521	17.477108	11.822520	8.117881	17.528810	13.782133
14.043351	11.025168	7.244788	16.008933	9.359955	12.376721	10.747540	14.272943	13.314410	15.242102	15.389452	14.707847	17.032114	10.701030	11.415079	10.448310	16.677913	16.293866	17.758299	17.783444	17.461720	10.126985	11.142128	17.960539	16.419200	16.566257	16.709775	14.153520	8.111557	17.594341	10.642879	10.532592	17.916101	5.858105	17.091630	11.099358	17.603995	10.236414	17.889630	14.280104	10.891262	10.675357	13.408806	10.576757	18.130565	17.420405	17.743535	11.197838	16.637380	15.007524	17.645933	16.221825	17.353133	16.044965	11.291922	13.673617	12.300518	12.715999	16.837678	17.067740	17.579885	17.578007
17.724590	16.297190	14.151338	16.131919	10.662956	12.506961	17.479463	16.424433	17.956005	15.063675	16.886328	17.696753	15.410421	5.242686	16.074299	14.881583	11.460352	8.940663	15.346253	16.052639	16.699263	17.272214	16.483117	6.810153	16.399860	17.674885	8.369185	14.201889	16.166383	17.642816	16.915177	9.193500	14.235581	12.079248	16.138285	10.923564	16.312466	17.509730	17.450888	17.636467	18.105240	16.740301	8.761323	11.539420	7.999238	10.678670	13.756949	10.163010	15.735264	15.052314	16.201065	7.947471	15.494992	15.037486	16.012362	17.950246	16.640095	13.363435	15.556753	17.335792	17.869406	18.153237
7.986634	13.781577	17.450097	13.246637	15.856826	12.120650	17.324789	6.856539	9.987762	18.140443	9.200495	15.578506	6.801878	17.131915	17.928421	8.946538	18.139876	14.080371	6.349740	18.169708	11.602133	15.994561	9.934501	16.066906	10.029413	14.533261	17.193615	14.900651	8.676726	17.529791	17.457588	11.200531	17.970620	12.922001	17.990419	12.693415	15.834039	16.977190	13.533145	17.517777	16.734125	12.805207	17.324009	7.436358	16.290724	17.982183	15.576200	11.154956	9.893067	18.093559	15.954350	15.675254	10.838765	10.031382	9.651645	16.156731	17.289436	15.621750	16.999300	16.617998	16.304499	15.914029
15.543415	17.864197	10.606602	11.779960	14.278187	17.851252	9.636365	9.880009	14.115660	13.073373	7.154378	13.618107	17.163608	12.722134	8.203387	15.262914	10.309063	14.647317	16.144572	16.783222	16.237059	18.007873	10.802981	16.596279	16.764885	15.384296	12.446671	16.789399	8.879678	16.388409	14.645743	16.557597	11.094926	14.648970	6.830880	17.377295	7.906673	15.449571	16.486842	16.941664	14.526510	12.343889	15.248609	15.276267	18.035506	14.184940	18.079551	16.739636	16.601825	18.048747	16.956143	15.533077	16.870536	15.965087	15.995806	7.839106	11.867395	10.194567	17.165316	17.146273	14.489836	8.246569
14.899098	15.130281	16.151794	13.970380	18.003162	16.835817	12.242904	17.364512	13.459539	15.600729	16.109230	14.086157	16.579027	4.803662	12.399402	12.310280	14.040959	17.416242	17.265677	10.296677	17.012705	17.253022	17.875559	15.709606	17.578469	16.784230	14.934229	15.963374	11.291770	12.034673	18.111932	16.098649	16.494633	10.047892	11.421485	11.123303	15.548415	16.850566	17.964084	12.710948	17.674630	17.446720	18.054556	17.034298	17.342811	6.618405	8.274917	17.638751	13.985708	18.068708	17.807373	15.198114	15.054364	17.522547	15.928465	13.800192	13.547046	8.092975	6.163333	12.798547	15.911825	5.237121
13.869784	15.997982	17.868193	7.921904	13.694752	13.847908	17.236064	15.516140	16.117946	13.224896	12.977859	17.694523	17.343424	11.670993	9.981594	12.643634	15.806959	17.006902	16.616027	17.980344	18.108601	18.168108	18.130666	15.577806	17.966414	13.949434	17.123392	16.459490	16.315777	10.646219	15.774857	11.865587	16.436266	15.214848	16.929038	15.739542	12.519096	16.240349	14.759542	13.470167	17.480403	9.757281	14.628456	10.543821	11.656037	11.480898	16.541052	16.112722	15.253825	15.091317	11.875606	17.343690	14.490547	17.139045	12.728387	11.900515	11.594305	10.202982	8.900025	8.652421	17.580293	16.705923
15.937496	7.042335	13.058519	11.144344	13.377838	6.621970	6.440522	14.517289	18.089655	17.886254	16.491338	14.507382	16.188743	17.864347	17.307449	17.626731	16.103072	14.766839	16.202306	17.107750	18.125320	17.544433	15.634682	17.910940	15.415150	17.208724	18.048104	18.080969	15.117262	15.002799	15.046484	15.161854	17.766278	15.189069	17.613730	17.621036	17.269628	16.359704	6.066652	16.553914	15.501091	16.315769	16.621600	17.393802	16.248564	8.681158	17.945919	15.997030	12.765109	15.383202	17.538294	14.796623	10.365854	15.193102	17.109890	14.125625	16.717935	13.361125	16.816017	17.121180	11.350979	17.579996
18.108646	15.048691	16.800107	14.857324	10.988760	17.447442	17.266837	16.283454	10.332397	14.127601	18.085306	9.096766	17.672399	12.650256	8.402585	14.681223	13.713374	16.011930	16.397793	16.542422	9.104278	15.856088	15.934787	17.524112	16.316318	16.226972	8.141283	15.818617	13.810907	14.594834	18.121872	10.531617	17.232252	14.396418	10.615620	12.672950	13.181540	15.946317	18.138582	15.822561	7.267144	7.419621	10.024536	18.061857	12.814323	16.942419	13.902397	15.572682	16.412113	8.080500	12.554247	11.952392	16.823376	16.556170	17.090186	12.088894	17.744066	12.453750	7.933458	14.229381	10.436590	17.388697
17.347438	15.832485	11.522157	13.881347	9.531789	9.471629	15.598599	17.817156	10.183666	12.189015	14.704481	18.151246	10.556645	17.991695	7.539714	10.585859	17.158158	16.033101	17.640707	17.603375	15.891963	17.697655	17.106576	11.000125	12.406167	15.020264	5.871935	17.667959	17.618034	11.506006	9.919531	15.894247	17.612282	18.103073	16.204039	10.420350	15.747695	14.309530	10.035875	17.648892	14.943716	10.214954	15.818448	17.520369	17.213764	16.916883	16.661413	12.902938	16.611937	6.764992	15.685347	15.771221	17.967602	16.804817	12.375728	18.010028	13.744612	18.139187	14.791811	18.003839	9.830570	11.586032
17.588896	9.691753	17.850328	14.372584	17.026757	17.700442	16.430782	17.182164	11.480547	17.100473	11.401421	18.156758	15.770371	17.255120	13.821351	16.175285	4.182094	17.332641	12.276715	9.477333	17.938361	18.129645	13.840397	14.639704	10.779821	8.027497	16.361853	15.954914	8.690813	15.471827	17.902556	12.606178	15.826122	12.495200	8.857162	5.482937	12.633433	14.814689	8.521029	16.396512	16.477598	17.842546	14.201097	12.093395	15.572876	6.495987	4.584681	15.867832	16.809127	17.070691	17.619307	11.763453	16.718582	15.871139	7.643920	16.193670	6.291906	14.350227	11.775815	16.709313	6.885843	18.065657
