0.000000	4.964096	11.273385	10.768820	10.980181	11.540295	8.464248	10.055498	3.995869	6.018962	9.760837	10.486818	11.417751	7.055182	9.850301	10.682722	11.503381	7.979959	10.691713	10.359385	10.400990	11.402556	9.261692	8.349153	11.535522	8.796469	8.137794	9.390106	11.014710	6.975138	10.120763	9.912517	9.057213	6.106521	11.424672	11.279787	10.432013	9.058474	9.205099	4.931324	11.537589	11.376389	10.055354	11.117810	10.123608	9.314688	6.883125	11.418431	7.139404	7.668370	10.959860	11.162161	11.334844	9.499340	5.539650	4.579638	8.293909	9.943361	10.794703	10.348125	8.776013	8.503758	4.765741	9.786062	10.782570	9.173312	8.677059	10.801780	7.448441	8.885377	10.912721	11.195228	10.373001	10.915107	10.947905	10.024728	10.837269	11.478154	4.503388	9.081342	10.164649	5.814049	10.173427	9.553729	11.504617	11.547467	10.969662	4.718700	4.140713	11.442340	10.484999	10.100513	10.505003	11.522052	7.336824	11.253295	7.255197	11.330519	5.795920	11.415166	11.461582	8.164734
6.005477	0.000000	4.366452	6.446557	9.560733	4.659728	8.837520	10.421107	10.237688	6.781058	6.083420	10.631377	5.294230	11.199884	8.412121	4.948458	9.791172	10.023571	10.761456	10.086913	7.185494	8.711920	6.475733	10.905377	7.437676	9.845667	11.489033	8.242577	11.099780	7.706019	11.097898	11.153542	11.016995	11.537476	9.442792	10.651616	6.443010	11.178567	9.489172	8.331699	10.364696	11.454551	10.834703	11.500290	11.421947	7.198290	10.477393	9.910166	10.427017	8.234059	10.287803	10.865796	7.247414	10.941223	7.171906	9.792791	9.576441	5.815626	6.304775	3.245818	6.989633	10.850359	9.842749	9.012858	11.457680	5.709423	8.415528	11.339334	9.772683	8.772821	11.440898	5.594138	10.941618	10.574524	10.203018	9.200065	9.450128	7.163530	8.919525	10.323522	8.079649	11.336986	6.657442	10.951325	9.726499	6.022707	11.448776	11.334875	11.284751	10.987070	4.958647	8.740701	10.480483	11.355967	3.853293	11.181068	10.312429	11.123504	4.830775	10.534255	11.308727	10.982011
10.294614	3.510811	0.000000	9.921418	8.263633	9.876956	11.266839	9.511647	11.344101	11.359698	10.865708	5.017063	11.298416	10.161536	10.597873	11.149522	7.350123	11.067936	11.359699	8.456714	10.902354	4.817848	11.451219	8.379114	7.254080	9.201907	8.073517	10.406080	11.542256	11.392409	9.200471	11.515756	11.532634	11.510455	7.320866	10.411033	7.115550	7.761718	11.324159	6.203239	6.913533	8.149100	11.462776	7.448279	9.711245	5.330751	8.843888	11.505813	7.801430	9.017301	11.517537	11.096473	5.418127	3.329687	11.155786	8.715136	10.450992	6.267162	11.320702	10.136585	7.384252	8.203648	11.046739	10.645614	11.061264	11.406965	10.693093	3.844616	11.242277	8.272845	11.189481	5.967979	11.452817	10.164486	8.836423	9.850172	10.165901	5.710812	2.594017	6.215320	9.847468	5.181906	8.464254	2.942319	11.343537	11.090587	6.279571	11.525774	8.995353	8.868221	6.781844	7.744864	7.683470	6.343118	11.439488	6.091719	7.251727	5.956168	9.780798	8.183027	10.992980	10.543890
11.442045	7.626268	11.274065	0.000000	10.946713	9.830075	10.937810	11.531202	5.620335	10.943044	9.714795	11.464426	9.800480	11.014707	9.638692	6.255064	10.930041	8.757694	8.092437	11.430464	11.119629	9.546283	11.175629	10.441586	11.462264	7.769466	5.551419	8.176773	6.180617	6.814409	11.372353	10.046194	10.817671	5.679299	9.847867	10.821525	10.474821	7.629818	7.908306	4.083995	10.539328	10.333969	10.101742	7.445445	10.314510	8.251364	11.486867	9.998624	10.354671	5.612335	10.820968	7.729935	11.533621	11.419750	10.091984	9.215178	7.728130	8.216017	7.289616	9.944338	7.100538	9.942010	9.609150	9.874557	10.037583	6.673697	3.391060	5.402732	8.347740	11.201596	11.163933	11.434312	8.576362	11.026866	5.300668	8.248365	11.343859	9.839631	6.019902	11.519306	9.447712	4.438926	9.204934	11.173108	11.344669	10.744718	10.728769	11.382674	10.548012	9.622798	7.004771	11.030910	9.407048	11.223731	10.311743	10.366236	10.449657	9.211664	10.552394	11.530859	8.468549	11.439615
4.349234	10.680349	9.962131	6.779341	0.000000	11.424541	8.981497	6.730324	11.290974	8.801437	9.230782	9.392572	10.660662	7.582284	9.502975	9.964443	10.295259	10.441936	10.851307	7.536734	8.626596	9.070522	10.662671	9.110201	10.012628	9.030962	7.744387	3.600402	9.465322	10.033129	8.592924	11.468504	11.175911	6.884018	10.404228	7.658081	10.934313	10.323468	11.434526	11.532371	10.040173	6.954449	10.148466	8.665095	8.893310	6.582458	11.037962	11.489976	8.777190	11.238248	10.827520	9.500630	7.881018	8.088877	10.142462	4.381191	11.434295	9.473536	6.723205	9.282443	9.696841	11.351981	9.837999	11.236108	10.537972	9.753826	10.846478	6.785084	11.312444	11.319290	11.476947	11.276349	6.352038	10.637699	11.001323	9.029298	11.294403	7.118620	4.634312	6.504075	9.180436	10.130627	5.229658	4.854652	6.546235	6.453182	11.210804	9.573193	7.207047	9.703104	10.857612	10.293653	11.099666	11.301443	9.566124	8.320941	8.634310	7.560576	5.853067	9.030622	9.300625	9.916800
10.458372	11.229831	11.227544	8.845344	11.035468	0.000000	11.540579	10.193053	8.541335	8.478928	10.858618	10.321655	10.380462	6.018023	7.543015	11.284163	7.040445	10.507209	11.502780	9.693997	11.373965	8.508825	10.692978	10.550701	8.174411	10.895289	7.764716	9.837180	7.404489	3.504457	11.382519	5.197767	9.462218	11.365651	8.533452	5.596752	8.039020	10.077717	6.737341	9.289818	11.443883	10.954980	10.300257	11.052883	11.535892	7.487004	10.186337	11.311873	11.406352	9.043707	11.247638	6.444019	10.905709	9.355747	5.736721	7.405072	4.171894	11.545195	11.116490	7.786276	11.441982	5.944323	7.657674	9.335488	9.220669	9.696316	7.311422	9.617230	11.231016	11.065344	10.870610	8.691062	5.179769	10.418921	10.802066	7.020247	10.316191	9.480340	11.293735	11.055122	8.633532	10.794426	9.017527	10.189094	7.817046	8.015122	10.394195	8.651647	11.473528	11.374556	9.546899	11.473303	8.070682	9.534765	7.425681	10.160751	11.099390	10.906698	8.386805	11.194842	8.359064	11.194754
9.491553	8.620813	7.976341	7.037769	6.302629	4.484948	0.000000	3.742514	11.025847	7.606439	11.344066	10.011134	7.056408	11.082645	10.083812	6.370950	10.627676	10.734591	9.268618	8.908292	11.429116	11.325339	11.313887	11.510263	7.274849	7.480777	9.477384	4.929573	11.413064	6.064105	11.209506	11.490578	11.390806	10.293343	11.353457	10.897477	9.795528	9.037513	10.411464	10.229031	7.449210	11.103136	11.521164	11.500785	6.456907	10.723011	10.235394	10.097919	9.854855	5.945829	8.068575	9.863852	11.355197	10.308164	11.038423	11.542208	10.523773	10.792026	9.765536	9.790792	6.928008	5.564293	11.426651	10.325492	11.071812	10.826899	10.903800	5.445804	10.382281	10.986975	9.526662	4.875410	10.346573	9.719126	11.318135	11.352664	8.968186	10.303609	11.513091	6.740238	9.782537	10.907918	10.723722	11.490696	5.456988	9.413349	10.683227	11.205291	10.949367	11.405761	10.504874	8.161044	11.489083	11.520135	9.679326	4.971509	9.816814	6.843565	9.745596	10.402107	11.545072	5.721963
11.168228	11.284490	6.343525	4.352801	11.182533	11.293621	4.134208	0.000000	11.369935	9.047959	5.018140	6.237678	9.982528	9.539452	10.410947	3.982606	9.791135	10.163110	10.509862	9.368935	11.236033	7.650920	5.196244	10.518901	10.006039	5.217564	11.184384	9.271858	10.746248	11.053401	11.474347	7.395565	11.443717	9.484656	8.152218	8.380401	9.327632	11.526263	11.332077	8.820077	6.649387	10.461991	10.118749	10.427766	10.820941	11.269739	7.585299	8.091715	11.178139	10.906010	10.298602	11.362215	10.573778	10.080971	9.971304	7.290503	9.150823	6.008004	8.603907	10.004176	11.402692	10.909582	10.246245	10.799310	10.042755	6.780749	10.730624	9.619609	11.368469	6.140811	9.899029	11.549862	8.121906	7.316954	9.958563	8.950471	8.904480	9.990000	11.095802	8.231151	11.304173	6.480460	9.377209	9.324462	10.898248	11.214981	10.732874	8.821042	9.468695	8.765472	9.120345	9.080774	7.664778	9.812235	11.350643	11.146822	10.370263	10.536398	9.360942	8.699674	10.821106	11.438254
7.288353	10.323221	9.875205	7.996645	10.403824	10.502818	11.360836	5.624206	0.000000	10.694791	10.659374	7.782586	6.104632	10.384853	11.010013	9.279656	7.504886	11.432752	6.731052	7.414720	6.016903	11.495076	10.892640	8.617389	11.238823	10.736120	11.376797	11.332307	7.346664	3.922781	10.503063	8.810030	9.664314	10.440430	6.529570	6.993879	11.189280	5.887335	10.926256	9.901110	8.035624	9.613127	10.208986	9.703351	8.040362	4.460381	10.488106	9.683753	10.910779	10.996788	9.886168	8.200984	10.650371	11.384514	6.983291	10.493223	10.835669	10.155512	10.421983	11.220986	10.028421	10.279329	11.422344	10.903560	9.165073	10.272156	4.509317	9.348767	10.185958	11.506645	8.616730	4.760965	6.213122	6.827184	4.662426	5.067110	9.591375	9.182490	11.465224	8.798047	8.304583	5.049926	10.175015	9.331938	8.788267	11.038822	3.372587	11.236619	11.193869	11.291959	9.577963	7.317321	8.439392	10.412991	11.543943	10.591041	10.523253	8.698129	9.456599	8.488880	9.694529	8.815587
5.462309	11.167217	9.773756	11.404740	11.495175	11.426332	6.864079	5.224036	7.958333	0.000000	9.646708	11.343026	10.159307	11.445944	5.766214	11.545693	3.312503	3.181164	11.523152	11.520492	10.432011	11.463670	5.673971	9.445116	9.622040	9.893473	10.098019	8.983062	7.951066	11.354382	9.061009	5.296513	6.734129	9.069187	8.572338	6.888636	6.804312	7.986947	11.076440	5.259974	11.479905	11.214084	8.920673	6.629064	8.417706	10.089253	9.802407	10.873214	8.852644	5.842176	10.033322	9.616195	11.377533	9.713946	11.089116	9.943503	10.871168	4.061753	11.214577	11.433086	9.915975	9.600191	8.263410	10.827821	8.907861	10.344281	9.873029	8.961796	5.663730	7.668600	10.553280	10.125989	7.436697	11.234682	10.151081	11.467165	11.541108	8.323611	11.527141	10.035595	11.283908	8.712664	9.600717	9.760893	9.213693	10.060795	6.316250	8.968011	11.302600	10.277376	11.370161	7.428464	10.585586	10.025851	8.330612	11.252805	8.882221	11.404263	8.115488	11.524654	6.685112	8.835511
11.356180	10.228361	11.530921	10.363217	11.470485	11.151645	9.273917	4.863617	10.319290	10.990311	0.000000	6.632099	9.739683	10.900736	7.730787	7.863987	7.856440	8.237978	7.741645	6.242658	9.193568	5.741466	10.371658	9.858026	8.354399	11.323054	10.786802	11.136059	11.485574	11.435989	7.664527	9.332690	11.423519	11.298342	9.325289	5.994992	11.407047	9.880673	9.765248	10.897329	11.381023	10.785930	7.147070	8.252121	9.393663	11.461515	10.203642	10.597788	10.407298	9.033549	11.357994	10.168269	9.934471	11.302663	11.046532	10.252659	8.242619	7.987313	10.838531	8.700373	7.878870	10.315457	7.397238	11.535863	8.367134	8.587729	10.468143	7.074379	9.042017	10.422735	9.379402	4.498286	9.866824	11.496257	9.443220	10.990865	10.334135	11.452981	11.197811	10.469742	3.159734	6.997624	9.850241	8.802793	7.296890	8.372597	8.086288	9.053517	7.094081	10.299463	11.150941	9.266199	7.756816	8.968311	9.210682	8.001282	7.840316	10.479513	11.470374	11.468984	4.515622	9.191491
4.868650	11.199966	9.588897	5.424700	10.943508	9.839387	9.746637	10.312076	8.711457	10.939301	10.266909	0.000000	6.427467	9.128071	6.975242	11.392337	3.491060	10.901933	10.560951	8.574112	7.713896	11.453468	8.375160	9.839174	11.364170	9.996539	7.707763	6.208057	10.881765	5.849514	10.316610	10.408395	11.528300	8.080000	10.379889	9.153164	10.320800	5.196214	11.094613	11.307556	9.930038	8.473078	8.231025	9.973104	5.000323	4.941400	9.062108	11.325196	8.231800	10.962117	6.140654	7.953292	9.334188	11.055378	9.085176	11.385393	11.071993	11.002022	7.998424	11.459252	8.413184	10.874113	10.444758	8.656480	11.496455	9.774678	11.086359	10.857315	10.759933	7.862587	10.623390	9.728972	11.270340	10.348478	11.403922	11.547824	7.459562	8.659387	5.240747	10.450400	3.174747	9.515069	9.619364	10.014728	9.760532	9.588909	9.982426	11.029104	6.358344	6.306036	10.061540	10.750351	8.841545	8.674699	9.426051	9.724712	10.830695	9.647427	10.715385	11.098015	10.284192	10.403094
4.987599	10.690414	11.238657	11.341817	5.659466	10.199257	11.245807	10.613920	8.137307	10.233458	8.118668	9.694062	0.000000	10.440812	10.941207	10.845494	4.231119	10.000337	11.483243	6.549611	10.312620	7.986483	11.302435	11.416205	11.129414	11.231491	11.219259	10.881740	9.746314	7.642190	9.861335	7.683734	10.934311	11.269529	10.191579	11.087225	10.184493	9.312871	11.284603	7.442832	6.174845	11.024872	10.559537	7.434056	11.215535	10.594705	9.645521	10.800734	9.956044	9.307792	8.302407	8.840414	9.906462	11.423449	7.415887	10.483346	8.845881	9.416695	8.751822	9.190664	10.473868	5.973385	7.389209	11.435321	10.818561	8.027971	10.706336	5.218852	10.774677	7.963336	7.999691	5.704055	7.029911	4.975450	9.947825	10.934907	11.025199	7.522685	5.782397	11.080569	9.284719	11.497278	10.811419	5.729940	3.233826	11.304504	5.825695	11.536920	7.408830	10.731724	5.748988	11.009914	10.585670	6.262278	6.131947	8.605457	10.069774	9.054997	8.057911	7.910140	11.037230	7.886467
8.416679	8.149500	11.235833	11.123753	11.102907	9.966797	9.679949	5.136900	6.484924	10.157158	6.841685	5.189985	7.706493	0.000000	11.449615	9.619771	5.835232	10.129760	10.806451	11.296883	9.341831	10.427881	8.356452	10.006007	8.600497	9.831069	3.661264	11.332225	4.499302	9.494501	9.740392	6.252039	11.277981	5.962205	10.347254	10.710271	7.850866	10.877983	10.025083	7.541948	10.395065	10.917961	10.156976	9.716037	10.810454	10.518859	9.342258	10.029696	11.520304	11.436120	5.377267	8.679199	6.158912	7.328661	10.745518	7.171734	10.161236	9.495827	10.954265	11.438914	10.224258	10.684539	10.628594	8.701994	10.192193	11.358326	7.299522	5.170033	10.029966	10.627200	11.121703	9.341837	10.717530	10.784497	11.232223	10.883079	8.602808	9.329856	6.146405	7.387545	11.463235	11.024370	8.361433	6.149346	9.368344	11.315162	11.493008	10.365417	10.986052	8.465206	10.690387	9.836409	10.163648	9.413469	10.813793	8.238043	11.328606	10.368306	9.856516	11.545585	6.575982	9.589912
10.780237	11.364235	7.677344	6.214836	9.758103	11.423555	9.245421	10.852319	11.307431	9.503128	5.913525	11.429115	9.409631	11.454336	0.000000	9.105684	9.034823	8.772985	11.239259	5.930745	11.027288	7.147079	9.936084	8.087924	10.056969	11.215549	8.538050	10.563921	10.161651	10.342393	7.935764	11.200517	8.991325	11.499795	8.592820	6.206143	6.696511	11.013453	10.784628	10.932939	8.225129	10.078394	9.540243	11.186272	9.526937	4.029800	7.399307	8.497934	10.865356	9.139679	11.537399	7.456624	11.177108	10.632320	11.342983	10.535427	8.731740	7.798151	7.561946	10.823203	7.060953	11.402446	7.799580	9.237303	10.573606	9.817186	7.491591	9.296459	7.282340	9.117731	9.248958	8.074996	3.848756	10.680534	6.597128	9.232581	9.593012	5.561291	10.335000	11.468200	8.190281	7.459790	11.097152	11.138369	10.263112	11.149681	7.857109	7.363349	10.046316	6.021703	10.870108	4.530647	7.111208	10.515751	11.548437	5.997274	8.646869	8.380469	6.163793	7.633525	10.497534	9.664256
7.616676	8.984439	9.652925	9.792115	8.763858	11.511468	9.392328	9.022097	10.098441	6.875523	10.457014	9.421877	10.786382	9.127989	10.721816	0.000000	8.517714	10.760573	8.461089	9.667312	3.230788	10.536568	5.130945	10.177689	10.937226	10.664249	9.913423	9.940982	10.710656	9.614332	10.326868	11.002680	4.439417	9.934105	8.562116	9.883297	10.459993	10.358514	10.068970	10.592468	5.194065	4.515698	10.820032	3.025891	11.301863	9.755711	10.039948	9.579030	8.494851	10.771661	6.980474	9.819313	7.397015	10.222365	8.947872	7.856644	11.377685	10.941773	11.417326	11.209864	6.714018	6.647448	7.828322	8.524955	11.337611	11.524608	10.959610	11.517810	8.030234	7.560620	8.943320	11.127056	11.513870	7.891674	5.942015	3.673686	10.660556	10.776848	6.215941	11.233543	9.200859	11.519821	4.829984	11.404398	10.525384	10.012507	7.976281	11.329034	10.270953	10.727419	11.524846	8.470891	9.924329	10.523361	11.487219	6.055174	10.822979	9.187384	11.439246	11.509669	7.952768	11.146412
9.548958	10.684182	10.708582	10.279688	8.141101	7.422507	10.642254	9.927162	7.025098	7.039558	7.914717	10.734595	10.668636	9.665843	7.144000	10.885684	0.000000	9.809153	8.055030	8.595418	9.564739	8.672162	7.960833	9.735910	5.427371	11.061611	10.271469	10.817152	9.340655	5.802416	10.028228	9.351370	9.661940	7.327723	9.616915	7.548167	8.868007	9.086602	9.515932	8.263214	10.243809	11.540910	11.085583	10.743304	10.370835	9.570581	9.993964	11.408516	10.573060	11.508688	10.951841	7.277293	3.411507	7.826744	5.346691	9.328744	11.316636	10.944325	9.665734	10.172296	11.351082	11.189953	10.912669	10.694594	11.542150	9.714057	9.884473	8.973119	8.888098	5.697583	8.097941	5.487758	10.421244	9.174185	10.304303	9.815508	9.730122	11.247557	6.250422	10.135645	7.531492	7.049844	8.663981	8.402535	10.679830	6.473472	7.289105	11.519748	4.583107	6.226235	11.457279	5.278169	8.359246	9.091860	11.043612	11.441528	11.345846	11.035379	4.758480	4.794505	8.695077	9.725931
10.824799	6.419542	10.878538	7.755716	9.424217	7.780223	11.459613	8.812698	10.233821	11.493758	5.403671	8.912148	8.807393	9.234528	5.119150	10.346789	8.810900	0.000000	8.599039	9.204852	10.986398	10.270258	4.468859	10.693925	9.718743	8.506336	10.581425	11.062449	11.436195	8.679317	10.939039	10.475091	11.246806	5.160978	10.917784	10.041506	9.549772	10.263695	11.534121	9.319137	8.976285	7.069321	10.110653	11.464988	9.088351	10.023188	10.962423	9.749249	8.636278	5.798928	9.993674	8.548473	11.327703	10.543585	10.936957	8.901058	9.132913	10.408159	10.250586	7.945136	5.803699	10.966612	10.675290	8.844433	9.937015	11.051209	10.761073	11.189131	10.939596	10.828795	10.260947	10.300811	10.006149	9.887966	10.646290	7.675722	9.315985	11.190697	10.734901	9.849744	11.214874	9.507102	5.925255	6.647167	9.432624	10.554834	5.943068	9.765928	9.717632	10.937731	11.281208	4.783492	10.255019	8.415485	10.819647	8.951595	5.572901	6.174416	11.503842	9.229699	11.468623	9.536140
11.539430	11.545007	6.416095	9.330618	10.731419	8.636390	9.779675	3.716014	11.367500	5.308716	9.914063	10.608685	8.864552	8.154393	8.499052	9.667647	8.049631	10.854789	0.000000	6.320199	9.878493	8.573125	11.442781	10.298475	10.994615	9.992787	9.301399	4.832087	11.277088	10.672430	6.151600	7.040768	9.495298	9.849651	3.566116	10.757045	10.799923	6.282606	11.459908	10.378067	9.477270	9.132457	11.530060	11.520037	8.775640	9.627168	9.728115	9.393837	11.114088	11.442112	11.344208	9.142439	9.662444	11.469731	6.414825	8.586223	6.915137	8.596531	10.970953	11.063023	3.056236	6.041826	11.246555	7.335033	6.091145	9.427513	9.234173	10.941504	5.654780	11.468534	4.954826	7.613249	7.664371	9.860014	10.483367	7.710580	7.584294	10.802539	11.073662	7.434539	9.546342	6.849308	6.075184	10.488054	11.278205	9.716293	6.469785	8.466384	7.548501	11.462903	11.358280	8.344680	10.305718	6.280739	8.396703	9.720740	6.553221	10.485646	10.987542	9.892832	11.009764	11.432186
6.309503	7.866040	6.225506	11.017889	7.284470	11.179915	11.532495	8.066378	7.175976	11.453170	7.793267	10.607479	9.004673	8.955773	10.188376	11.354254	10.056320	9.405105	11.079113	0.000000	8.289532	10.168298	6.583103	11.528347	6.757866	11.082316	3.775704	7.313660	11.331641	8.085051	9.646539	6.942948	11.349484	11.159364	7.593750	6.253030	7.940014	10.388148	11.523656	9.394862	10.097601	10.670946	10.525097	11.118264	9.501963	11.143080	9.534529	9.968021	6.998423	11.016399	6.664226	10.791902	9.949629	8.847328	9.230490	11.431738	7.919840	7.648811	6.065154	11.256157	7.370054	10.630738	9.471537	7.081768	4.869143	7.305590	11.284852	10.665133	4.109320	7.136782	10.346423	4.333493	10.243282	10.378085	7.129724	10.958047	10.358261	2.907772	9.323150	9.602190	11.010023	11.248055	8.627329	10.907754	11.135039	11.341507	7.552758	9.173804	11.225276	11.216208	5.468149	10.945342	11.295724	4.768950	3.368708	10.797358	7.530248	9.579378	9.489481	6.426105	10.875125	10.413699
11.203764	10.757926	11.048374	9.606814	6.652656	9.747511	10.026138	8.059185	8.601217	10.459704	9.227009	9.668582	10.266348	10.960632	5.528738	7.218501	11.088192	11.399484	7.774898	11.215471	0.000000	9.507862	6.092229	10.366771	11.521180	10.404174	10.433905	10.602634	7.443845	10.779437	11.229028	9.011699	5.527338	10.153053	11.440653	8.355654	11.279962	9.099534	7.054525	11.194890	10.235859	6.867450	6.667552	10.242129	9.446821	9.749270	10.525584	10.686469	7.629665	8.659333	6.602549	11.546302	10.294282	6.955333	7.172714	11.083754	9.345595	9.921887	10.403943	10.457418	6.668405	11.440074	11.327326	9.555133	10.650908	11.528720	4.013203	11.327415	6.524249	8.256547	11.229385	9.185399	8.383036	10.743898	8.356653	7.985565	10.982150	9.802566	10.583778	10.003614	10.396825	7.200341	11.165080	11.481374	9.936259	4.961577	9.732826	8.521775	9.522015	11.217320	10.850172	7.717929	9.120462	6.856121	9.274890	7.913899	7.194393	8.571033	11.253563	10.506454	11.520821	10.072269
9.678821	10.843102	10.820412	6.421978	4.808412	11.476018	5.295052	10.386945	11.290465	9.945643	11.313287	11.419324	5.649045	10.109044	10.887472	10.444141	11.517023	11.294934	9.308585	11.118511	8.813880	0.000000	5.593656	10.743885	9.247659	10.517553	8.232113	8.633598	6.767560	9.890601	11.127195	4.950254	9.425479	11.268457	7.793478	5.152628	10.942926	11.390719	8.222130	11.194993	4.064519	10.622243	11.491751	4.926669	10.578551	8.646830	6.297085	9.121597	11.081656	10.678446	9.600255	11.026233	6.294943	10.851327	8.409014	11.493301	10.304481	9.726088	10.824199	11.440898	9.988562	9.297331	10.331173	6.602298	11.308629	6.965357	11.325335	8.958472	9.887220	10.163114	9.625714	11.516521	11.337045	4.588640	10.803267	11.333350	8.314492	11.039370	9.665537	11.087450	11.115810	11.214280	4.180468	9.052250	6.091937	8.232075	9.166907	9.787375	5.118539	7.608991	7.373063	5.337438	8.765864	7.949304	7.299772	8.901972	9.385967	11.087739	11.097521	4.289717	11.454943	11.170056
10.197543	8.635383	8.087623	5.502542	4.873838	9.084625	10.001819	8.345497	9.215140	11.281444	9.862049	11.364637	7.986048	10.264897	8.810338	8.973820	11.222996	9.437746	5.966710	10.545714	8.753419	5.341173	0.000000	10.125017	9.004965	9.891241	10.274811	10.770820	7.699203	3.818466	6.696104	11.445907	11.068333	10.858717	10.878948	11.531918	5.400808	10.505698	8.291122	9.063571	10.936437	2.890275	9.141271	9.807579	9.383460	10.756309	8.205582	10.916051	10.765692	6.511125	7.377024	9.045160	11.546492	5.513789	11.027298	6.464405	7.402305	9.009808	11.477264	10.860763	11.377298	10.840344	11.073442	8.911699	3.311895	10.156231	11.523473	8.771354	5.341857	11.393968	7.372682	8.505573	9.199625	10.939989	11.265882	8.728011	9.947458	7.430470	10.794538	7.830142	7.624252	11.493951	9.692647	6.340970	8.752506	7.974894	8.860208	8.347495	10.854761	6.535776	5.794349	8.678443	11.461683	10.625748	11.470323	7.385147	9.934970	11.266944	11.184848	10.887529	8.281547	7.984784
9.628910	10.250536	10.232355	9.262159	11.233178	10.987194	8.034062	9.748919	9.367863	7.514330	7.605409	10.734286	5.934291	8.262478	11.252963	11.142729	11.462339	10.956711	11.499204	9.918567	11.226444	8.671364	10.854077	0.000000	7.088175	11.397021	10.993663	11.248348	7.680524	11.355697	9.851027	11.266731	11.020469	8.963016	8.903778	11.491046	11.105623	11.484905	7.842119	7.506715	9.453200	5.206380	10.344199	6.629775	4.611917	10.936054	9.768718	10.177685	9.949363	11.375793	11.317918	9.510152	10.627543	9.746029	11.420338	11.519987	10.425325	6.565530	11.301361	6.386422	8.563176	10.103619	10.312644	9.996188	9.720697	3.949126	11.329719	10.392828	9.984802	10.521352	7.927558	9.511130	9.062459	7.868131	11.043479	6.765922	11.071005	9.837827	8.502964	9.500390	10.485867	10.195877	7.937853	7.262585	10.654231	8.945032	10.685397	11.297374	4.138361	11.126782	11.480585	7.965164	10.699021	4.377875	10.781281	11.456073	9.800709	10.306714	9.420109	11.472805	10.701267	10.829903
5.640258	10.700405	8.481317	10.046150	11.470521	9.180484	9.414531	7.864770	5.216209	9.049527	11.105810	8.852111	8.960951	9.147208	9.242596	11.350264	10.172927	9.401534	4.358070	9.305519	11.070854	10.958107	6.735359	10.167360	0.000000	11.012262	9.968766	11.119901	10.789368	3.394964	9.925368	11.463066	11.208167	9.135478	10.726987	10.136567	11.321926	9.377805	8.830591	8.956118	8.936635	9.919210	5.751799	9.551718	8.661024	9.715809	11.487140	7.268376	8.257767	11.506330	11.405805	10.518805	9.587434	10.568815	11.077698	11.487098	7.834442	9.773398	10.461276	10.131982	5.652085	11.112974	11.395002	11.281839	11.197850	11.520520	9.408984	9.566231	8.822956	9.437778	9.044358	10.387081	11.538451	9.699727	7.271805	10.656000	10.233072	7.921810	11.518767	9.167315	11.266226	9.760525	10.629428	11.093602	8.620184	11.387521	8.979466	10.974627	10.901065	8.351619	4.075807	5.509614	8.485889	7.786046	8.653329	11.540155	9.580071	8.384874	10.509034	11.483615	10.102712	8.891909
9.788013	10.719345	6.950705	4.822059	11.268761	6.598762	10.641901	10.834900	7.616646	8.663681	6.818961	7.200785	5.552964	10.881917	11.190426	9.951548	7.522514	9.204568	9.588457	10.414271	8.088217	4.319641	11.496698	11.377077	11.549615	0.000000	10.643878	10.749336	8.735230	8.582755	11.284813	5.369473	5.389840	10.960349	8.861786	8.192120	7.963601	10.456851	10.448057	10.318905	10.430917	10.531159	8.155500	8.239036	11.114205	10.574676	6.813104	7.775767	4.878100	5.906648	4.862567	6.801148	7.728375	8.202671	9.789395	9.566077	11.191753	11.345687	7.553638	5.745671	8.129611	10.718847	10.442327	9.074783	11.366099	7.216128	8.906903	10.076367	11.122784	4.726302	10.502953	8.602686	11.454232	5.259095	8.579467	11.384564	11.375301	9.923245	7.821957	5.747557	10.890746	10.188198	8.094483	11.240900	9.601883	10.461922	9.918411	7.666119	11.069966	11.494548	11.261733	11.254721	10.504809	6.454304	7.970546	7.249309	7.193677	10.612367	10.836445	9.850194	5.217467	7.289268
10.656755	10.581183	7.962990	10.635368	10.849176	11.505919	8.813336	10.800122	10.040830	11.078958	10.785304	10.156006	10.875010	10.744574	9.440205	8.978949	10.446357	7.605233	11.115187	10.376446	9.090232	9.209787	10.186284	6.639787	6.607746	5.835892	0.000000	7.719297	11.531824	7.982893	9.827649	8.990892	9.900181	9.621166	7.296568	11.111344	7.894699	10.704196	5.707956	6.749674	11.478468	9.597070	5.884178	11.224910	11.392843	7.527131	7.368497	10.979001	11.015194	11.171837	7.808351	10.123809	11.527752	11.170157	9.400211	11.158660	10.225807	11.314315	11.280062	9.016478	9.510972	10.908689	10.162519	11.502402	4.629648	8.522438	10.820214	9.194043	8.596785	9.134205	9.290033	7.411097	10.579283	10.825259	7.471117	4.023242	9.378698	10.668913	9.758350	8.899851	10.509617	9.953208	4.705425	10.701909	11.449676	10.134023	9.801070	10.143194	10.207643	10.281823	11.438836	6.520100	10.310801	11.431944	10.201112	10.403784	8.930397	7.893436	10.756119	8.342039	11.351803	11.399484
11.484850	10.369410	10.642509	7.747535	11.440620	7.892926	8.629249	10.995725	10.687078	10.636287	10.554056	6.865614	9.656693	7.111212	4.183174	4.305593	7.471212	9.311393	11.418454	11.192845	10.908950	10.763536	5.684744	10.744070	11.506029	10.973713	9.114601	0.000000	9.312439	5.526449	11.089848	7.238352	10.990848	7.645909	10.375653	9.337974	10.257838	7.598472	4.022541	11.248198	10.340375	7.970670	10.529199	11.100632	5.457743	11.149557	8.766268	10.329648	11.465145	8.072337	7.132988	9.091814	10.170287	9.997711	9.730931	9.922736	11.511782	4.602261	10.064171	10.010474	9.508649	7.415145	10.135537	10.681738	9.056526	6.919203	4.713210	10.663465	11.170817	8.127758	11.357885	10.641132	7.616019	8.637338	11.407075	10.164041	11.266791	7.473547	5.794445	10.527366	11.238378	10.216921	7.189795	10.849550	9.297264	10.296640	8.526871	11.325197	4.131613	11.519929	7.360057	11.001211	11.539699	3.876603	4.794770	9.029637	9.267535	8.495621	11.290629	7.888882	9.575546	10.441262
11.359878	10.117927	8.748410	8.625310	10.022647	11.309471	10.693302	11.503255	10.503679	6.881536	11.261447	6.244517	8.789593	11.492881	10.125174	10.163075	10.674464	7.253795	11.477784	11.475717	5.486989	9.129682	11.437491	11.177809	8.149892	8.198958	9.432897	8.560643	0.000000	8.975375	8.857050	11.002713	11.440703	8.776042	11.308321	11.002675	5.934088	5.888373	10.366426	11.014537	9.615093	4.409977	10.092591	10.497733	9.826967	10.993789	3.362135	10.340023	4.956685	8.014539	11.219627	10.503958	9.605020	9.574274	9.578677	11.223565	6.964511	10.111096	10.836484	11.420186	5.237796	11.390638	7.810078	10.652876	10.310901	10.683640	9.536230	11.544049	5.676302	10.110400	10.993694	8.945138	10.386521	11.088449	5.652203	7.806697	10.362160	11.254195	11.153224	7.101865	5.568460	6.841977	5.167773	11.072905	8.243795	7.570866	4.644091	11.251733	11.437667	8.843936	9.837933	4.804970	5.168794	10.962511	11.062336	11.184976	9.214909	11.304726	8.561721	9.581114	5.716544	10.267695
8.847224	11.356506	10.292701	11.168644	6.673434	5.264917	5.309704	11.539359	9.944887	7.306387	3.671698	11.476537	11.263362	9.964444	9.876601	10.679828	10.203513	7.856918	10.732975	8.550917	10.187822	11.113806	10.909256	8.632107	11.222059	4.515139	8.230749	6.381018	4.862888	0.000000	7.220944	11.382430	7.454189	8.941326	8.377286	4.846673	8.913670	9.630461	11.266134	10.310574	9.417422	10.308792	10.538771	11.307439	10.855170	8.652063	7.196730	9.203388	7.634392	10.253997	9.330932	11.019393	4.538251	10.273791	11.328914	10.428786	6.741132	9.421030	9.034532	7.993689	11.070028	9.380719	11.278531	8.766185	5.463693	9.870290	7.588081	6.933077	11.061692	4.467403	7.472084	11.079947	11.549860	8.779735	11.443913	8.114075	8.853567	7.137872	7.792278	11.415232	11.288290	9.779105	6.573880	11.456220	8.514873	11.474457	11.130692	6.674539	9.776478	6.301243	11.257020	5.504619	10.781151	8.293252	9.508031	9.150075	11.377908	9.496632	7.811828	10.997770	8.645807	6.187278
2.678893	10.495454	11.063634	11.103488	9.602500	11.134739	11.022741	6.826588	8.010076	9.361266	8.029158	7.037109	7.691367	7.453534	8.299585	10.914908	7.655085	7.398168	7.862680	7.352590	7.089766	4.793173	10.428170	3.849721	11.378391	10.088908	7.437525	7.591275	10.745091	9.799386	0.000000	10.375354	7.776215	10.613338	7.298505	5.140459	9.600474	11.398846	9.725314	10.383100	10.189019	9.030999	9.468985	11.480096	9.672493	9.699869	11.015474	11.475437	9.219700	8.995061	5.576820	10.487072	6.911754	10.251498	5.131367	10.476301	7.209151	11.305953	5.918672	10.806398	6.403915	11.313402	11.176207	10.544086	11.150193	10.598404	11.545589	9.974128	11.048158	7.060780	3.836833	11.539401	9.979858	6.825620	10.477592	11.502123	9.960646	10.338188	10.278727	10.692895	10.839965	11.035777	6.255441	9.549017	7.328748	6.473256	11.431374	10.630774	3.365326	11.178332	9.932454	6.933060	11.518406	2.977612	9.805945	8.687062	8.161546	10.195472	10.458413	11.338015	11.478358	10.046987
11.330830	11.118285	9.928290	11.228286	9.751550	7.011190	11.294184	11.311737	11.395320	11.529309	11.366759	8.072955	11.547374	9.587486	10.697544	4.807490	10.236803	9.089362	10.265829	11.284091	11.176316	6.696485	11.404915	9.719271	4.927556	9.020219	9.182499	9.085090	4.723012	11.527050	8.420572	0.000000	7.373065	11.475383	9.208459	6.925191	7.666252	9.933499	10.949351	10.509557	9.866743	5.375049	3.564324	9.983478	10.407138	8.311448	5.102215	6.288971	11.490099	9.846962	4.898096	10.974939	11.424505	6.411141	2.713965	11.439747	10.222189	7.676139	7.696286	10.036325	11.127885	11.235612	3.586759	9.583522	5.848373	8.741822	10.838929	9.452122	4.788729	8.720232	8.896903	5.784872	11.369922	10.819963	9.500272	10.585307	11.332775	11.519611	9.455247	6.437114	7.871260	9.928075	10.171474	7.064560	11.211209	9.694666	9.098166	11.201730	9.741601	8.634883	11.406326	5.364822	10.622719	11.301961	11.394360	10.487876	10.462726	9.381508	6.954084	8.575284	11.027734	8.454139
9.357920	9.794680	5.961257	11.458665	9.115392	11.066186	11.365451	8.450090	10.082087	3.111966	6.391154	9.765182	6.384512	10.416735	9.504455	8.578388	11.224864	10.605378	8.707939	8.291893	10.923578	9.028930	11.222630	10.272416	6.833545	8.920975	6.667019	9.616459	7.219470	11.093576	8.288636	9.597047	0.000000	11.394846	3.856796	9.539661	5.706288	11.442505	10.967692	9.412492	8.913674	5.930016	9.322139	9.582832	4.602278	10.504482	7.584678	10.246407	11.165124	9.940571	11.470229	10.432839	11.329888	10.501419	11.318363	11.510720	4.544702	8.954857	6.365081	11.478595	10.856257	8.377716	9.788576	11.445882	11.210918	9.171447	10.079585	6.375355	11.146425	10.200249	6.889541	10.137692	8.646162	8.509298	8.934523	10.611116	8.720433	11.537178	7.965420	8.728397	9.993763	11.316278	5.819485	11.196951	10.892966	7.892801	10.301741	10.634632	10.827705	9.850387	9.774402	10.417726	11.549019	8.378660	11.366729	5.349779	7.993128	10.767304	5.351754	9.751909	11.510198	11.547085
9.437147	10.892706	11.128706	10.652575	6.398697	7.881265	11.291323	9.683243	10.363990	9.201815	11.271225	5.631255	10.369795	11.302523	4.532330	10.636987	5.403148	9.331127	7.449566	11.011955	10.084755	8.027411	6.574016	8.966112	9.925329	7.758937	6.812075	11.363020	9.178309	5.648174	9.663726	11.342821	11.505443	0.000000	9.444527	11.493830	3.793126	10.755851	11.206682	8.520947	7.852818	7.810998	8.568222	9.383819	10.885702	10.018112	9.524485	10.752663	8.508028	10.965733	10.558705	5.986363	11.511108	10.596144	11.422311	4.133709	11.379667	9.262309	8.000086	8.919549	10.964793	11.017761	11.113214	11.036562	3.888047	8.997734	4.989502	10.073603	10.223034	10.323208	10.449918	11.265302	8.466157	10.991309	8.487280	11.525919	9.796846	9.136405	4.396772	10.886287	10.840762	11.318761	9.555782	9.372906	8.982713	8.607173	10.783388	10.110151	9.731179	6.694215	10.718641	10.734462	10.215130	3.581502	11.417095	11.093841	10.264193	11.298046	5.950593	11.092969	11.457417	11.422007
9.980919	10.230475	11.547395	9.611343	10.218933	7.525664	9.148885	11.340213	10.648889	7.160583	10.155003	9.168980	7.732485	8.691067	10.416869	9.905385	11.087451	10.871379	8.436482	7.721048	9.829530	11.215194	11.428242	3.658749	5.293845	11.014438	8.519916	10.528853	11.241006	7.010200	10.251533	5.686003	10.754617	11.335425	0.000000	11.314603	6.721666	7.347226	8.893030	11.319801	9.200796	10.129767	11.124226	5.394726	10.910452	6.819426	9.912146	6.983204	4.899636	11.509138	9.954770	10.317213	8.179235	6.632599	10.944074	11.399911	11.422409	9.620397	11.549778	9.671647	5.442979	11.114783	5.660879	6.491178	11.119697	9.353238	10.526772	9.374600	9.706163	7.613889	10.046158	11.254378	5.315187	10.485778	9.937207	7.167108	3.681098	5.176000	10.261145	9.148383	4.980298	10.412607	5.843215	8.957772	8.791023	6.731818	9.293812	9.672738	10.773521	11.126481	10.933888	7.591211	6.294915	11.419293	5.852106	9.837175	11.384010	8.525330	8.956278	10.223498	4.411792	8.229034
8.002641	7.106434	11.409358	9.344210	11.535164	9.781625	9.702316	10.872014	11.482731	11.029350	7.158542	11.467192	10.363862	10.051490	9.653152	5.453783	8.702405	10.461962	9.021546	7.854427	8.933965	11.428190	8.771760	10.696604	11.548200	6.356975	11.220443	9.129522	6.506030	11.436835	10.972844	8.087341	11.248356	10.576661	11.299888	0.000000	11.234303	9.922915	9.778631	9.089867	10.983806	11.425789	9.883634	11.040799	5.384642	11.198966	11.334181	10.188629	9.712622	8.643176	11.054281	8.122192	10.436946	11.027330	9.909838	6.758941	10.493349	11.169754	11.412609	10.835311	11.164233	10.220235	8.012975	9.006319	4.817050	10.056097	7.597200	10.587072	6.628228	7.559915	11.239869	7.987516	10.466414	11.321558	6.825892	9.268979	10.212442	10.818347	8.472733	6.654526	3.638593	6.757956	5.073219	11.348214	6.745374	9.736670	7.320825	8.742041	10.851182	10.994644	8.411633	10.388556	9.676937	8.262412	6.878430	6.185647	8.753882	5.583538	10.863334	9.318414	10.918068	10.949235
3.300910	10.314367	9.876206	10.874807	9.837034	11.093006	5.577557	9.347696	5.281560	10.424452	11.198481	8.171254	9.717999	11.052654	9.464508	11.527466	8.847434	5.021867	10.266173	10.204492	8.079212	9.637067	9.651400	4.776192	11.536977	9.614326	9.750519	9.830383	10.434091	6.917904	5.933718	10.142545	8.729017	10.013312	8.945399	6.641819	0.000000	6.183918	8.616178	5.517548	11.173925	11.512586	7.204034	4.528252	5.909013	10.539612	10.332842	8.133960	10.523319	9.099307	11.043100	7.667436	4.570599	8.495390	11.380388	3.840265	4.653534	11.542027	11.257578	10.464944	9.240634	2.854560	9.684721	11.349045	10.665792	8.873022	2.913183	10.476968	5.744582	11.491266	11.094576	9.869711	11.496646	8.591152	9.385832	11.323977	6.055058	6.759039	10.388789	6.791894	8.903168	11.223439	8.144858	11.017372	9.512845	10.831736	10.169168	11.545654	8.808684	10.510778	4.705266	8.941107	7.039669	10.734051	8.724872	11.242478	11.132814	8.457145	10.311697	11.181097	10.576169	6.433108
11.397440	11.071386	11.221404	9.910838	10.322582	8.930777	7.967541	6.746008	7.930952	9.260141	10.611332	10.164556	10.670024	6.839415	6.228892	6.676399	10.990197	8.786654	10.014201	10.834428	6.894009	11.279412	5.373437	7.034529	11.319335	7.593204	9.896646	11.373212	5.229514	10.915217	10.196479	2.797069	10.492636	7.206797	7.809301	10.823038	11.433578	0.000000	7.642265	11.360462	8.207295	10.384979	11.475668	3.065969	11.070161	6.712887	8.336213	5.848411	3.699819	9.727698	11.227051	11.207403	11.170438	10.537116	7.743788	11.016535	8.235828	11.206712	11.501741	8.165332	9.202728	7.586545	11.408902	3.851261	11.114397	6.668645	11.222837	8.159259	9.598247	10.835843	11.494002	9.835379	11.539449	11.265181	9.616563	10.726396	11.137774	11.347663	10.490867	10.922209	9.578609	7.003631	11.349031	8.825632	10.949779	10.212693	11.097465	10.969748	10.521596	10.868246	6.738351	10.401457	4.952577	8.861091	10.416759	6.297339	7.305963	11.406777	10.319248	4.475589	11.124838	9.914650
11.006073	9.610136	5.837048	8.308731	11.545661	7.681247	7.781323	9.568477	6.764268	10.932679	11.086656	10.610656	6.659739	11.538946	10.680869	9.373473	7.394523	5.614569	9.867117	10.399886	11.243001	10.003278	6.471980	9.092798	9.582799	8.665225	10.713818	10.523622	10.269834	11.460168	11.419430	11.050828	11.522807	6.632663	4.026819	11.253035	5.285020	11.456923	0.000000	7.020109	10.728262	8.658453	4.963409	10.976207	11.010034	10.951961	10.301146	10.375962	10.928494	6.399345	11.433214	9.314685	9.067664	6.145262	10.477478	11.024485	10.238404	11.443827	9.847702	10.469695	7.113806	11.007570	9.025631	4.970591	8.414226	11.408987	8.218532	4.299149	10.727412	10.341252	9.940371	11.272214	8.561474	9.682468	7.143914	10.544854	10.883623	10.376876	8.059885	5.779228	9.290243	10.770668	5.265187	10.970285	8.760445	11.486552	11.400110	5.589533	7.671422	10.832520	7.096234	11.455414	5.815037	7.692341	10.656149	10.759809	8.345346	10.709032	11.519720	10.415159	6.550967	7.810886
8.278660	11.276842	9.076868	6.788347	7.034440	10.922339	5.321924	11.168929	11.373742	8.452791	10.450506	7.158189	9.974529	11.538181	11.224670	9.671222	4.974339	11.192594	11.355228	6.087791	10.597503	10.411894	8.926935	8.268953	5.299203	8.987877	6.026319	11.295203	11.480565	10.930267	10.998540	4.178095	10.849611	6.444761	11.358064	8.133521	10.275265	8.909270	4.365978	0.000000	5.354049	8.456694	10.507252	10.216386	9.592097	8.192979	11.326386	9.278388	10.646382	11.396948	10.303763	7.002267	8.587816	10.742843	10.676917	9.324177	8.587974	3.998932	10.613554	8.385561	11.281257	11.547865	11.272207	10.188917	9.421221	4.838037	5.995156	7.028295	7.351299	8.214579	10.988689	11.339204	9.308662	10.217136	10.107175	9.580797	10.676178	10.241299	10.361696	10.563886	8.554706	10.610640	8.491753	9.498345	11.408415	8.974934	8.667129	10.775235	10.503465	10.721081	6.625074	10.052204	7.950489	5.428286	9.526187	10.490009	8.232333	2.862421	11.416065	11.320835	10.418792	6.606952
6.106213	10.344482	10.289838	5.194771	6.714974	10.949751	6.203553	5.608523	10.326525	8.205099	6.359958	11.498939	10.660779	10.636351	10.759511	9.364665	10.770380	10.194079	9.618168	11.198614	10.991228	10.796629	11.209666	7.723810	11.183849	3.533113	11.214670	10.715160	11.540880	9.775557	11.318160	11.098015	9.087981	9.785098	5.648000	11.257148	6.894219	9.666523	8.024936	4.249741	0.000000	8.524472	10.743647	10.035825	10.131900	7.670885	10.566803	9.240363	10.813539	10.608707	2.963137	6.155829	9.565764	9.717641	3.522423	10.443301	7.779651	7.809357	11.439305	10.443464	4.441113	10.848009	7.201824	11.535283	11.521037	8.843880	11.006338	11.192862	11.150116	10.360557	10.519320	5.734634	7.903140	11.177749	11.059518	8.146427	7.832248	7.968688	11.151162	11.147661	4.387530	8.371587	6.915272	9.706326	4.298209	4.881820	11.255510	10.922457	9.549914	11.229832	8.841250	9.956181	6.684723	5.474264	10.880590	8.358438	8.387411	5.686908	10.135113	10.154271	10.836301	10.922635
9.847926	11.485677	9.542249	9.247973	10.026197	5.992069	7.169977	5.341557	8.693647	6.796908	10.193743	10.346015	10.879024	10.092495	11.440501	7.761018	11.287034	6.868145	7.409796	10.412935	7.223963	8.980692	9.895854	7.803072	10.860776	11.411000	10.558333	7.812791	4.839872	10.565378	9.874493	9.384783	11.306072	11.495327	9.192527	11.343886	8.642873	11.287970	9.767199	4.479689	9.687102	0.000000	4.216926	10.851472	10.940711	11.213812	11.254465	8.594668	10.723707	9.600634	9.329522	8.938174	5.333493	11.105227	9.272699	8.558781	11.317454	10.472013	6.359660	10.734184	5.604171	10.642389	10.285089	6.731252	11.258681	11.308880	10.493704	10.533175	10.955846	10.368530	7.887480	8.024711	11.371076	11.542240	8.345299	9.921601	10.947586	11.066231	8.059080	10.237223	11.330995	10.244127	9.900213	8.289227	10.185208	10.129725	10.153411	10.757372	6.985266	7.997414	9.420352	9.203182	9.181999	10.982626	10.055158	10.802688	10.440317	9.484677	9.558807	9.436984	7.610443	10.591654
9.207717	4.007938	10.596778	6.956265	10.694732	10.780475	9.175297	11.536442	10.267487	11.255780	9.986764	6.352615	7.445028	7.684352	9.441180	6.359795	4.263227	10.051021	9.914355	5.913702	11.321491	10.720864	6.856118	11.297209	11.185966	11.534001	8.790784	10.099974	10.303246	8.979567	6.453886	11.530087	7.891106	8.384578	11.057090	11.374321	10.929111	8.333995	7.392884	3.358075	7.076068	10.490676	0.000000	7.828964	9.278167	5.513048	3.745575	6.255054	11.514313	5.169424	10.838044	10.507726	7.702224	11.304920	6.549160	7.818472	8.560430	10.973423	10.702912	10.346878	6.326450	9.243253	6.401031	4.979304	8.538633	6.527636	11.389937	8.469801	8.777666	9.985224	8.998978	7.648146	9.202029	10.482378	10.857935	5.878042	9.253235	7.437016	4.518396	9.709309	11.536272	6.181376	11.467408	4.566243	10.557693	10.332625	8.854725	11.529565	5.518653	10.914986	6.240405	7.451788	4.770141	8.306400	7.856558	11.416448	7.866085	6.934904	10.844016	11.518463	10.008160	10.014737
10.593611	9.958544	4.148236	10.277842	10.551290	10.873630	10.547056	8.784540	11.057238	8.056933	8.781345	8.720432	9.553305	11.456603	3.600934	7.471512	9.817537	9.294117	8.470648	3.600111	9.822010	7.309925	10.657118	7.442317	6.258588	10.421953	10.743274	9.086124	10.222803	11.098188	9.517169	10.135771	8.595121	11.325620	7.214668	6.023309	10.795430	3.347844	11.405798	9.184443	9.740042	7.054659	4.266891	0.000000	9.130461	10.049552	6.963750	10.051417	9.751873	2.586840	11.527478	10.923208	7.755123	8.149738	7.246471	4.541537	8.472996	9.092953	3.668989	11.391786	7.241250	11.160031	7.169523	8.860143	11.175276	10.741680	8.656711	10.218067	11.444431	11.338199	6.999679	11.412324	10.444850	10.846597	10.436686	11.181055	10.880177	8.888036	11.011387	11.251772	10.797580	5.725603	10.038271	11.186403	10.186807	7.958986	11.206358	8.956153	11.026813	10.795738	9.688752	3.850086	11.421971	10.178024	11.460980	10.783043	3.594723	8.195064	10.607881	5.860622	11.122556	8.630824
7.785642	10.929850	10.868918	7.037391	9.647194	11.348663	9.847297	10.430409	10.827547	8.392529	9.813524	4.560014	11.471886	8.065056	9.297349	10.519272	8.336252	11.280921	11.274188	7.916517	10.248219	11.492917	5.129504	4.861927	10.295804	9.025399	10.800031	11.127964	10.998515	10.705486	8.285282	11.465038	10.413689	11.277534	11.433342	7.182032	8.671144	10.434843	9.897105	11.478263	8.352900	10.933640	11.322908	7.040434	0.000000	9.704190	10.694652	6.856261	9.315316	11.213094	6.782311	7.866148	6.423592	11.341620	4.510247	8.109747	10.694805	10.521877	11.443856	11.520073	8.975305	11.421949	4.352326	10.467355	11.528117	11.139366	10.487271	10.751284	9.139936	10.705718	11.412666	6.772176	9.997698	10.489444	10.743722	10.650415	9.998131	9.075288	9.758682	10.250965	10.092199	5.709205	11.496581	8.471197	9.244795	11.290597	11.249018	7.019633	11.449024	10.789457	11.208843	10.573617	8.765018	7.073306	10.859600	11.331450	6.974801	10.322889	6.565145	10.078272	11.048225	7.815538
8.261730	8.275084	7.910732	7.406448	11.160658	10.379072	11.538143	9.711292	10.297093	11.034372	11.472309	10.336291	8.114680	11.441544	8.305805	5.905820	10.118185	10.342509	11.120759	7.498013	9.645283	6.341836	10.089522	10.736035	11.507433	10.366202	11.358909	6.221204	10.414894	11.324388	11.072061	8.785774	10.611572	7.344129	10.747420	7.544719	11.514124	7.233750	11.362445	10.669326	10.118690	6.919595	9.376375	10.179537	10.401386	0.000000	10.798192	4.517358	11.429017	10.142849	8.114400	9.717437	5.086995	11.098081	10.084218	8.776853	11.470115	11.220902	10.633164	11.102167	6.621231	4.799586	11.501027	6.255509	10.503997	11.537094	10.509878	11.437922	10.617216	8.646542	10.833438	9.448286	10.027948	11.409261	7.561970	9.358359	7.595819	9.635204	8.405858	5.230134	9.245758	10.859436	4.956565	9.923206	11.393410	11.229140	11.314483	10.195739	10.521890	10.027213	5.065641	10.342491	7.138238	11.286844	5.917864	7.261490	8.697072	8.338348	10.735846	5.545223	8.528538	11.212220
11.487482	4.279676	11.094123	9.761129	7.583621	8.475486	10.634339	8.993248	11.205209	7.896810	11.520310	10.773646	10.907046	6.517619	9.813451	10.549744	8.050330	11.414079	10.490236	11.409500	7.975955	11.372262	10.104729	7.673228	11.524940	7.946101	8.984480	10.248503	6.929478	9.694099	10.319154	11.397611	11.036366	4.045375	10.399117	10.008028	7.815211	10.754050	10.754958	9.495314	11.000953	11.403062	11.375215	10.116985	9.873427	11.242418	0.000000	11.353567	7.474460	10.951789	2.958748	9.337767	9.573909	6.231861	10.924693	11.282955	11.529473	10.502447	11.043529	9.325475	9.029796	8.370450	10.589865	9.885629	11.417468	3.324739	10.499804	10.722961	10.456785	9.413742	6.587109	11.054074	4.801127	3.662092	11.462717	5.471352	4.706388	9.359342	11.200405	9.734223	10.105812	9.755154	11.270986	5.752402	7.540183	9.181389	10.619152	11.451322	6.715452	9.872625	10.285541	5.898544	11.130859	10.916983	5.463653	9.606967	10.187744	8.832507	9.425621	10.520142	10.575243	11.423063
7.449418	9.981669	6.783318	11.293588	10.578077	10.046814	6.528458	9.984881	10.680565	8.723071	10.868773	8.088811	7.697989	5.537622	6.743576	10.066189	11.294644	9.683018	10.572255	11.468530	10.812651	5.753954	8.972626	11.389483	7.417684	9.204968	9.307150	5.249067	9.896112	7.115607	11.056322	4.546639	6.631444	11.148468	4.581067	10.702152	9.612734	10.699516	10.546735	9.176007	7.767809	5.527862	10.326221	7.112172	11.491210	11.501511	5.808550	0.000000	7.999534	7.572608	10.628462	8.306597	7.949939	8.333676	9.829929	11.217924	9.435093	10.895174	11.356710	5.515252	11.498443	6.661366	11.255251	3.033520	10.727933	9.738276	6.725492	8.100434	7.449796	11.164758	6.428428	11.068560	9.718242	8.848534	10.295527	11.253232	6.696140	6.670874	6.229242	6.741278	10.069284	11.535858	9.144424	4.925093	8.266094	6.926840	8.925474	8.830408	10.751917	11.374702	4.506300	11.502122	11.338273	2.811041	10.150159	11.291905	8.337957	7.637097	11.500825	10.144268	7.549037	8.610560
10.244738	11.025138	8.672874	10.246541	10.701692	11.465939	11.126572	9.530479	11.519498	11.488815	10.963181	6.813248	9.611487	11.165653	6.656315	6.658820	7.562475	11.054645	9.838912	4.601939	10.272977	4.260910	8.754082	6.428873	10.573051	7.421345	11.480795	10.259122	11.462836	10.203382	9.782669	4.913104	11.545593	7.931040	7.639397	10.455862	10.529920	10.727050	10.171977	9.755372	10.944412	7.084234	10.964248	5.173610	10.584733	8.786101	10.973759	11.402388	0.000000	7.967346	9.555683	8.636005	11.193207	10.373154	5.275837	7.283520	8.366809	11.471485	10.408858	7.675662	8.172336	5.006034	9.685693	10.919939	9.222777	8.794724	9.580951	10.769884	10.808851	9.514918	9.034230	11.116045	7.512944	11.199030	11.460022	3.661625	11.106345	10.751025	6.157869	9.376683	6.939176	10.370657	9.543082	8.403302	11.145072	10.037282	10.154182	7.523688	11.139082	6.132484	8.680925	7.518811	10.393965	9.809501	9.889526	6.012262	10.339612	10.304730	10.198507	11.245329	8.938353	11.331607
8.506350	4.088297	9.850592	8.445445	11.215236	11.501298	8.070540	11.003573	9.389657	6.470141	9.355631	11.313778	9.430838	6.768020	11.501966	11.026590	11.142290	4.684527	10.860068	8.445455	11.467309	11.073939	10.067558	11.322952	9.975874	10.969662	9.682364	9.802751	11.297586	6.638169	11.346641	8.970251	10.056394	9.206096	11.237613	9.012815	10.159223	10.766559	11.409266	10.342557	7.784963	4.884580	10.627038	11.258380	11.395907	10.573666	8.903488	11.163674	9.307507	0.000000	6.198959	11.019695	6.023125	11.362573	3.241115	11.503430	5.849614	10.604460	11.067258	9.677160	6.971210	10.733840	11.361309	11.146093	6.458684	8.638219	11.012696	8.079381	10.191875	11.183970	10.743330	10.464411	10.949771	10.836432	10.643178	9.902745	10.759757	8.944186	8.900598	10.128902	11.177700	10.483787	10.319491	8.203021	10.809961	10.214973	11.467436	9.213622	8.134485	10.783812	10.752004	11.288879	4.898607	9.734524	3.954084	11.339695	7.860854	9.609271	6.767588	4.961544	4.975297	10.072303
11.187046	10.706799	8.304868	10.741122	6.275984	9.724939	11.497569	9.432935	10.297114	10.796538	7.005230	8.869791	10.908814	8.940460	11.284398	11.137033	9.646380	8.274130	7.156255	11.479516	10.117818	10.664052	9.689741	11.416817	9.216903	7.835514	10.271303	9.794288	6.850535	11.389770	7.951600	11.429005	8.205718	9.362979	11.230555	9.748257	6.959013	8.999489	11.225885	10.812521	3.289827	9.699079	9.952386	6.970870	4.092433	5.978363	7.603793	10.566595	4.817562	8.440087	0.000000	10.649927	10.089966	11.339946	9.461794	8.299639	10.033838	9.776447	9.377341	10.821490	11.185465	11.502457	9.808869	6.370139	11.519451	5.130587	11.441716	10.907335	7.603794	10.325374	11.438631	11.264894	10.074816	11.354711	10.113277	10.459725	11.484189	11.458002	4.242879	10.924923	10.713276	8.982716	4.734232	11.393332	5.371857	11.048085	4.733159	8.798600	3.681925	9.312681	11.286039	7.389881	7.192790	10.530309	6.529237	6.446222	11.536321	11.298015	10.655037	11.347307	10.834196	8.363335
11.331517	6.692282	10.848174	10.899705	11.212235	9.419170	10.101680	8.031936	9.974910	8.920342	7.612635	11.112497	11.536994	9.461795	8.796881	9.855315	6.331585	8.147464	11.051744	7.970568	5.583019	9.682916	11.407004	11.522025	11.546928	9.736819	6.533935	10.856858	10.817214	7.628997	11.482369	7.750593	11.059224	6.485518	10.436656	8.101110	11.105113	7.719852	8.993388	8.560274	8.222728	10.915723	7.360585	11.369664	11.128563	10.667766	11.361566	8.899467	8.709670	4.756116	11.001640	0.000000	10.433407	8.965520	7.906076	11.287545	8.159273	6.790691	10.712677	11.485738	3.913513	8.398898	5.878059	10.922154	5.912347	9.003992	11.216146	11.460771	6.945942	7.824725	6.965067	11.407627	10.764695	9.115691	7.739447	9.015198	11.242083	9.754481	8.709536	9.810210	10.638110	11.320763	7.789320	7.863872	10.365715	10.902038	10.367033	10.560721	10.389386	8.147368	6.719702	10.801156	9.290849	10.765944	11.187640	11.352776	10.109469	11.504222	4.215468	11.488151	10.759269	11.509877
8.974327	5.673093	8.283965	4.537962	9.371643	6.449210	9.941436	11.301145	11.279120	10.058568	8.508387	7.649922	10.935463	8.389376	11.161829	10.529097	7.871548	9.199596	10.673179	6.850756	11.475906	11.143085	9.686152	9.766159	10.151169	4.720215	9.496979	11.407027	7.413378	10.825183	7.862155	10.411887	8.070956	9.867590	4.827700	11.302709	8.775106	4.201710	11.520924	8.374177	11.333911	8.617644	8.555791	11.170035	7.054901	6.466088	10.937859	8.476654	11.364350	10.789915	9.036533	7.503485	0.000000	5.740701	7.325608	11.108049	11.496982	4.817750	11.194361	8.526013	10.496246	10.569380	10.859815	10.776061	9.427261	5.315688	6.702525	10.695756	10.124071	7.925248	10.401434	10.907163	8.749006	4.344976	10.366989	9.831372	8.250948	10.821284	10.520654	10.833169	9.995803	5.973128	7.213917	10.891008	9.764381	5.534468	6.330978	10.721003	10.097381	10.872180	5.863310	10.901144	10.064333	11.083888	5.877549	7.048296	10.840260	11.458780	10.708771	9.131165	7.439188	10.506322
7.827964	11.234453	5.701854	10.000875	11.455000	10.854934	10.826065	7.083000	10.685876	10.648366	9.346460	9.493689	8.285977	11.532383	11.025319	8.843176	11.426717	9.130356	11.156471	10.885644	10.383393	10.304158	8.610637	6.250876	11.167624	6.237186	10.590241	9.642359	6.472358	7.155957	7.784597	8.417084	9.375941	8.566656	4.566102	5.422791	9.330394	11.544140	10.594490	11.089857	5.820100	9.672020	9.544600	10.359212	8.543537	10.810256	10.751796	10.341422	10.643082	6.233048	8.412213	9.473730	9.425010	0.000000	4.779388	8.349610	11.507242	10.415053	11.397793	10.977579	8.169802	8.446385	11.072304	11.517240	10.575565	7.654537	11.476118	11.047432	7.411661	11.520530	9.885324	9.490335	10.608008	9.359240	11.209162	7.817974	6.686438	9.744148	9.994820	9.663296	11.512336	11.144610	11.487652	11.275205	7.990493	8.320757	8.158839	10.313993	10.721214	9.382903	11.030462	6.701409	8.853201	7.089132	8.120867	9.180057	10.563136	5.143883	10.205372	4.340627	9.350724	6.718224
3.933364	11.243808	6.007253	10.833644	9.357953	9.453992	9.299235	11.435802	5.202213	11.298388	9.474958	8.946376	8.599643	10.995105	9.852589	8.840465	11.073637	11.534515	8.232368	7.628108	9.455990	6.207216	5.899218	11.506548	10.690209	10.851152	6.994372	10.783310	9.052957	11.439510	5.128941	9.179209	9.862308	9.470470	7.520520	5.798415	11.546080	8.293968	9.384673	11.535149	9.322425	5.530966	9.914154	8.001231	7.191151	9.581081	8.731589	11.527771	11.191883	11.479222	11.265314	3.153279	9.757355	11.103142	0.000000	10.791081	6.611036	5.350829	10.755184	7.496354	8.916350	7.650859	11.430266	9.039510	7.760115	11.119598	9.477569	9.811668	11.478350	11.350947	10.951720	8.370829	5.784864	9.030633	8.242183	8.240116	10.769505	11.179091	10.973177	11.253678	8.108649	11.420218	11.519795	9.197786	11.123645	7.074710	10.145322	9.665011	10.529516	6.395550	9.644664	11.210954	6.707792	9.211064	10.880077	10.785604	9.115628	11.438596	10.193831	9.988389	8.553878	10.297066
10.971816	3.540577	4.620731	11.090254	11.282120	10.399418	10.010835	6.612061	9.739907	11.503387	8.854970	6.903670	11.498925	10.946473	9.174693	6.499716	11.186886	11.097150	11.270773	10.565379	11.343543	10.274905	8.858081	10.010019	5.591259	9.647259	6.479564	10.971633	9.525595	9.037868	11.369974	11.288202	4.849615	10.295255	5.989492	11.196183	11.198926	4.624580	10.370333	11.077195	4.954573	8.167113	6.645900	11.315459	7.449596	11.511100	11.022417	7.062600	9.658913	5.493278	10.060636	8.355830	11.444278	11.247859	4.326993	0.000000	7.867564	9.794588	10.086208	9.026024	10.784002	7.917873	11.086706	11.114547	10.559188	4.500023	11.095003	10.810393	11.359182	8.887872	9.661713	7.959132	11.393281	10.523598	7.677334	10.826909	10.532721	10.234942	3.399232	10.659086	9.500661	10.746208	8.831217	11.535612	11.457542	6.924111	8.653809	7.594764	10.280879	8.355731	10.899184	5.978013	11.180290	5.962567	10.928898	10.685804	7.401464	9.428950	6.656991	10.284480	7.965468	8.801472
11.355369	11.317528	10.476617	11.389024	7.676081	8.448208	8.288816	4.411850	9.442308	8.891998	10.702065	11.357372	11.324445	5.013014	5.204567	9.452684	11.450489	10.228067	10.318036	8.548590	9.490790	10.834591	10.344052	7.885489	10.037350	9.374876	8.414676	10.965569	6.766216	9.399786	10.727879	11.417377	11.514670	10.371069	9.950165	8.904353	11.287337	6.714851	8.352521	11.227358	8.885230	7.595263	10.481472	7.917670	11.223061	10.512318	8.459513	11.478462	9.433430	11.165819	7.795303	11.543807	9.752740	8.667377	7.332777	7.580659	0.000000	7.519668	5.090279	9.103893	10.232252	11.051889	7.980304	11.542955	6.459114	8.092378	11.399642	7.352808	10.851402	8.895493	11.332553	8.746894	5.023087	11.001037	10.287829	10.801334	9.435988	7.362583	11.386255	10.515912	11.091615	7.808762	7.114227	8.281332	10.987233	7.653300	9.211488	8.592246	10.521701	10.206684	9.268519	10.587157	9.131531	10.508060	6.325094	10.377921	6.776760	10.771921	10.384326	7.961148	10.718000	11.262758
11.392994	9.909163	10.844284	10.894725	9.989271	5.595555	9.888649	9.074515	11.543131	9.982514	10.208153	6.490090	7.114367	10.694218	10.711445	6.197857	10.223974	8.179405	6.854238	5.396481	11.396890	7.675440	10.987229	8.338329	8.851553	10.493312	8.708350	2.859024	10.455001	10.751703	6.599531	8.166336	9.487803	6.427509	4.276932	10.444147	11.233480	9.164728	6.545425	8.170223	11.539051	8.331154	9.009647	8.277950	7.079257	9.231537	5.026784	10.589776	11.002633	10.862299	9.161560	4.761458	6.680101	6.652316	11.520015	10.979031	11.049736	0.000000	10.333611	4.343900	11.470021	9.680301	5.954833	7.068221	10.557664	9.622196	9.695020	11.318260	10.660417	11.487810	6.085958	9.616133	5.631537	8.613639	7.678383	11.546397	10.096617	11.234931	11.524056	11.263652	7.523973	11.154970	10.810031	11.139651	9.459555	7.647152	11.043015	7.865842	11.502161	4.462546	9.689939	11.205074	5.914470	9.941632	3.060757	8.049667	8.217796	11.519196	10.729961	11.051322	11.220784	7.488141
6.509784	8.884821	10.529102	8.041725	11.395794	10.254620	11.541397	10.413900	4.406178	5.155537	11.125369	10.608851	8.165482	8.434380	8.471331	11.389791	9.703359	9.049232	6.726772	11.150333	7.496647	5.407356	10.945448	7.264373	6.526833	9.680901	10.435765	5.628292	9.420350	10.727094	10.916218	10.746974	8.672274	11.446342	10.009877	7.671673	11.379787	10.677421	11.214327	8.202099	7.195441	11.358076	11.094793	6.322712	6.101639	10.576609	9.264284	7.573840	10.885464	7.651179	7.956407	10.838892	10.654953	11.334354	11.131544	11.190017	9.540614	9.829566	0.000000	10.253949	11.532274	8.114370	11.385913	6.580014	11.428057	10.279377	10.578675	6.552309	9.656774	11.056745	10.996795	11.498091	5.919412	11.530213	9.010975	4.330252	9.840040	11.508920	11.485996	8.702832	10.233632	8.256101	10.428759	8.991093	10.307970	9.572302	7.669958	8.450230	8.307300	11.442859	6.152529	8.528284	10.188181	7.966664	11.260392	11.549191	10.477909	9.856170	9.775447	10.383934	11.539158	8.313726
6.821937	8.738499	11.442673	11.417606	6.368421	10.212623	10.309146	3.866014	10.365395	11.182170	8.545803	11.455776	11.412174	5.905618	6.132551	10.440294	8.473188	9.541540	6.847211	9.581480	6.748765	11.180995	11.511060	6.141398	10.456764	10.585886	11.338198	10.594476	10.541602	11.207461	10.431259	5.397424	4.959543	11.490956	10.398648	11.452997	11.200165	10.096970	11.211666	11.473168	8.843876	8.730939	8.081025	9.758672	11.202465	9.966876	11.301512	10.174486	11.091294	6.845733	8.851073	10.986878	11.321534	8.967079	11.272987	9.850593	6.979296	8.217939	9.996212	0.000000	11.042242	11.542535	11.547640	6.464019	11.258385	10.936364	11.540100	8.088250	11.511239	9.619770	10.153866	10.531453	9.795095	9.493640	9.451134	10.709250	6.178428	9.908597	10.345179	8.591193	9.765203	10.976274	11.518650	10.269420	3.311701	4.238046	9.607248	11.169258	8.236715	11.301290	10.134638	8.508274	7.352229	11.384918	11.273287	11.515317	8.305298	10.676784	11.285860	10.650069	10.541922	10.854601
9.669767	10.778310	9.746712	10.820499	9.005486	4.125849	6.762917	8.636603	10.499317	9.256124	11.001789	5.305526	11.375400	10.368874	9.444143	10.027257	10.339547	8.965603	4.916772	11.357370	10.436446	10.416858	10.462689	7.048017	11.313572	9.378717	5.350598	10.904052	9.922975	9.685159	10.634362	7.403286	8.017488	11.171658	9.008136	6.831563	9.221424	4.085277	10.766789	9.098589	7.052316	7.778417	10.991186	9.406044	9.939822	10.955802	8.803182	9.542061	10.407627	10.699200	9.733063	11.351158	6.000548	6.789564	6.009027	10.025994	11.386007	10.720528	11.037869	11.058129	0.000000	11.337215	8.450485	11.281432	9.479253	10.192457	10.780496	7.680117	11.443165	9.910430	10.811810	11.200173	10.774322	6.418558	11.231834	9.091319	10.928550	10.591670	3.609029	9.752955	7.243616	5.374301	8.554640	9.523498	10.676457	9.989259	11.457219	9.075445	9.969346	10.318120	11.312786	8.469907	9.586789	10.845326	10.748717	6.611657	7.526948	11.477601	7.515768	11.092611	10.446146	11.313661
8.759286	9.641944	10.534466	4.469324	10.779513	11.357588	6.973482	11.149233	4.758811	10.411869	10.692851	7.578334	9.602321	10.055686	8.429120	11.453012	7.787101	10.990448	9.342701	9.562279	10.948346	10.381714	10.160130	7.425814	8.347955	11.097084	11.333333	7.576661	4.893909	8.855445	8.199637	6.523744	10.167687	10.016105	10.834763	6.893008	11.079948	8.730433	6.852350	8.659708	11.259015	9.965878	11.347473	6.627563	10.764741	11.461339	11.327591	7.745448	11.540376	5.196858	6.935952	10.890396	10.565228	9.988885	9.892332	10.666350	8.078343	8.024324	11.296987	6.731172	11.535244	0.000000	5.826882	11.326148	10.169646	8.352931	10.247734	10.813576	6.376270	8.030135	10.832717	11.484403	10.105310	7.677421	11.386619	4.277889	7.766314	11.390043	2.954245	10.438843	9.002841	11.235130	6.776830	8.724357	9.718892	11.111574	4.604419	10.196784	10.557358	11.295810	10.161982	10.723383	6.814880	10.358750	11.345134	8.821134	11.111853	11.218102	11.077309	11.119274	9.104145	5.601377
8.655845	11.194548	7.168131	10.319752	10.636314	10.562857	7.956515	9.608338	10.442036	10.165592	10.200794	8.529986	10.584984	5.010902	10.225700	5.253520	8.389756	9.764143	10.430040	11.386842	10.396497	11.044236	10.545831	8.479181	10.373579	10.554525	4.336091	6.105935	10.309663	11.322504	10.585327	7.876478	10.196411	10.235879	9.760062	6.321841	6.009303	10.220241	6.072971	11.015103	3.836836	7.932143	9.522139	3.590224	11.304096	10.079347	9.339979	11.367588	7.743384	8.844884	10.787368	8.360559	6.763252	8.795472	6.891987	11.319741	4.493123	8.145916	8.635344	7.734754	11.548667	8.799406	0.000000	9.915864	11.438505	7.962505	7.878141	9.906311	4.392513	8.025192	7.450042	10.923765	10.305716	10.870477	11.388021	10.972715	4.726742	7.717296	8.426081	10.117498	5.644325	10.526370	10.958097	11.174175	7.937785	10.154068	7.197467	8.333529	7.490830	7.193175	9.666680	11.522051	9.982740	8.672248	11.478621	10.556852	9.620307	9.651970	9.500476	9.496945	6.959200	9.645151
10.129649	8.263932	8.833683	5.539841	11.494651	9.605749	7.067598	11.481286	11.057647	9.296442	6.084221	11.363904	7.382810	10.894625	5.275283	11.219511	9.925300	9.122503	10.769183	11.205625	11.301864	5.006169	11.488094	11.467387	7.458236	10.987040	10.981801	11.461580	5.843839	9.353890	4.098623	11.323864	10.943495	10.201863	7.172443	9.785478	10.833171	9.745734	9.130140	8.493371	9.378775	10.058370	10.742113	10.026762	10.346196	11.163986	9.566390	8.964188	8.500389	6.055858	5.561924	10.870716	10.461733	8.526888	10.577474	11.224891	5.007929	7.950631	7.700879	9.314995	9.865600	10.970882	11.375886	0.000000	11.474807	9.028957	9.825519	11.130918	6.823142	11.011058	2.973734	10.724399	9.957153	9.175206	10.574255	11.453545	5.398916	6.828602	10.727398	6.640993	8.193120	11.223882	6.734434	8.375689	8.431346	9.578040	9.244010	10.160457	6.134168	11.080388	11.301222	11.229940	3.605212	10.939960	9.898713	9.049350	8.223883	9.197842	7.280094	9.924099	8.527842	6.194828
4.475812	8.493937	11.103685	9.059933	8.810806	8.349726	11.113627	7.731497	11.476549	11.482144	7.742431	8.542899	7.367357	8.007387	10.603155	11.017539	11.333195	11.424695	11.345830	10.862058	11.052829	11.417565	6.291369	6.206219	4.379950	11.127918	11.489189	11.022165	8.901362	4.074255	7.138934	5.933272	8.928585	6.020564	11.437894	10.284997	10.931814	9.268154	11.380665	7.706506	10.760659	5.472375	11.172670	6.117082	9.462950	9.310505	10.262247	9.446387	11.186557	8.069151	10.426128	9.988198	7.034414	11.235848	6.572965	11.435607	8.445985	10.324754	10.487589	5.826320	9.997297	11.338039	8.044490	11.120847	0.000000	8.991051	10.947442	10.650180	4.569057	10.005607	10.744046	11.177263	8.160262	8.196174	5.721122	7.417989	11.439709	4.007862	5.731426	10.928167	6.548325	10.361496	9.737230	10.333528	11.040725	10.577742	11.451632	8.187559	7.777007	5.996595	8.125178	10.487862	11.042387	5.773468	11.050652	10.815526	7.193114	11.150815	10.993793	11.363265	10.442352	10.754649
11.457937	6.336686	10.191206	11.086569	8.782368	4.451070	6.134350	6.493350	10.997244	11.274192	9.889406	9.957894	6.953028	10.747593	9.471909	11.342426	8.516605	9.714074	10.530449	11.305986	9.942706	5.703144	8.012411	10.163554	9.138997	6.259389	9.859585	10.400531	11.341865	10.402238	11.426312	4.906081	10.740984	5.814905	6.138843	7.508083	7.145615	8.425276	11.351145	10.649296	4.993348	9.113132	10.197220	8.307941	9.764075	9.676040	8.435673	8.740760	10.608705	9.801457	10.332647	7.057980	9.446134	10.136756	10.353161	11.119109	11.155891	8.349282	8.318378	6.349598	10.992884	11.260689	10.014684	3.878353	5.279630	0.000000	11.196643	9.136155	11.529131	11.320964	9.966830	11.468330	6.081041	10.584289	3.241919	11.351581	6.408113	9.638005	11.338094	7.666668	11.041086	5.490544	7.348347	10.571428	4.257690	9.816175	9.064814	11.101517	9.316491	7.676184	10.764246	9.739436	9.977095	10.755012	3.878499	10.768616	9.835116	11.362043	10.451858	10.143950	4.538155	9.192194
10.437176	6.798258	10.325165	8.958860	10.145601	9.872041	6.302953	11.451609	8.755778	10.593151	11.416177	8.745875	7.941694	10.110726	10.341215	11.423110	10.580446	11.459643	11.531442	5.182767	10.209970	10.273720	10.028076	10.243685	11.541385	7.416694	7.740451	10.480559	4.368429	8.874492	10.152207	2.769355	11.419904	11.006091	8.667219	9.152401	6.877012	9.820235	5.298043	11.165874	9.217273	11.388959	10.847146	10.855277	5.679504	7.903343	7.361234	5.896145	11.500042	11.194534	10.959980	9.323334	9.100276	11.532230	8.745460	8.584986	5.175495	9.874806	7.013811	8.316946	9.470321	11.511080	7.198316	10.827607	11.370701	11.443608	0.000000	10.047951	10.415535	11.245463	11.548674	10.794843	11.549698	8.980585	11.374147	2.744596	8.584969	11.546468	9.003773	8.062649	10.307310	11.519826	9.179219	9.713280	3.518241	8.095030	11.155011	10.639485	8.981156	10.804763	11.541227	7.075368	8.549717	8.330680	10.522872	10.208737	11.011049	10.766195	10.404912	11.467000	11.171633	3.404947
9.537518	4.491240	9.855560	11.231765	7.641649	10.464316	5.797753	10.597997	8.542809	3.476634	11.391831	9.662386	9.571487	8.188463	7.493891	8.930918	8.590952	10.080500	9.059768	11.395660	10.912447	9.704924	11.348704	8.495298	10.745746	10.142782	9.004781	10.675697	6.985421	10.996957	11.148915	8.846610	9.043242	10.366630	10.694201	7.474198	9.975721	11.400196	3.779887	10.627390	10.340057	2.680406	8.737793	9.373144	11.035247	6.882157	6.648038	10.085821	8.843096	10.476512	4.441000	9.211660	10.005453	9.766886	10.636270	8.943810	9.214455	8.492494	11.131251	10.199395	3.525526	6.548793	9.640797	7.142212	11.512563	10.127530	3.116057	0.000000	5.271657	7.215508	6.949134	11.104524	11.350639	9.164878	7.667467	11.124997	9.547221	10.529199	9.830777	9.511557	11.063548	8.198862	5.942565	3.428518	9.306741	8.526290	10.309249	10.661519	10.417298	8.283051	7.855903	7.568501	5.649656	10.750762	9.976811	10.466823	11.181558	9.543343	11.349400	9.076427	5.177613	9.063769
7.598953	11.150122	9.746453	10.985439	8.662180	11.171543	10.367132	7.081516	11.447827	10.960200	7.542847	8.836064	3.836596	10.515049	5.950177	11.185247	6.556412	8.585349	10.994079	7.208434	4.642545	10.164389	11.444105	11.269358	7.939034	7.149592	7.680717	7.047846	11.497061	10.440962	9.923589	9.775102	7.496417	5.668141	11.259316	6.562656	10.022113	4.965086	10.734011	11.180415	10.396354	9.433945	11.231731	8.714839	10.025684	6.264716	7.900876	5.051223	8.424424	5.840258	7.561700	11.060753	9.644518	6.744413	10.374492	5.877929	10.668862	4.706343	4.495806	7.750428	7.867389	11.507991	8.889528	11.399048	5.293407	9.695659	10.503198	10.703512	0.000000	8.967935	11.283580	11.142389	10.719937	11.125890	11.411532	7.002008	11.439547	10.154609	10.184244	4.500384	6.475980	8.613827	10.442478	9.844572	9.536754	11.161557	8.662931	9.365683	9.337167	7.536574	6.210770	10.370730	9.796366	11.531140	10.343073	8.672342	10.163207	3.621675	8.408744	7.527232	10.467372	7.008858
11.379017	8.781074	10.145271	5.360945	11.338266	8.235131	2.825556	2.671558	10.247731	9.042986	10.283303	8.352249	11.069427	11.187256	10.685139	11.369110	9.177952	11.520685	9.348326	11.203189	10.975101	10.991609	9.437287	6.464542	9.771881	9.678580	10.875209	11.542707	11.421697	10.169657	7.559146	10.365298	9.170781	3.801793	10.522243	10.247918	5.953979	8.038101	11.024447	8.515950	7.899919	10.415034	8.142624	7.280001	11.384854	11.308334	10.878628	11.314545	4.339702	11.320751	11.432828	11.541694	7.747255	11.415781	11.534276	7.684906	11.337209	11.075094	9.314140	6.941816	10.340757	8.420537	11.082727	10.873266	9.361366	10.021969	7.086731	11.169581	9.624853	0.000000	7.812519	10.568252	10.546271	11.055857	10.495777	9.416497	10.279170	8.288146	4.345141	9.864719	5.409584	10.859195	11.440780	10.456762	10.382552	7.208144	8.210609	9.143444	10.731428	5.923578	9.950930	11.417911	10.749885	10.977030	9.870202	11.152049	7.994030	9.340452	9.953831	9.200030	10.714617	8.810794
10.213140	11.322878	9.030509	9.431010	9.581856	11.409097	10.495523	10.213260	9.302634	10.473675	10.610180	9.706408	10.016206	11.010556	9.169624	11.532052	10.304347	11.490037	10.031942	5.962132	8.396152	10.772766	10.343206	11.175154	9.709058	7.597536	7.730901	11.514471	6.423745	6.510713	9.681890	10.581906	11.255359	10.772951	11.510985	8.826645	6.966472	10.528158	11.013795	8.291344	7.854803	8.532581	6.456199	11.475558	10.481131	8.167754	5.769867	11.074281	7.947256	9.825363	11.538308	11.298044	9.957917	5.659053	10.729751	9.048456	11.542273	8.931073	8.925542	8.958892	8.965100	7.581486	11.252865	8.469847	9.089811	10.478108	10.383875	7.770035	7.589450	9.963854	0.000000	9.991697	7.277835	9.444479	10.871864	6.171860	10.774541	10.646298	9.476482	11.229534	9.509136	11.505238	8.248597	8.984547	8.269345	8.574862	11.505964	10.612303	10.215865	11.273326	9.178095	10.653582	9.926983	10.965374	5.904280	8.836917	10.665776	7.789709	11.217821	10.817867	6.500574	11.086420
10.102818	10.745442	7.021448	8.719794	10.473986	11.511498	8.814739	11.515302	10.806051	4.645194	10.950428	8.885511	9.454623	11.332207	9.183776	9.667593	10.910751	9.892939	11.139551	11.212972	11.542303	10.967810	5.850835	7.739824	8.329933	11.342619	11.422177	8.984444	8.191193	9.496407	10.179149	7.936635	11.017506	5.416926	10.190391	7.415253	7.697919	8.445050	9.827036	11.522205	6.918729	11.220041	9.534276	6.073679	10.670654	8.380501	10.436794	5.254095	11.513936	8.589631	8.137135	8.632581	8.924623	8.452989	7.195588	10.816417	9.375141	8.477221	7.221011	11.146811	7.209739	11.160996	8.636907	6.404720	10.416585	9.333205	8.312839	9.966693	11.542427	8.361314	11.057151	0.000000	3.757186	10.253424	6.602511	6.925829	11.440729	11.238316	5.794902	5.031514	10.195591	11.287635	11.359626	9.342511	9.142000	9.150042	10.581092	11.102168	10.191421	10.629341	5.290580	11.482191	10.512848	6.399079	9.147662	10.275656	10.921592	9.518215	9.050433	10.973945	11.125512	10.502909
9.921712	10.134260	10.998217	11.519413	10.103284	9.377971	10.762219	10.777528	11.421095	8.459636	8.784802	10.586637	9.583441	5.966331	7.036935	10.065518	5.251487	8.352524	9.486409	9.227017	9.958161	8.340815	9.867404	5.011655	9.467093	8.712462	9.477594	4.739595	10.284288	10.503284	6.794116	11.469976	10.934091	8.057612	8.207591	9.008109	4.087780	8.683125	5.843288	4.009353	10.565747	3.171913	8.485517	3.916589	9.733729	9.295764	4.143014	7.164736	8.222254	10.894342	10.620411	10.593725	10.700010	5.779249	10.947113	4.992714	8.254476	8.404957	10.419722	9.741831	9.476702	4.941740	9.620702	7.966137	11.541829	6.060916	9.029500	7.350620	9.340330	11.169688	6.687129	8.973053	0.000000	10.663365	11.456524	4.626478	10.921210	10.439652	7.624522	10.735449	6.523802	8.939177	5.361598	9.920739	7.767896	10.731465	10.223717	9.644937	7.409583	7.428189	11.022620	11.396387	6.351837	10.344267	4.884718	4.460640	8.871528	11.488366	11.218919	9.791315	8.311070	3.364827
6.554409	11.236284	6.646508	4.052276	11.112438	9.380852	9.649382	3.898759	11.534570	5.253283	11.381722	7.039779	9.778683	11.228476	10.967454	8.745118	11.500091	9.142156	7.218654	11.262052	9.603380	7.396239	10.952664	10.541195	7.279295	11.526333	9.614933	8.522302	6.278939	9.108651	9.542965	10.906945	4.509220	10.627562	10.132574	10.690618	10.344110	11.368738	11.257992	7.018068	5.391249	8.971940	10.897437	10.435163	10.107349	11.337293	11.395857	9.680821	9.934041	9.670337	8.842250	7.002371	9.917417	6.337595	10.934605	11.310475	11.178401	9.463733	5.752742	10.876821	10.235857	10.156031	11.513010	11.428596	10.659324	9.028335	11.539169	9.928975	8.648349	5.468660	9.442902	7.253920	10.841062	0.000000	11.343684	10.675101	6.489189	8.804512	10.023203	7.264126	5.711450	11.184434	9.608667	9.997218	9.851174	7.475884	6.544312	10.918780	5.643757	10.217101	9.806558	10.324444	9.207491	11.377979	10.217639	9.820827	5.958399	10.806432	8.049958	9.241205	10.034854	11.299314
10.569779	8.490961	11.517367	10.081635	7.670925	10.000463	7.533914	10.519287	11.293244	10.740994	10.375426	11.455964	11.029540	7.889715	7.394356	11.079744	10.499115	10.873109	10.967385	9.028526	8.320815	10.802648	10.969400	9.482456	7.717723	7.491042	11.090495	6.848879	9.599126	4.869590	10.029675	11.269484	11.373937	11.166439	11.471900	9.472726	7.265639	10.823084	10.966701	8.371926	11.478284	9.715956	8.155666	5.668919	6.703594	11.481321	11.177438	8.177375	8.516421	7.185626	8.148623	7.555094	10.795557	10.633060	10.474890	10.770300	8.818479	11.245140	11.454437	9.277298	10.666434	7.941990	7.596992	11.173222	7.824396	11.353245	10.977620	11.362324	9.598933	7.057594	11.275086	10.501204	10.481678	10.586083	0.000000	7.776973	11.422188	4.337369	8.788065	8.424015	8.694218	5.202814	5.386888	11.083211	10.271202	11.240859	7.120971	9.082377	9.881331	9.797515	7.933754	7.962359	5.943848	10.306116	9.851953	6.504613	7.403080	9.807357	11.327790	5.436096	5.586790	9.545498
8.616502	5.128641	11.141205	10.690384	10.620265	6.863016	11.535460	7.652303	8.208943	8.748965	8.120406	10.192130	5.302508	9.525175	10.994825	5.871510	11.479657	10.742247	7.435855	7.363492	10.281843	9.987682	9.206389	11.543387	10.777858	9.239770	9.507994	9.830069	8.500121	9.525171	11.274714	3.908715	10.622527	4.507663	9.428340	6.126395	8.484806	9.001316	9.017128	10.172664	11.257917	9.691619	3.980785	10.352417	5.975080	11.528787	10.109058	10.433286	5.994572	10.564485	11.513787	11.452006	9.690493	10.770744	10.320709	11.468348	10.665470	11.185395	10.694540	10.741517	6.250851	10.331145	10.287793	9.050057	11.445161	8.923792	11.281569	9.941166	10.402711	6.856773	9.006958	8.178326	10.039199	7.554720	7.915733	0.000000	11.291251	11.401951	10.200743	11.388202	7.119477	3.035285	10.011581	11.508527	10.531107	5.943980	5.071408	7.477648	10.132769	10.153028	9.457095	11.179881	11.301363	10.986241	10.501302	11.131490	10.420534	11.065048	11.385992	10.194995	6.116326	5.721348
9.062377	11.177957	11.128391	10.393958	9.148504	11.308704	11.473563	10.776053	11.066846	11.296459	11.489244	4.201316	4.470600	10.955962	7.090523	11.183377	5.657634	8.443395	10.159024	8.907123	11.549511	10.666076	8.756874	9.094075	9.403794	11.208527	9.227929	11.543196	8.579680	10.923179	11.480544	9.484644	10.543342	10.374005	9.465994	9.749511	10.612574	6.970402	10.710567	7.704639	4.175444	11.134402	10.540948	8.667228	10.835626	10.931260	9.940981	10.484126	8.241179	9.063742	10.607498	10.205983	6.536890	10.433503	9.427965	9.331362	3.986263	6.418900	10.200538	3.573530	11.472946	10.223355	10.636940	6.787549	6.940716	4.105601	10.777058	8.685903	8.928698	8.067193	10.405532	11.466790	11.102556	10.519376	7.102414	11.178301	0.000000	9.941565	10.930720	10.379253	11.447263	9.598538	6.982492	5.327148	11.479100	9.993242	5.132281	9.675264	8.353696	10.356366	11.307171	9.024511	8.580859	8.526850	9.261577	11.231388	9.140894	10.023944	9.243137	10.306542	9.883216	10.635166
11.418378	11.543172	11.158883	10.800979	8.497827	7.277996	11.183227	10.925256	10.448978	10.846452	6.397806	10.986456	10.906454	11.452049	7.764490	7.164824	9.712746	10.366001	7.533469	7.806749	9.080468	11.455272	6.513332	10.833198	10.659004	9.677152	10.272050	8.416394	7.271253	9.568048	7.089806	9.636661	11.306610	11.439373	5.289793	7.496849	3.664810	6.445349	8.793052	10.683107	11.055172	8.125770	10.083559	8.232606	10.450061	11.434735	11.061115	9.767321	11.207724	6.312238	11.082043	11.105799	8.946114	7.399162	10.332011	10.174222	8.995608	11.305163	10.871066	8.318231	7.002809	8.145552	10.999096	10.906396	10.249202	8.117072	11.006808	6.971576	11.400148	9.878846	11.123176	6.745513	9.872759	8.985163	10.372670	8.076582	8.673288	0.000000	11.512843	10.227653	7.420642	10.901758	9.983047	10.693535	11.398313	8.939194	6.645693	9.744040	9.057420	11.521044	8.470005	11.420829	2.873157	11.534622	11.498393	9.326838	11.480511	3.994696	10.587669	11.479791	11.304784	10.401276
10.415244	6.348597	9.615534	9.722578	11.544297	9.620264	11.214232	9.311691	10.594186	9.119943	4.067465	7.709061	10.409669	8.682372	6.487046	10.526908	9.032509	9.239582	8.297834	7.931570	11.534363	7.910024	10.935175	4.913949	7.778568	4.576730	7.595653	7.477943	11.283391	11.404786	7.472104	10.786067	10.514870	10.021663	7.899517	10.279513	11.116987	11.481677	10.037886	5.013997	10.854281	10.861176	9.511688	8.784889	9.309063	11.548036	11.472275	8.294344	7.577894	10.506054	7.960661	8.393206	11.318765	9.012263	6.329513	11.142797	8.154544	11.387414	10.850807	11.251350	9.411145	10.299336	10.561756	11.202116	10.232730	11.140571	11.444647	9.846675	10.984093	10.108871	7.990581	8.494186	11.294444	11.208384	11.225534	11.516174	11.350884	11.406013	0.000000	8.783226	5.875206	9.991113	7.508644	9.333202	8.631640	8.633547	11.426735	9.733796	9.430295	10.262066	6.370117	9.519310	3.681582	11.372159	11.140283	10.709852	10.205499	8.446030	10.204025	11.145235	9.942459	11.479202
9.722385	10.836590	10.998705	8.828801	10.842696	8.726694	4.319247	5.707197	10.904060	8.452110	7.560696	10.241892	11.410702	10.593814	11.485932	10.998931	10.128831	8.596929	4.280506	8.057581	10.778404	5.653507	9.733973	10.528528	9.273536	7.929423	11.401985	11.454141	11.035023	10.334116	6.837581	11.303357	8.279422	9.360404	9.297693	10.418809	8.570343	7.514575	10.786548	7.157068	11.422664	11.439997	11.172741	8.874489	4.783785	11.113535	10.659411	10.564618	11.200109	7.310774	7.224699	7.337963	10.710327	4.983832	4.996764	10.035667	11.165403	9.378148	11.374177	4.914740	11.473508	10.390605	8.150642	9.753528	9.853238	7.871345	11.526761	10.832589	10.060618	3.743045	11.517392	11.281792	5.059497	10.288283	9.581431	9.926085	4.033482	7.436291	10.848963	0.000000	11.122375	9.334351	8.554503	10.484742	9.286186	11.538851	11.064321	10.609423	9.809046	5.552032	9.661857	10.757035	11.186699	10.570032	9.031144	4.159429	11.221437	9.869960	6.637532	4.748614	11.027602	10.728740
5.943031	11.184650	8.794929	11.021742	11.177747	10.808577	4.903637	10.500115	8.187042	8.137538	11.548511	8.007519	6.760586	6.916830	8.772293	8.395124	10.663531	8.040144	5.563242	9.048427	8.644895	11.292667	6.602917	10.489987	11.253667	11.410855	7.472648	11.395141	11.116398	9.032270	9.511183	9.907569	5.936740	11.531056	9.042249	8.332340	11.380042	9.235859	10.203378	10.008963	6.223196	11.452601	10.642091	11.526191	7.048423	9.405168	9.221267	9.741072	6.407464	10.874757	6.618749	10.825064	5.936672	7.587337	11.037250	6.362087	8.105082	10.796314	8.789164	7.795123	10.988677	8.738528	10.976916	10.200636	10.642555	11.439852	10.392058	10.320700	7.815992	2.413696	4.473310	8.705991	10.826372	6.638923	9.255546	8.151210	11.343102	10.668439	7.791277	11.409713	0.000000	9.257970	7.253452	7.964921	10.896897	10.033449	10.563234	10.610312	9.095075	6.733364	11.446191	9.223605	11.179264	7.015121	8.244134	10.768838	8.655797	10.715104	9.748693	7.191383	6.651777	10.602898
11.238231	10.912711	11.414763	11.420491	8.948369	6.939685	9.487709	10.085515	8.153571	11.475903	9.249714	7.672763	4.054426	9.019713	8.622433	8.192919	10.072379	11.139177	7.709067	10.678015	11.473222	9.100751	11.042238	6.315108	6.069972	10.772146	8.851819	3.469914	7.786108	11.383755	11.298092	10.397726	7.166467	10.145120	10.626599	10.944580	11.321464	5.953581	10.781471	11.372680	11.213446	9.894131	8.294929	6.003983	7.255640	11.264506	11.415359	10.615367	10.598765	11.475330	6.716877	11.455921	11.172964	11.213728	11.362871	10.907605	5.865302	8.966750	8.638401	10.649550	8.879331	7.222836	6.774816	11.129503	10.899893	11.453924	9.755959	10.520843	8.849267	11.165353	9.597017	11.458764	7.333241	11.518799	11.165387	5.364235	10.603203	10.987262	9.355109	8.782933	10.794211	0.000000	8.010246	4.463766	11.439323	9.945163	3.853730	4.897289	9.163709	3.691710	9.103292	9.779460	7.888150	8.028060	5.458088	5.892463	9.527457	10.686526	11.532721	9.335553	10.311983	11.443738
9.752301	11.344968	9.886262	9.002090	10.725696	10.670520	6.636255	8.383093	9.227811	11.460974	11.371484	8.573004	9.703576	11.409114	9.063319	10.995497	3.733413	10.896712	11.486095	11.080716	11.096559	9.658515	11.480000	5.509585	10.395429	11.527732	10.164627	11.454008	11.059811	9.390464	10.563689	9.634916	9.396888	10.989211	9.207305	9.870639	9.501033	8.166919	4.322095	10.564234	6.648390	9.945016	11.511558	4.946623	10.051569	11.101778	7.552330	6.103315	8.986373	10.785276	9.737085	11.419764	3.417772	10.547200	11.324208	9.899736	5.138300	10.736929	10.857252	6.936527	10.883389	9.944253	10.915494	9.728186	8.458300	7.337171	6.601020	9.691352	11.541282	7.895983	4.691315	11.067193	9.875821	10.657824	3.645474	10.525561	10.775268	10.646646	6.312489	10.382571	5.862529	7.822146	0.000000	5.722460	11.491102	11.430098	10.937613	10.655766	9.461490	7.743981	11.254663	10.801988	5.844011	9.119282	11.459910	7.549106	11.480412	9.065353	6.205008	11.115038	7.764668	10.095478
11.231707	11.232156	7.427115	10.784409	6.114173	9.952683	9.131349	9.238233	9.190532	11.471844	11.360514	11.269526	9.993584	11.456554	6.313790	8.124017	9.191793	6.312850	9.598460	11.182232	3.583445	11.040998	9.984571	10.811738	7.661756	11.379984	11.514386	9.337999	9.727800	5.743642	8.147021	11.177428	9.187025	6.462016	9.750293	9.043604	11.091595	11.250386	11.221814	11.210328	10.542517	9.131515	10.759550	9.223214	11.378510	10.478261	8.881982	8.776920	8.424635	6.388907	11.265547	10.070406	7.639883	6.946253	10.449115	8.716374	11.366500	8.519735	9.525718	10.177625	10.464880	10.997409	11.001022	10.764362	9.844409	4.067272	10.522548	11.486194	7.987567	10.069391	9.138271	11.023329	11.300727	10.895090	10.641884	7.365268	10.127842	11.513601	8.351528	11.454482	10.421468	4.413091	9.951099	0.000000	11.138430	9.906726	8.891659	10.468879	8.811322	10.252451	4.797768	8.988810	9.562362	9.887482	7.261508	9.253127	9.954890	11.405633	5.877252	7.747214	8.355055	9.939317
5.713394	8.966510	8.651656	4.149856	8.204816	9.880568	8.047433	10.536366	9.466044	10.546456	10.543632	11.304360	10.534657	10.742728	8.769322	4.026864	8.426485	11.484326	7.552191	6.126542	7.180993	10.749928	10.520849	10.899665	11.180463	11.434439	9.877964	11.367483	7.018358	10.817284	10.015004	8.774885	7.580150	11.496425	10.242863	9.227110	10.064683	11.430435	10.820972	9.883384	10.144287	10.102804	10.145378	9.743146	9.228535	10.016969	9.761632	10.299453	7.909364	11.354787	10.734113	10.730224	9.094914	11.146827	3.565797	7.467552	10.982550	9.959116	8.681057	4.647832	6.806177	11.469702	10.938123	11.359518	9.707325	7.853515	10.712814	10.701053	8.963562	10.766844	10.211182	11.136638	9.966270	11.136080	8.873433	11.402450	10.577407	11.176992	10.494459	10.425241	11.185204	11.532892	5.345416	9.574156	0.000000	11.093825	11.279292	6.494569	10.655205	8.664481	11.166720	9.976441	10.321999	8.523244	4.288070	11.545674	9.182080	10.592516	6.635139	11.262002	11.485567	9.746790
8.435931	11.498274	8.739573	11.005260	10.926210	7.666304	7.968048	5.611817	9.861709	10.737130	8.733706	10.455270	5.870398	10.848935	10.306719	11.128012	8.936055	7.847303	11.515741	9.046455	11.282626	5.671598	6.361507	11.071382	10.202226	8.277856	9.554852	6.534893	11.509221	10.252458	8.933959	10.385431	8.531836	11.089658	10.261674	6.043765	10.986313	9.401972	3.533871	5.545386	6.831846	7.095359	11.117826	11.295704	7.596081	11.366206	11.104622	11.532732	5.864006	11.392363	6.981855	11.109669	8.292795	7.099277	8.969506	10.032249	7.944297	10.457301	10.779714	10.839648	9.239163	7.004223	6.780776	10.410205	11.362976	9.219092	7.924771	7.887913	10.727759	10.665474	6.254296	9.934963	8.497395	6.154408	5.703075	10.640366	11.032033	11.111082	9.572894	9.119047	6.835364	7.958608	6.810646	11.059155	9.435176	0.000000	10.739996	9.981847	10.871809	11.365508	9.328613	10.114648	9.147681	10.723707	10.427449	10.725985	8.494590	7.729429	5.751677	10.650525	6.264481	11.521453
7.227196	5.653510	8.542897	8.542063	7.861550	11.045706	5.546539	3.687510	4.275385	11.539356	8.558934	10.647943	4.684583	7.031159	6.628398	6.566770	10.570075	9.518784	10.707763	11.546957	4.159541	9.323880	9.132958	6.655761	8.633781	8.636559	9.583008	8.339814	10.149396	10.926180	6.950605	10.754220	7.300782	8.351205	10.881749	5.776021	8.347398	9.895835	11.342787	11.111075	9.565802	9.626662	9.544694	9.048096	9.523650	10.996696	8.562006	8.313909	5.234142	10.211591	5.997945	4.335574	7.399998	10.627214	10.355681	10.950510	10.490686	6.751015	10.752758	9.050102	9.214991	10.619370	10.063767	6.982357	8.938050	6.307345	10.583193	6.064981	9.569567	11.316896	11.500578	9.095862	10.177800	9.776324	3.229952	10.896347	11.405289	11.495067	10.551094	7.835097	9.622615	10.080490	10.091632	8.209991	11.446979	10.984667	0.000000	11.008013	11.434505	9.109577	10.705870	10.609932	11.172806	9.815550	7.083376	4.891357	11.541361	8.686795	2.729035	11.376672	8.413626	8.076967
9.392372	4.933526	11.391792	8.683260	10.109154	5.332979	10.247297	9.931309	11.210493	6.760081	6.885756	9.822919	9.599166	10.255839	5.706670	8.889048	7.961467	11.021749	8.438920	11.095273	9.718120	5.399469	10.261081	9.490432	5.154058	11.512754	9.116523	8.199045	11.103923	6.747072	9.180740	9.497415	8.057160	11.041025	8.236026	9.828005	10.152495	10.897285	7.063855	6.936607	8.732832	9.242447	9.142675	11.423095	10.052734	10.527284	11.393832	11.188333	6.996331	10.283976	9.001024	10.677581	11.113953	11.443114	7.011881	11.510048	8.313572	5.295803	9.583477	10.146465	9.750194	10.248094	11.330751	11.532568	8.291440	10.959993	9.867481	10.477445	11.503531	9.960667	7.876078	5.270855	7.335658	10.445653	11.291316	10.099019	11.495786	9.803779	7.568614	11.385385	5.421096	9.027009	3.638995	7.754580	8.888145	10.606832	10.162170	0.000000	9.496053	11.417929	8.180604	6.633760	11.016889	3.960207	11.511067	9.466568	10.116247	9.621116	10.731600	3.737864	11.078479	6.906830
10.772641	11.457570	11.244085	10.177093	10.789352	9.194151	8.981666	9.247176	9.702628	11.458031	3.688416	9.110905	11.263811	4.433268	11.345553	4.605899	10.581654	11.149801	8.992364	11.127931	10.310334	7.305099	7.858243	9.550033	10.843169	10.742457	6.418812	3.415828	11.204913	10.649591	11.549564	11.478198	9.517986	5.398968	5.787783	6.759707	9.647932	9.319823	11.548467	11.363769	10.567233	11.199671	11.223284	10.937759	6.368343	5.181572	10.260960	9.465474	9.285230	9.629081	3.947925	10.904875	11.134389	11.095995	8.078551	9.097039	7.431913	8.095336	9.703522	11.228358	6.988017	11.366797	6.522249	6.771918	7.903991	11.540151	9.912768	6.860124	9.333677	6.486446	11.474064	4.747635	4.352209	7.127228	11.010889	6.342990	11.051662	9.945134	10.941218	10.290135	7.212078	8.679711	6.796275	11.374466	10.276433	11.484225	9.833295	7.609288	0.000000	7.942300	10.523472	11.529026	11.331561	11.057901	7.322859	7.149006	10.496245	11.192079	8.929997	11.290060	7.517421	8.087060
8.690205	9.659746	11.467647	9.786762	11.503364	7.897264	11.327219	6.924566	9.989301	5.279116	10.999092	9.980237	9.431919	9.873636	10.499092	7.110740	11.482828	10.496418	7.610892	11.461097	10.072214	11.532191	11.375769	3.846882	10.747505	6.430386	9.526681	9.145397	8.629951	8.425611	9.362609	9.370816	11.483241	9.631603	7.951773	11.421615	8.315448	8.681681	10.640587	10.807121	7.340482	6.631103	11.034312	11.515428	10.499471	10.237454	11.472598	5.089080	10.450188	8.251209	5.444805	11.137384	8.052670	10.493528	8.927825	10.987236	9.785780	10.698213	8.313229	10.511020	6.652258	5.314761	7.506021	10.132822	6.943530	6.656944	8.170643	9.099584	7.131821	9.805306	7.039621	8.593907	9.587154	9.315810	10.255996	7.240110	11.237518	11.425019	7.486173	11.087599	11.195184	11.431414	11.538495	9.809076	6.635658	8.315687	11.191419	5.502224	11.135584	0.000000	8.216108	11.083850	4.170579	10.678628	9.355755	8.502090	11.318832	9.896050	11.170380	10.274259	11.546364	10.427259
8.721413	7.423511	11.519780	9.150231	11.011487	11.285025	7.624372	10.725230	8.796997	11.128772	3.913942	11.066252	10.801609	9.558649	9.061271	10.813534	5.444184	11.484008	7.072286	6.824040	7.278858	10.072772	10.307942	9.755866	11.530856	6.090476	9.294622	10.042442	9.356684	7.441707	10.586666	11.485345	10.591087	8.445341	10.253896	8.078730	9.928354	11.352654	8.256496	9.832690	8.393442	9.338041	10.636253	7.897327	7.566958	11.304999	8.132815	10.403717	11.407220	10.486860	9.174218	7.685598	8.223388	10.973875	7.925646	4.544052	10.164421	10.224251	8.099637	4.305814	10.538017	11.029788	10.209686	11.454311	11.178168	6.374276	5.696956	9.700876	9.907582	6.913977	9.901215	8.391486	10.525603	11.082072	8.910546	5.420845	10.724315	7.957888	8.943084	11.068054	11.471590	11.333875	4.239760	9.938357	11.065543	9.054325	10.735121	10.333462	9.383346	10.368341	0.000000	9.650701	6.564690	10.070247	11.204744	9.764230	9.977915	10.053974	10.050764	7.070896	8.419428	8.443040
9.714391	10.327426	9.225545	6.548518	9.067326	4.886948	3.113229	10.235907	8.209115	10.818525	9.238577	9.063082	8.647489	4.433169	11.296524	5.802183	9.340019	8.820268	9.336373	7.695761	7.974877	11.212980	6.050661	10.990240	11.480820	6.701718	11.545096	10.989235	8.162199	8.116192	10.154342	3.169231	10.984915	3.344813	9.382586	10.554805	6.713262	11.203880	10.634985	10.237181	8.692113	10.605163	9.160932	11.517577	10.962317	9.928642	10.673986	6.017929	7.990297	8.176011	8.380983	8.370725	11.007514	10.826525	8.855398	8.391882	11.022059	7.064966	4.336214	2.873529	7.452975	9.932829	9.462404	11.475434	3.731882	3.245094	7.738090	11.541624	11.312565	11.475532	9.806728	6.902965	8.458754	5.985025	11.400319	6.188505	11.532172	10.431733	10.915646	10.478487	9.944472	11.009575	11.549370	11.374345	8.279349	7.740122	11.418152	8.687093	4.263729	9.980054	11.052428	0.000000	3.739153	5.331518	10.453163	11.538375	10.330771	10.463729	10.331568	4.562805	8.135360	8.250155
5.300175	9.463304	10.823563	10.906523	9.429673	11.346676	9.649836	11.097179	10.640081	11.481093	4.929352	8.750308	11.186970	9.951734	8.946520	11.513125	9.055175	11.275711	8.044381	9.530743	10.423031	10.475662	10.885856	8.288567	8.190390	11.399155	10.258171	7.547401	10.605285	9.981677	10.981500	8.640521	10.277894	9.689963	8.211013	11.362716	11.248310	6.115341	4.125830	11.482069	7.756103	7.983939	6.772562	9.985753	8.888295	8.093277	9.479460	9.012843	10.392138	11.473070	11.331425	11.224409	11.316744	8.967583	11.393024	5.889298	11.258873	10.528813	11.532954	5.140274	11.104197	11.442792	11.356230	5.304982	7.633031	6.532739	11.102111	11.528050	7.348694	11.259257	6.791445	6.959613	9.469625	11.243071	7.345547	9.567358	7.993600	8.809867	11.080608	7.438840	6.030457	3.209130	8.844913	6.845477	10.864802	9.232894	8.246492	5.193993	7.416968	6.248762	11.469941	11.541373	0.000000	10.322843	10.694384	9.010539	9.724573	9.006381	11.015739	9.035673	11.409549	10.579116
11.312050	5.966423	11.528725	10.001994	5.282840	9.355956	8.018702	7.624106	2.970238	11.220761	9.467625	7.735511	11.349624	8.723476	3.607539	7.309265	8.434769	11.208256	11.021808	8.266370	8.358492	8.704281	9.740741	9.135270	4.281218	8.621521	11.547201	10.852402	11.545691	11.076559	8.710720	9.595539	9.765025	9.649666	8.909305	8.019242	9.511511	4.872990	10.792462	10.256993	11.075694	10.696338	8.656260	11.380471	10.357440	9.360218	9.595365	10.689477	9.170075	5.727363	10.284031	8.417451	7.174191	6.884009	11.430897	11.532000	10.749579	11.398327	10.649452	7.818215	9.501386	10.936307	10.735902	9.772361	8.179454	10.933162	6.991339	6.108972	8.322468	6.240317	11.030097	9.489039	3.327310	9.765461	7.130048	10.505369	11.546088	4.713784	8.659084	5.045506	10.315223	9.063884	10.947823	10.968735	4.696765	9.723157	10.654515	8.294315	10.760327	11.274635	11.542020	10.716719	6.149941	0.000000	10.250802	7.619429	11.328436	9.545564	9.217020	9.158952	9.017763	11.549840
11.357729	6.925063	11.049262	11.536155	11.086059	8.081870	11.519857	10.459549	10.982966	10.371638	4.831004	6.873633	9.190177	10.478249	11.320694	6.364607	9.941298	11.418134	10.144204	10.400860	10.601548	10.595002	6.901590	11.003891	11.197563	11.155833	8.742809	11.303718	10.257728	11.418894	11.549523	4.058954	8.468283	6.553027	6.086702	6.264716	11.110729	10.147394	11.191684	9.289153	11.298584	10.967959	10.538485	7.564990	11.397546	4.463902	9.876431	9.348298	10.126304	8.942129	8.708311	11.194048	8.019567	9.413986	8.593287	8.068646	10.581815	6.405986	7.356204	9.666448	10.843456	8.814331	9.595780	10.196200	9.951188	8.876341	7.201938	10.082035	8.541846	11.434227	9.141180	10.500407	11.373080	10.302502	10.761892	11.506158	10.543446	9.404991	11.007436	11.532109	11.185518	10.522662	11.216643	11.282546	9.912584	9.250652	9.262175	10.458253	6.378846	7.156322	10.284194	4.009514	9.950303	11.032680	0.000000	10.948999	10.945765	5.999587	9.969402	11.538846	9.719532	8.285141
7.495576	7.730651	8.924976	10.974126	11.525092	11.404358	9.156149	11.231586	8.948560	6.396930	10.624405	8.390355	9.434401	9.902039	11.536946	11.438928	9.114951	11.532761	10.577792	10.898645	8.758418	8.920126	6.886026	10.782159	5.936714	10.970913	9.867437	7.680095	8.871335	11.460944	6.700162	6.062819	7.822607	2.954103	10.381673	11.324731	9.682210	4.534665	6.911214	8.172215	11.534083	10.347882	9.083383	9.114125	11.145358	8.921818	9.759770	9.860471	11.243704	9.993782	10.006630	11.127512	10.356840	10.581018	8.136714	7.553135	8.283186	10.087284	7.270666	5.833626	11.473897	10.971277	11.403340	11.338724	9.996347	9.621075	4.507894	9.035068	11.376810	8.206301	9.129523	11.368279	9.874787	6.238129	8.922277	6.350246	4.439395	11.516309	11.259383	7.667278	10.352272	8.546742	11.491198	9.788722	11.527109	9.539942	10.694025	9.226981	5.480675	5.837711	11.188408	6.860574	11.060644	11.353159	9.070363	0.000000	8.328629	8.548952	9.791029	8.430270	11.089999	11.410705
5.877866	11.192533	11.056632	6.406892	8.952303	11.433378	11.455186	10.683053	3.660250	11.278595	8.370821	7.113316	10.228667	11.460424	7.963589	10.780280	7.943469	11.396056	11.112041	4.683481	10.346650	10.738898	6.621670	8.913107	5.717777	7.441695	8.827665	9.377588	10.476407	5.401157	10.389066	5.751507	5.930589	7.348379	9.478859	10.770490	11.524457	10.510642	10.633352	11.538547	9.436351	10.312843	7.396105	11.458455	9.895092	11.470844	11.407346	10.071233	11.439835	8.022970	9.014473	7.813773	11.533897	11.182257	8.700647	8.947092	10.047797	10.046197	9.957184	9.947708	8.966508	8.470789	9.571241	11.365712	5.950969	9.950925	11.492623	8.964971	7.595205	11.074981	11.190435	9.058836	6.853615	9.547454	11.532154	5.205002	11.262027	10.645949	11.485288	6.477657	11.045580	11.118890	10.655339	11.189052	5.534567	10.178336	11.473206	11.503793	5.962708	11.405788	11.097193	11.435113	8.904049	7.745555	9.589248	10.643277	0.000000	7.440218	9.253416	11.153776	8.615878	11.531520
11.174196	10.506874	7.308115	6.220311	7.308735	11.049953	8.421299	10.473904	9.986661	9.236204	11.189262	11.009680	11.319729	9.068275	7.110351	7.171738	11.057593	10.688920	8.474941	9.090310	11.431059	9.161362	6.574539	8.387495	10.322787	11.418538	8.193121	11.123908	7.488407	11.491866	9.157224	11.440387	8.797262	5.333322	11.503072	8.057573	10.341345	8.960804	8.988849	3.802285	10.254138	9.086262	11.265143	5.951856	10.469966	11.488432	10.512791	11.114415	9.716979	11.058541	11.502919	10.536329	10.802522	11.269593	4.076520	8.849667	5.999412	10.601056	11.022914	8.692506	8.038440	10.375501	11.295147	10.987474	8.254323	10.981246	11.233379	11.452766	8.452328	11.344900	5.433769	11.514420	9.131454	8.114468	11.198456	9.994717	7.669188	11.137355	5.505776	7.907696	6.151297	9.294137	10.497632	11.437522	3.928131	7.886786	4.948696	8.862201	10.672715	7.345029	10.756008	5.098418	10.315767	9.712705	9.457876	11.441825	11.014634	0.000000	11.131324	6.934325	11.410378	9.839886
9.561061	11.094181	10.510162	6.880482	9.224294	9.994732	8.962912	8.897050	10.755470	11.157831	11.428914	2.916657	10.789939	11.419941	11.112158	11.456082	10.806211	11.393846	9.300992	9.993669	9.077457	10.639010	11.291311	11.484351	6.797376	10.594257	5.155458	7.120488	10.396891	4.740950	9.988713	10.529791	11.432318	7.807852	6.574759	9.637860	10.472248	11.294163	10.387751	11.414415	10.398005	11.398547	5.474050	10.464347	6.641040	11.349004	9.841460	7.710323	10.138460	6.039577	9.437441	10.876130	9.713248	9.661674	10.113568	10.551360	9.889555	9.868307	9.554272	6.608468	11.027529	11.395673	11.522739	8.268576	6.276155	7.456363	11.187176	11.038993	10.437544	6.714592	10.177661	8.567103	9.699920	5.338324	7.012405	11.136947	7.311825	8.867896	9.549631	10.310514	11.459412	11.400234	8.572652	10.012628	6.502751	7.951171	10.741051	10.998017	6.882110	9.022636	9.474613	5.021907	9.159463	7.701143	9.896318	8.666840	7.601877	7.487291	0.000000	10.818258	9.668953	11.368450
10.738239	10.975628	6.634188	11.430695	6.275450	6.345277	9.259133	3.881107	10.213568	9.232462	10.101925	8.290658	10.881833	10.040077	10.266406	10.293987	9.959381	9.227085	5.395310	10.903096	9.356687	10.677827	7.430087	9.023445	11.076654	10.951606	9.906961	8.148625	7.973730	11.405577	11.361406	9.865478	11.427160	10.464316	10.405093	9.444804	9.061607	8.944921	8.104651	10.920196	9.769528	11.519414	3.935292	9.374285	10.879206	4.660396	9.169384	8.198748	6.781542	11.489318	10.646669	11.139600	8.784524	10.872205	11.307509	10.222043	5.769689	8.907796	10.445905	11.180528	9.374044	11.449827	7.410799	9.938648	10.899026	10.420384	10.359487	10.918413	8.333301	9.425217	7.813495	11.031399	4.404845	11.049216	8.588318	8.204464	9.743771	9.386779	11.020736	7.908873	11.455625	11.485577	8.771130	11.413134	11.513917	8.259587	9.727409	10.252136	11.355070	9.518345	10.456610	11.016816	5.234071	10.063533	5.842604	10.778271	3.244199	9.742003	8.007876	0.000000	7.447270	2.749053
11.451672	9.883745	11.285000	8.468798	10.459538	11.004458	10.449571	10.806977	9.202994	8.758142	8.231702	10.942487	11.320286	8.720005	6.660467	10.022833	9.589090	7.461169	3.575471	11.430168	10.614556	11.382457	9.838278	10.557404	5.919883	11.257090	10.224264	10.507549	11.232733	7.639704	9.526014	11.403075	10.045218	8.263952	6.747272	7.978496	9.814762	9.945728	11.455900	9.073933	11.336146	7.581399	11.546926	10.495938	11.528688	10.972605	8.883587	10.721132	11.174056	11.096694	9.529685	5.659453	9.498579	11.079498	10.148696	9.780861	11.278212	8.454353	8.831157	8.797022	8.600833	11.072846	11.247916	9.403542	10.542909	10.527088	8.622621	10.961901	10.681196	11.271844	11.251094	11.358378	9.397310	9.449523	6.863844	11.452045	11.130814	7.687104	10.920612	10.131656	11.317291	10.909475	3.018284	6.229259	3.119718	7.806375	9.924049	7.388819	10.284630	11.343759	11.337474	11.203640	8.589450	11.275648	11.388289	9.540068	11.534843	11.015839	9.800327	5.444140	0.000000	8.652228
8.226332	11.476588	6.168600	10.101114	6.905780	7.761851	11.136056	5.180461	10.198241	5.254989	5.905313	11.170892	6.698814	7.279260	11.033558	5.918034	7.115615	10.963098	10.373239	9.656066	8.017875	10.047933	11.213219	10.324653	11.159065	9.365891	11.050893	9.629892	9.986924	11.202498	10.617792	8.611024	9.635908	11.157671	7.784933	11.095194	10.286525	11.359953	8.806083	11.214577	11.252373	9.067756	9.917659	10.040784	6.534296	9.387214	8.379827	11.440528	7.214918	9.180875	8.568747	10.177097	11.182232	5.512058	6.286729	7.734453	4.851633	8.373418	7.304424	10.620502	11.506234	8.736746	10.240017	5.245869	10.573519	8.651129	8.845188	10.617813	7.136935	11.505081	8.867307	9.729806	10.200344	9.893580	10.673769	10.251658	6.246678	11.001914	9.151016	5.958862	10.901857	10.587476	10.971166	9.531813	10.643242	10.608265	10.119687	5.455344	11.366995	8.971085	9.363405	4.270157	9.286189	10.552937	5.762817	8.893854	7.581915	10.172643	8.525563	9.273894	9.354956	0.000000
