4.350468	7.221008	3.039759	6.701808	3.556806	3.976532	3.904317	9.105446	4.021033	2.898259	4.756349	5.944448	4.905459	7.368695	2.040177	3.777716	3.320505	2.134715	2.657651	8.260831	3.761938	8.655110	7.869979	4.474239	2.928225	5.081044	4.130100	7.460925	7.048669	5.275121	8.483882	8.871575	3.006938	7.873078	4.250394	5.055228	4.941298	4.093346	4.927566	6.859255	6.682537	8.622601	4.106308	3.772673	8.703356	2.129218	2.377589	2.123000	3.851234	6.961663	1.953000	4.201978	3.472184	6.365038	6.718058	8.356734	6.679423	3.713130	2.164517	5.065684	7.162285	3.642832	3.977122	6.804234	8.362870	6.370727	8.708655	3.369055	4.174407	7.204756	6.597245	2.335650	5.761096	2.663332	4.988024	7.936329	2.291959	3.740298	9.044869	5.816248	8.533795	7.579939
3.044807	5.551659	9.181798	3.101598	3.557187	4.223851	3.709682	5.653867	6.450522	8.463886	4.001840	7.787221	2.659884	7.789788	5.072669	5.535192	4.458800	5.628310	6.381406	8.928580	8.951872	9.252865	6.222958	3.197670	4.214680	6.217157	8.267566	6.314728	2.921012	9.182293	2.411728	3.882932	6.171220	7.168722	8.001488	3.115368	4.668487	8.969200	4.940203	3.818107	7.755163	3.802054	9.146095	8.059826	3.836722	3.787623	6.209831	2.727670	6.097406	7.654992	4.045739	2.087190	9.227437	2.893348	2.304626	3.673558	3.209185	5.421646	6.721428	7.821504	3.939310	6.587283	4.660981	8.840456	8.971949	6.466557	9.170049	7.981561	6.884396	7.156569	3.997062	3.652030	8.843466	6.796962	5.222145	6.284314	2.308516	4.467191	6.332738	5.992200	6.518969	7.853912
2.127737	3.894976	2.549424	6.351511	6.834813	3.311626	5.218436	2.860258	4.664825	6.659545	8.954634	6.382981	6.440563	7.316828	4.449726	7.893168	6.254530	6.949233	7.263838	3.480767	7.871279	4.457367	7.440341	3.743680	7.106798	7.524094	4.748006	7.357151	3.531746	6.622635	8.104890	9.243117	7.951605	7.175062	3.137142	8.562279	5.369314	3.885791	1.891490	4.857973	3.716139	9.254720	1.876687	6.803808	4.179640	8.631612	6.396995	6.137775	7.042962	5.731758	6.508767	6.297986	5.630480	3.289870	2.725923	8.818611	4.898683	5.499995	5.056066	8.722269	5.242366	2.835266	5.596827	6.766489	7.626937	3.199112	4.547032	6.580576	2.872504	5.161134	7.442686	9.017116	7.341654	7.148081	8.154716	3.695481	6.150028	4.419270	8.419423	6.292065	7.044383	3.507518
6.764711	1.968224	2.425858	8.983028	3.354794	4.246829	5.407706	6.804922	4.530480	6.241669	3.737011	3.312394	7.180309	5.593512	9.101739	6.790541	4.362370	5.887067	7.621727	4.481733	3.167032	4.933171	5.370981	4.982152	2.774491	2.701737	4.561230	3.076020	5.053964	6.514464	5.443999	2.494363	6.465019	2.001373	5.481879	8.181574	6.944711	3.900840	2.252807	9.208823	1.889139	8.876973	3.620280	2.426610	6.111669	7.499139	2.614195	7.866847	7.657308	4.307757	6.463265	2.130814	8.049243	8.965873	8.334254	6.501974	2.368322	6.528184	8.824495	8.906181	2.228974	5.003202	3.899337	7.290730	6.561855	6.657361	2.060873	4.912869	4.901661	6.507673	7.223263	9.253847	5.858555	2.524106	2.677304	1.921610	6.951707	4.505360	7.182458	9.298375	8.656021	6.652285
7.604212	6.193287	7.667800	7.091005	3.212913	6.135110	3.278185	6.937054	7.458196	2.896855	7.238154	8.509043	7.222830	7.682195	9.038853	7.243391	4.024311	4.418917	7.058569	4.118037	1.973939	5.195329	4.115979	4.113423	4.914928	9.064216	7.099776	5.167362	4.368505	5.592319	8.302535	2.110240	5.997120	7.141644	2.380683	3.132855	5.193333	5.655125	1.905159	4.966860	1.988588	4.198930	7.521917	4.987104	2.572797	7.573515	3.015150	5.312823	3.710567	4.352424	2.537947	5.707752	7.269301	4.366760	7.149346	4.983811	2.040504	9.021445	5.026468	4.338134	3.544818	6.906664	5.330404	4.827750	3.108717	6.460320	8.212714	8.135960	6.262297	8.426167	7.017861	8.149849	6.396971	4.530830	8.029651	8.226484	4.490043	2.767019	5.862317	3.848204	8.942240	2.114780
2.000578	8.541420	8.475638	8.639655	6.497513	7.679467	2.481670	7.216324	3.218165	4.386729	2.402282	7.521126	7.336247	2.234073	7.276684	4.216647	4.401054	4.620764	4.976822	7.019095	7.522061	2.695863	6.139907	6.047904	8.007059	2.718280	6.472716	6.237585	5.408904	3.524297	5.549638	6.139044	7.182146	2.852176	4.874447	3.760719	7.995445	6.995940	4.535675	9.231730	4.361790	5.778060	5.065305	7.825008	8.605232	6.103204	3.564603	6.329757	4.039739	7.906544	6.311315	1.918855	8.281718	7.089100	4.592890	4.758510	6.521233	6.863794	5.686248	7.599615	5.207182	5.970052	5.780747	4.230258	5.349690	3.572480	1.927713	2.944924	2.188275	2.062942	3.239694	7.164235	8.382449	4.700454	6.034975	4.260280	8.725570	3.603653	5.025664	2.004553	9.005780	3.730859
3.059460	4.494914	7.226587	4.643714	3.764823	8.401500	5.813492	7.021613	8.896368	7.948380	7.753908	6.934538	8.385788	9.234154	3.723974	2.379793	2.155166	4.301014	4.361135	7.422573	2.413075	7.887899	8.791841	4.881639	8.367543	3.602668	6.327948	2.961325	7.038735	5.570652	7.065110	5.157061	5.245086	4.928779	7.251476	7.209795	5.608393	1.929019	8.473550	7.750088	6.534312	8.047524	3.579894	5.795265	3.316963	7.450272	5.919916	8.371608	5.726908	4.663501	8.948375	3.787008	3.225247	7.765903	4.974112	4.573197	9.190936	6.995098	2.256223	5.314426	4.220944	3.604583	3.007438	8.844045	6.081708	8.964012	5.324254	6.651946	6.001046	7.410700	2.155238	8.482486	8.646295	5.676511	2.427717	3.809892	5.784866	3.880524	1.940926	7.399629	8.024107	5.000506
6.843493	8.037617	8.827497	5.739731	3.066755	7.898116	9.294713	5.056338	7.730235	8.725131	3.609931	7.427052	4.245578	7.039730	4.191071	6.867511	4.671249	8.027069	5.973214	6.500989	5.088651	8.098384	2.882544	6.975101	6.564133	5.824166	2.378902	7.258096	6.999293	2.489698	8.515524	5.209721	3.778022	5.092330	4.730836	7.465270	8.194200	4.797708	3.894719	6.369266	4.319825	4.388926	7.720874	8.330604	7.036255	7.064769	8.267922	2.632646	2.124406	6.786481	6.797320	6.997548	8.935445	8.766768	4.662143	3.106475	5.859242	4.158100	4.769954	5.817814	8.043169	7.841420	7.928654	7.291252	5.296619	7.423785	3.309287	3.270979	4.074266	4.296054	8.136257	4.018648	3.601900	6.115344	5.038764	6.578888	8.192731	7.903789	9.199448	3.019159	2.772990	4.153118
2.455211	6.070082	5.428456	2.177595	8.247761	1.860099	9.148748	8.371624	3.569694	6.644774	8.513818	6.133670	3.470764	2.419051	5.769322	6.685988	8.215435	6.220031	8.578688	5.767309	6.515600	4.652468	5.150529	7.296809	8.126910	5.892229	2.008170	3.951896	4.747767	7.666984	8.032834	8.263466	2.207887	3.590022	1.907346	7.243485	3.687832	7.558043	6.680099	5.518148	8.043349	6.659937	2.681278	2.840759	3.077373	2.298221	4.570756	8.785000	7.004014	2.282718	3.084210	2.999767	4.303588	7.274668	4.370161	8.782532	6.009971	8.109241	3.335967	2.880062	7.208679	2.508249	5.932255	4.527781	3.990588	6.701808	2.685185	6.175051	3.757951	7.078848	7.910320	6.123664	6.187960	6.613372	6.053302	1.886531	2.076481	7.136006	2.795355	5.398743	2.958371	5.783121
7.764611	7.057524	8.240229	6.898901	3.675465	3.696649	4.584326	2.725587	3.966752	8.759874	4.176755	5.315850	3.837435	3.332380	6.595072	2.450315	3.392464	6.899519	3.843922	3.221486	9.198121	8.407044	6.350761	2.485850	8.982716	6.795774	6.484751	7.960543	3.581319	5.282763	3.991878	9.109290	3.045949	8.779780	5.033594	4.444929	8.257588	6.845980	5.280356	7.350625	8.454081	8.190675	5.397841	9.225843	5.286985	6.718891	7.426216	4.421257	2.345994	9.068482	7.841566	4.486084	5.837837	5.378932	3.914329	7.615767	6.340520	6.438677	8.411361	7.937150	4.095507	2.969358	2.395400	7.267681	4.914821	4.994880	6.421477	7.684722	8.655026	3.799068	8.311627	5.524745	6.758326	7.644647	1.992277	8.014008	5.152335	5.615639	6.696286	2.001114	6.538296	4.183619
6.079727	3.023367	8.748290	2.649046	5.154684	8.626088	4.852795	2.834210	9.038650	4.940879	3.856536	3.524175	6.613149	6.767468	4.115279	6.923240	3.948167	4.726203	4.433681	5.213259	2.981798	8.647104	6.044131	6.568153	9.273474	2.463190	6.946734	4.566418	5.969946	6.056253	6.920239	2.646439	8.986133	2.267364	3.821012	5.788459	6.584469	7.193210	5.569689	6.080786	2.192203	6.039416	4.129990	2.368397	4.561373	5.460242	5.205301	2.746070	2.792790	4.972708	4.181532	6.006413	6.022243	3.259097	6.144249	6.346301	8.003560	2.649505	2.251608	5.865607	8.679788	6.608914	8.572637	6.078107	2.812052	2.397152	5.297556	7.644280	7.331671	9.008941	1.887231	6.100071	2.741364	5.626191	3.233850	8.242055	5.610288	6.010550	3.634879	5.337831	5.343510	2.739133
8.791427	3.824715	3.080824	5.008505	7.942768	3.157750	3.984400	8.449643	7.996756	2.587020	7.303990	7.459484	8.374982	2.378922	4.477706	5.774542	6.759021	1.963144	3.425454	8.866962	6.168627	4.503904	7.880798	4.783338	3.230279	5.908936	2.877507	2.238354	8.362857	8.227258	5.186162	8.013708	5.017505	6.276104	4.446965	7.499032	2.708441	5.141820	5.864520	7.524899	8.746380	3.730752	7.674300	3.091596	2.940129	6.247212	9.169834	8.438152	3.755199	4.418127	6.776232	2.296837	6.035173	5.122535	3.313123	2.036705	7.352976	5.737369	4.407524	2.845326	2.946219	8.765417	8.964349	7.992651	8.574468	5.761596	2.701146	6.673177	6.157894	8.147084	9.284635	5.776340	8.925192	3.642909	6.238979	4.005891	7.085897	3.436480	8.162034	5.345869	3.274746	7.807194
1.941361	6.925910	7.036165	2.448967	7.614687	2.976976	1.874454	9.262149	4.256700	4.792758	3.039760	3.079501	4.074332	3.105048	8.720276	8.820287	2.066180	3.041539	5.857337	8.101559	3.478249	8.855555	3.300134	2.617545	3.123323	7.625787	5.416317	6.603696	7.508997	8.370090	1.939214	6.444968	3.117133	9.140192	4.860434	8.976817	6.365926	4.667482	6.775604	2.625885	5.799045	8.040876	6.047062	2.690505	4.975023	3.381969	4.910413	4.781079	6.780850	4.567848	4.183886	3.861316	6.979875	3.131192	2.024846	8.509411	7.422605	5.405357	8.282248	7.828250	5.422138	3.307481	5.633596	8.371127	6.115242	9.216218	2.030789	4.895712	9.294513	6.780416	2.029362	4.252755	1.867261	4.426710	6.952159	7.377616	6.818396	2.470124	6.256746	2.641780	5.358889	7.707641
3.049109	7.160580	7.538919	4.272732	3.072904	8.136671	7.239432	8.213561	8.405775	6.889516	3.260548	4.433968	6.695017	4.130345	6.874165	5.026683	8.737597	7.894991	3.034890	6.106527	8.286045	8.971454	8.195804	3.709445	5.090526	8.303525	5.691117	2.616420	8.200128	8.044799	5.453625	4.633545	4.274953	6.255889	9.111189	2.878603	4.053475	3.703139	5.043156	3.408874	7.248553	7.871555	3.164444	7.313098	4.624873	3.610457	8.632482	3.509866	5.483975	2.911516	1.968457	5.253119	8.743203	3.950530	2.501250	2.818022	7.407305	8.898882	1.990218	2.123295	8.430001	3.516911	5.111617	2.857239	2.511339	4.149825	4.028400	6.167338	4.165681	4.250243	3.347727	6.273932	6.368124	2.692743	8.388624	4.157970	5.941998	3.427529	6.479934	2.899337	6.339644	8.732578
7.811533	4.115478	2.470796	7.460363	5.817193	7.475691	4.763560	7.813253	7.636989	5.773019	2.860389	3.006729	1.968428	6.157422	7.167976	6.050584	6.257385	2.744847	2.474648	2.893588	5.152492	4.022662	2.253135	1.956417	8.535936	3.699218	4.218870	2.255925	7.895377	4.131429	3.555388	2.747118	7.450473	2.746871	5.916708	3.668783	5.019721	2.463932	2.625249	6.131478	6.463640	4.973708	2.943914	2.992570	5.880676	9.293938	4.950579	3.555362	3.544694	2.091283	4.976041	6.218976	7.050809	7.974994	4.051708	4.692482	3.569706	1.895336	2.214924	8.405887	3.971003	7.058787	8.075526	6.583095	5.115609	7.261711	8.746660	5.222951	4.105473	3.400746	3.834531	7.882665	2.891981	2.790657	7.053217	6.284362	4.306886	3.709737	6.413166	2.666673	4.395097	5.261637
8.287351	8.449339	2.764306	8.447663	2.343686	7.517561	2.624309	8.475225	3.395233	7.769347	5.953751	6.443522	6.062502	3.915859	8.034351	4.959979	2.196229	8.537404	5.573587	3.994924	4.728205	8.825856	3.188558	4.348256	7.858605	7.849629	4.811548	3.586881	4.351677	6.322131	8.546208	6.606332	5.184890	9.030225	3.472981	6.807947	5.245440	4.365271	2.721828	8.873586	6.078897	3.019548	2.724914	5.927796	7.591533	8.068404	6.425102	7.942156	8.219468	6.406091	4.706511	8.020836	9.111010	9.183222	2.393663	5.379647	3.561548	3.602950	3.277868	9.028794	7.465571	4.648700	4.398833	6.387419	8.913956	3.380792	6.219349	8.719426	2.027546	8.408630	6.913858	4.478809	7.406295	1.926704	6.574840	9.008806	7.417132	6.675091	7.977282	4.955802	8.858996	2.592976
2.816611	1.892379	6.191082	6.704061	8.613001	2.994303	3.074888	8.486383	8.378180	5.014672	5.657890	4.405584	8.821135	6.417296	2.207456	6.715993	8.460382	2.309824	6.252067	5.382481	8.356299	5.962565	5.004781	3.570424	5.987305	9.099801	4.546634	9.223238	1.924033	2.987787	1.948650	8.372941	6.272675	6.396616	3.577537	6.403389	9.203381	4.947595	2.161871	3.351617	2.517649	5.589193	8.505422	6.648152	8.316494	5.372509	3.912778	3.794212	3.769810	3.170359	7.888720	8.117641	2.443452	4.324773	3.610579	9.253751	3.503869	2.597923	2.687060	6.739400	4.617266	7.931591	3.742042	2.271664	4.762574	8.221769	7.334321	2.991783	8.113507	7.909531	2.676068	7.392662	2.462905	4.113853	3.075690	8.702641	8.033131	7.902520	4.072889	2.817977	8.634810	6.671520
2.280693	1.984078	8.923503	7.861550	5.498313	4.803315	2.001149	4.542807	5.188651	3.655878	6.228537	5.106711	3.374110	6.363424	8.692401	9.168742	4.367640	8.066648	2.752963	6.452314	3.235359	1.922986	8.749293	2.610713	6.937214	2.065213	4.075645	5.536134	6.529436	4.745500	5.988865	3.540409	3.089200	2.687481	8.210983	1.881183	6.611545	4.741132	6.032393	7.933133	8.885288	2.370798	7.754067	9.046799	3.833960	7.777317	8.705360	7.544356	7.779044	8.547026	3.890621	3.319659	2.787642	3.362594	6.161890	2.732449	5.007432	5.060403	3.342781	7.345352	4.273088	2.673540	2.734120	7.628657	4.061833	7.282251	3.846602	5.006581	2.938741	7.475481	4.833208	7.548929	3.272066	8.658542	4.972059	6.524942	6.212416	2.330668	3.706592	8.192445	9.099910	3.452471
3.978547	4.364816	4.816062	3.612229	5.264798	3.060671	4.546773	6.473408	3.365645	8.633423	7.953534	8.428228	5.259262	7.788813	8.093400	5.118299	6.280960	2.856503	5.024574	8.726114	4.169698	7.833294	5.877868	9.140147	6.748165	6.765526	5.270512	2.868037	4.853436	7.259307	5.395589	2.428181	8.947393	5.422495	3.680298	5.691195	7.795511	6.470710	6.819195	8.543474	4.039631	8.323370	9.122938	4.605702	8.674761	6.049061	5.115097	5.219137	6.246796	9.101588	3.274594	4.002779	2.507134	4.013123	3.409524	6.551677	3.078891	6.108925	7.438292	5.351290	7.838063	5.849848	3.079594	2.936449	6.548545	5.321905	2.946853	7.887342	8.579565	9.200136	9.286797	3.117967	4.802788	6.744958	4.171148	5.784276	3.136870	4.430910	4.276111	2.463106	5.499748	4.336322
1.921957	2.764346	8.069539	4.466894	4.194909	4.905512	2.327322	8.680455	2.820578	4.479982	6.531402	3.311570	2.438875	7.223985	3.801660	5.951087	7.752566	6.231913	6.726652	3.460778	1.877756	9.201389	8.480844	5.886944	9.197648	4.228946	7.301748	5.758023	3.720505	7.285228	8.497681	6.258121	3.825603	2.371712	6.496816	7.623954	8.177756	7.670979	3.314242	6.451795	6.762373	7.503282	8.819099	3.206789	6.835453	6.927924	8.255362	3.244091	6.142813	6.795213	4.392145	5.009381	8.199171	6.579545	5.556869	6.414213	4.150566	8.213062	5.315587	3.710029	9.059301	3.005136	3.893202	2.314042	2.247839	1.926480	5.009717	2.191411	4.141292	4.480711	6.121871	2.151131	8.621528	6.716270	4.183728	3.483852	2.341428	4.905466	6.506442	7.865159	1.864978	6.445114
7.024583	5.169782	6.539633	7.494494	5.296571	9.074571	3.219303	8.747949	5.595810	2.400203	3.974072	2.851327	5.022312	2.017687	7.944670	6.581333	6.313758	8.710739	5.491587	2.194795	6.665952	6.410220	8.978731	2.941245	6.456792	6.460251	3.895844	7.475995	3.112754	8.194324	5.204149	4.902027	5.963775	1.913966	8.563740	4.760896	5.094990	5.092342	2.362528	5.723325	3.642977	6.329543	6.234639	9.217394	6.585791	2.895823	2.493166	5.569802	3.632599	2.204665	9.019685	2.402065	6.321382	5.050341	6.299397	9.157919	6.191237	3.447280	6.847114	7.815761	6.687369	3.330729	6.727786	7.975377	2.149663	3.312542	6.525205	4.270830	2.488133	6.311422	4.774849	3.777842	2.034217	9.212558	5.976393	3.466738	4.271067	8.411822	2.735404	7.863152	7.560172	4.830617
5.257724	6.774480	7.096340	6.376812	2.850415	6.891541	3.313586	9.121053	3.667062	4.025601	3.125928	8.315251	3.991303	3.326934	2.904640	3.316417	3.783511	2.581516	2.207978	8.641809	3.500811	3.087210	6.430893	8.343470	6.436427	6.802873	5.873903	8.658863	3.573966	9.042801	4.448993	7.405917	8.324942	4.174405	8.496670	9.232217	3.141588	1.918943	6.387483	4.036716	5.172400	2.598024	7.451038	5.667777	6.515284	2.572289	2.359704	2.805096	3.444665	6.290073	2.533525	8.792497	2.137805	2.368558	3.212131	6.214979	8.995210	4.303829	2.890428	8.322119	8.875734	3.815069	7.818514	6.391445	2.591386	8.674113	6.993206	5.107866	9.253176	3.699149	7.980084	3.033395	4.674664	5.840774	6.502188	9.102092	3.754724	4.102794	2.144938	4.506640	2.710683	2.905739
5.070658	4.580628	6.852038	3.907372	8.624411	4.407289	6.991166	8.434431	7.595566	5.182560	3.505671	5.461663	1.910667	2.434858	5.619734	2.475339	9.118888	3.954587	7.428366	2.282641	4.727267	4.608833	4.369076	3.095899	6.072129	4.114148	2.347151	6.989477	6.353310	6.437136	8.726192	7.877274	4.240430	3.788967	5.869754	3.511516	1.917026	3.693022	5.812166	8.354592	5.163112	4.078668	3.155426	4.337274	7.397546	6.702745	8.031846	7.977727	5.235135	6.741563	4.442035	6.379621	6.025071	8.564420	8.566573	9.156015	6.416568	5.940285	2.077470	5.750324	2.915606	7.124183	2.043125	3.056287	4.643698	4.712258	8.349267	2.693778	8.623945	7.390563	4.854249	1.906264	8.569965	4.283288	2.527194	5.857347	7.510951	5.175445	8.530640	6.323638	6.339577	6.739432
9.278952	5.429198	5.403448	3.010199	3.472099	2.868885	2.952654	6.313333	4.361567	3.510495	8.000059	4.129931	4.435870	6.499877	2.733668	2.195308	5.341491	3.123629	6.505965	5.697660	2.827163	2.956702	8.993612	2.486929	5.078507	4.703807	8.008251	3.995040	3.806324	9.191861	4.542577	2.829083	7.426535	2.381707	2.214217	2.372098	4.405578	5.749290	5.589767	5.590603	6.117295	3.380554	2.464982	6.499596	3.975469	7.537790	5.088241	8.081930	7.363853	8.185393	3.469539	2.800614	4.720592	2.386565	3.731280	8.807167	2.798379	5.703802	3.333958	4.076649	5.345756	6.827841	7.527360	2.195607	6.108869	4.582859	9.284683	3.328756	3.855611	9.149591	4.567983	3.388740	2.232482	6.740977	5.437652	8.592953	5.407850	4.847442	8.238521	8.022789	4.338818	2.459835
7.512308	5.758845	7.226808	9.031930	2.674081	4.885115	8.910783	1.985365	6.899559	3.443701	3.391195	4.596434	8.055389	9.277902	4.220933	6.356716	5.999768	6.100236	4.408567	7.177553	7.642594	9.095845	4.545095	8.207947	5.887520	3.725391	6.612007	4.080238	6.011760	8.424016	9.286946	1.962519	9.284883	7.622840	3.155595	6.623018	4.004775	5.930123	4.777568	8.871138	5.790735	7.858443	6.010597	8.955790	3.453268	1.996998	9.120362	7.337152	3.327605	3.384938	2.800019	2.703071	8.042572	9.173316	8.336072	8.673001	3.564365	7.807496	8.071295	2.298352	6.826802	8.581663	1.957667	5.086114	7.792750	2.552050	2.444480	7.072949	8.514436	4.063646	4.048870	4.310978	2.031669	7.952077	5.188252	8.497048	7.682017	6.755018	9.007472	6.610704	1.937754	4.323009
7.658170	8.973117	7.474869	3.152935	7.817837	7.252660	8.930383	4.450097	4.058893	8.563977	3.528267	5.670923	5.502349	4.626190	5.061431	8.341142	5.049488	2.897372	5.780937	2.716743	5.112908	2.091210	6.018504	3.696412	3.891732	9.211153	8.908371	3.682925	2.063720	2.689526	6.908923	8.274021	4.588879	7.641911	5.589383	4.584049	4.599637	4.711885	8.399532	7.157467	5.102812	6.470000	7.764049	7.841924	5.587771	4.018549	4.457457	7.725792	6.680719	3.039517	5.457077	7.276701	8.331725	3.368523	4.853286	3.507094	2.824921	5.189396	6.489061	3.224199	8.556280	3.684424	8.943495	3.604828	6.303275	5.351308	4.045064	5.537663	9.231341	6.692891	7.967620	9.279780	3.791618	2.687037	6.540902	3.836924	6.353541	7.490319	5.543531	1.866535	4.756540	5.424721
2.719032	7.649441	3.453848	7.817315	8.501360	9.142370	9.247933	7.033963	3.565674	4.094565	6.316419	5.341641	3.508773	3.090438	4.455634	7.736496	8.171684	5.907518	4.305829	3.151645	2.040092	5.946683	8.165985	8.789659	5.356127	2.967067	7.427430	5.082799	5.893502	4.081657	2.494799	3.772414	9.119661	8.282336	4.597483	7.879586	7.966058	4.676934	4.398651	4.678141	6.553756	2.698956	8.276536	2.847799	8.652445	4.879332	6.836914	6.081643	8.186391	6.223828	4.550973	3.811638	4.278073	8.274199	3.271764	3.041912	3.750166	6.361691	2.917152	4.006168	8.644240	9.116386	2.671700	7.946538	2.825235	4.916964	7.101281	4.919540	5.356908	5.648847	8.439340	4.749187	5.148722	7.989968	4.502970	2.730544	8.099812	5.291821	8.191251	2.374914	8.511074	3.084552
3.072439	3.446733	8.522707	4.106615	6.266555	7.015809	4.402173	3.065878	8.026414	6.223701	5.214580	2.244910	7.874637	4.018835	2.089117	6.738951	7.281582	5.199153	7.445991	2.689167	5.228924	3.034251	2.362406	7.315944	4.109629	4.012668	5.061479	8.294160	8.255593	6.571950	8.969810	7.463053	7.481446	6.266058	3.315177	7.442171	5.548952	3.679769	8.289439	6.496946	6.798686	8.938097	6.940925	5.080254	4.530336	4.263114	8.691329	8.863187	1.897787	5.627088	9.143504	5.660665	8.210445	7.244184	4.985198	2.711533	4.500129	3.063298	4.117808	7.386928	6.392015	3.692714	4.199191	8.370541	4.402055	8.713396	6.915921	5.041164	3.624445	3.435008	4.461336	2.620993	9.252299	1.993368	2.023475	6.520252	5.175371	2.338785	2.496657	8.108988	8.798555	8.364400
5.456640	8.806725	5.667977	8.584756	5.325344	5.920737	3.325655	3.843221	3.019037	7.870214	3.353479	6.493559	6.219420	7.961795	7.897120	7.349980	8.381936	3.435833	3.300067	7.074930	5.101801	8.117336	5.029892	4.968414	7.593589	4.637393	1.869535	6.735083	8.055047	2.620898	5.891209	8.575099	8.992787	6.900905	6.795284	3.799622	8.278482	8.992075	5.629785	3.342400	3.888860	4.031004	4.628446	6.738949	8.233787	8.810328	4.438946	3.154381	8.275618	7.057784	4.510034	6.865958	6.755988	3.954824	5.360805	2.844276	3.847366	2.166693	4.277430	7.486502	4.657623	6.989323	2.226567	3.528622	5.694488	5.290187	2.752496	5.825621	8.517159	7.197392	5.097600	9.013754	3.297106	2.913327	4.664213	3.740360	4.711961	2.767053	8.279703	7.512699	8.802811	3.806818
8.143960	5.236105	7.592809	8.676669	3.725838	7.184373	8.299563	5.437532	5.917797	5.810097	5.427103	8.223224	6.824551	8.888784	3.299867	5.214238	8.102420	4.864046	8.551251	7.081317	4.127305	8.814952	3.361425	8.450079	8.906580	5.132216	3.249910	5.993874	7.930785	3.531609	6.360671	8.986744	4.929083	4.999004	5.879146	5.589030	5.822935	2.503899	7.642327	2.666456	3.684787	7.265586	5.804997	4.682807	5.153918	2.720530	4.732659	8.473678	3.327405	2.250402	2.954654	8.246207	8.462475	3.056288	6.887070	4.485127	6.785268	2.594901	4.568439	8.404683	5.140047	7.089565	3.668509	7.651295	2.366010	8.428768	5.997282	7.996253	6.411578	5.176009	5.948104	5.275293	8.243582	8.731732	5.121311	3.575215	3.764116	6.900352	9.004261	4.135162	9.204355	6.646529
5.415039	2.068993	5.661086	8.281664	3.388845	9.179063	7.178703	3.310810	7.967453	5.247767	6.089092	2.792476	7.238860	4.859306	5.969775	3.162600	6.182481	1.866032	6.530992	4.771453	6.223598	7.659738	5.790553	5.715083	5.056519	7.146379	7.289126	3.709513	8.899600	4.146570	2.064415	3.219831	5.626880	3.173018	8.061566	5.394211	8.575297	4.631610	4.922130	7.437966	5.828269	3.989433	5.799985	4.931732	6.291739	2.876378	5.769317	8.974111	7.030990	9.228160	8.258920	8.271028	9.054285	6.843116	8.987514	3.719032	8.354397	8.029820	9.271028	8.039018	6.097781	5.861417	6.345329	5.808375	8.133008	2.529147	6.660557	6.475555	4.947247	5.589695	8.223870	3.429136	4.859276	5.589659	6.498967	2.839104	2.716252	6.855520	4.294317	4.244610	3.686598	3.572112
9.259756	2.434748	2.391864	6.999406	8.027415	6.725847	8.803667	2.564483	8.124631	6.292336	5.750029	2.139516	8.484052	8.686345	7.168681	3.522316	3.962009	5.676893	7.869501	5.054784	6.793337	6.346597	8.727850	9.022021	2.522614	5.299401	7.735509	9.024972	9.039615	5.820290	7.851681	7.610195	6.135529	5.798059	8.117237	3.616183	4.776800	6.254294	4.640876	3.698973	2.891718	5.682162	6.753855	9.062803	2.707151	6.869083	8.332574	3.586843	7.562590	2.640735	1.946111	2.701623	6.817731	2.518407	4.600345	8.478026	2.304623	2.517796	4.320265	7.994720	6.237186	8.676885	4.600950	6.858543	5.267858	6.756197	5.259441	2.622867	5.664017	7.815227	7.001546	4.172054	8.782806	3.471222	5.239100	8.153689	7.897433	5.382256	6.217722	9.231467	2.107803	5.763199
9.011364	3.922511	8.774763	4.467553	5.927112	7.301205	2.577891	8.057048	4.639091	7.157256	2.771133	8.224252	7.172379	8.057867	7.637809	2.788364	4.874616	5.783926	5.394877	4.264936	5.077748	2.701379	9.069318	8.649295	8.360281	4.156809	8.012942	5.704049	4.831119	9.062476	2.047839	6.917245	2.661331	8.747851	2.722619	1.984472	3.962418	6.521200	5.255018	4.015706	8.734144	5.974660	5.490287	3.209667	5.498945	2.115518	8.093775	2.524628	8.301207	7.638498	2.072885	7.383613	3.060643	7.007362	2.210791	5.676206	3.512604	7.671122	6.489293	2.762304	2.805319	7.415967	7.220386	2.805692	3.197314	9.029638	3.118550	4.292494	7.654754	3.836488	2.103793	2.282197	5.122038	8.328062	6.837815	8.658414	4.182311	3.011941	5.290542	8.999677	8.481883	4.685362
4.524480	8.890016	8.621557	4.436243	6.273928	4.932625	3.679664	6.475722	3.134351	5.042491	4.808857	7.054185	3.254266	3.083679	8.982533	5.422753	2.106933	9.263456	6.149980	4.579110	2.691678	8.663670	9.237120	9.201722	6.390942	6.462577	8.184493	8.454515	3.753175	8.573247	8.647150	6.023122	3.096239	3.082419	3.266345	2.451164	4.140212	3.243838	5.092553	4.742793	5.562678	7.119366	8.944811	2.135488	3.499868	4.061430	2.762922	5.971437	4.797163	4.299871	9.103979	8.909216	4.555877	5.834373	6.645531	8.747950	2.442504	4.480859	8.105996	8.145697	3.427453	8.457941	9.237014	5.634232	6.296827	5.377883	5.979322	6.938383	2.813830	5.544772	7.537080	7.414464	1.863124	2.893229	6.990270	5.698519	3.175388	9.019571	2.672227	2.403936	4.849552	4.183965
2.194951	7.572419	4.016155	4.656339	7.597265	6.800613	7.910162	5.282930	7.366746	6.965093	2.967103	8.170821	5.182194	4.622262	5.979120	7.429142	6.176685	4.575515	4.111149	8.002256	6.935662	2.507360	2.972358	2.668154	2.562481	6.955793	8.204869	7.612811	8.129161	3.148092	6.099145	6.684779	3.822566	3.074331	5.104365	5.323788	8.892647	7.457263	6.581808	5.980072	8.360769	5.935044	7.136792	6.525235	3.588163	8.508200	7.975307	8.663447	4.141867	3.646283	8.848435	8.234119	4.088180	2.269491	6.431246	7.744423	3.180981	2.689673	8.298108	6.678540	2.565699	3.381879	7.166167	7.921717	6.214910	3.660715	3.002938	7.410461	7.516628	5.784378	5.454163	5.497301	4.373751	2.518343	2.768422	7.361166	8.316498	9.071673	6.592444	2.200745	5.535461	3.321288
4.616356	8.892070	2.918026	6.087506	5.920336	3.515130	6.212718	5.261692	5.000309	7.188973	4.102773	2.788592	3.902179	8.556543	8.800057	6.956864	3.361888	3.669957	7.753394	4.318038	8.911310	7.062733	4.191845	5.044151	7.163504	8.731976	3.153432	7.885453	4.839373	3.645564	9.199482	7.821012	6.208067	2.666850	3.699169	6.693221	7.934434	8.618160	3.687593	6.727451	3.429911	5.276234	2.809977	7.366591	6.109335	7.819918	4.618303	3.449481	7.069271	4.081807	4.513880	4.521117	9.107967	5.775048	7.305809	5.621051	6.687570	8.723089	2.317174	6.006694	3.492464	7.175427	5.345490	6.207874	9.082628	7.070375	8.010137	8.444759	3.391109	7.787999	3.882435	8.295328	3.140439	7.589275	6.497868	7.121180	5.298654	8.664456	2.151490	8.149335	7.286948	4.923445
8.172759	7.342327	3.636497	8.851449	8.779543	8.915339	6.334243	4.995029	5.215619	6.720248	8.155020	3.965320	7.093786	2.849918	6.562738	2.843851	2.015599	6.335698	8.503336	8.639891	7.299788	1.873835	3.906796	8.521119	3.307112	4.749673	7.865236	2.305434	8.485031	2.464997	2.238540	7.780990	2.778758	4.708883	7.848331	2.495819	8.490788	2.065407	6.109523	7.577592	5.436125	1.930914	5.401733	1.944472	3.190558	5.807138	2.507411	7.978031	6.233455	3.892410	3.615928	2.532304	6.862110	5.264505	7.345986	7.594255	9.141114	6.079243	8.583225	7.928622	3.848719	1.939311	8.986136	4.354703	6.292272	8.018282	8.035461	8.173313	4.642407	5.993434	2.089312	7.023435	2.739646	5.736101	3.480559	8.969992	2.048460	4.999404	8.359717	8.788695	6.945658	2.655563
4.558218	5.561175	5.367972	2.166250	7.918103	3.869732	7.143387	7.207485	5.687563	6.635929	5.152043	4.175031	7.430800	2.086396	6.109649	4.968368	5.653982	9.007962	1.988381	8.359870	2.679739	7.615165	3.523840	4.083521	5.841738	1.891760	5.256754	6.876942	5.638504	4.878696	5.469131	8.292626	6.243360	4.850894	8.556508	4.716191	6.041830	3.721600	3.729035	8.377273	9.294946	8.449559	3.292900	2.555673	6.076305	3.096905	7.911757	4.625976	9.148269	2.447023	6.091569	5.508595	5.300712	4.804692	2.049601	1.926401	5.377923	4.930743	6.646503	3.406208	5.489645	6.315376	7.852157	7.515924	8.976943	3.948172	8.907564	7.797317	2.040086	6.614584	9.123785	1.927552	3.781268	6.942065	7.838238	7.155984	7.257808	6.841756	7.184748	2.656053	7.156901	3.994096
2.659810	6.304683	7.651510	5.957553	7.710006	5.523837	8.728972	8.541326	5.858939	2.526740	4.907415	6.605811	5.878250	4.893219	5.478583	3.620811	8.061808	3.095576	8.206824	2.564291	6.295524	8.954462	3.758149	5.872026	3.383512	1.937365	4.771124	6.440415	7.160536	3.538025	7.857798	2.637664	6.097376	8.541238	5.012752	7.060692	7.338483	7.516024	2.723759	6.827017	7.378188	6.521203	5.216873	2.430165	7.580398	7.874042	5.837609	8.385477	5.920246	9.225281	3.552334	7.802096	6.946613	8.433495	7.793014	5.262711	4.676381	3.792026	2.527035	7.101466	2.209357	3.439983	4.466809	3.982152	6.041805	5.506936	4.932539	4.687674	3.257399	8.681714	7.859974	3.115222	6.742956	5.356037	5.509266	5.841980	2.097119	3.601833	4.852560	5.971348	9.037084	7.717531
5.637647	2.890728	1.965535	8.114430	6.234939	8.314905	2.634565	7.736999	1.961630	6.338639	7.214210	2.895299	7.369982	9.127478	4.948676	6.599820	4.950140	5.257660	2.044394	3.202750	8.114537	5.959863	6.624010	8.299322	5.402827	3.307733	6.994258	3.731621	7.706020	6.353739	5.735431	2.698374	7.370147	8.247686	3.810150	6.478867	4.253185	5.462467	3.939684	2.434540	2.083014	7.493094	4.219613	3.098474	7.522925	6.658790	7.919017	6.050398	6.632528	7.116763	3.413838	2.936402	4.817792	4.564267	2.261159	2.880526	2.178220	7.743684	7.779154	6.159137	3.317826	2.293427	8.121271	6.071464	2.341767	4.004256	6.019191	9.148074	6.143650	5.265317	2.099989	7.003095	4.186740	2.475008	2.777952	6.252652	6.568849	4.818537	6.657029	7.543421	8.313864	1.961794
2.853007	7.467905	4.547027	7.676425	2.424442	1.887881	4.462417	3.876929	6.085828	3.905440	2.893354	4.087252	7.975431	6.804736	3.017087	1.968123	6.589180	2.655011	7.953481	7.757447	2.052618	3.284398	9.164301	6.452044	2.301285	4.584370	3.928412	4.175571	4.213139	6.415285	5.939171	4.231388	7.430437	5.259248	3.126774	5.734659	8.006759	3.402702	5.053459	8.556571	4.101323	7.588501	8.559442	5.789345	2.619238	9.134734	4.216200	2.928854	3.520670	7.976679	8.947908	6.967213	5.509171	6.563835	6.430505	6.272259	6.050409	9.265078	3.040533	8.604424	4.041709	5.786413	9.165347	4.409791	3.400784	2.855714	8.670094	9.217886	2.555196	2.780955	7.585044	2.894760	6.590614	6.241186	3.655230	8.684876	2.886545	4.868509	3.588185	2.886893	7.782519	2.229579
5.113225	5.321962	6.644843	7.023082	5.777778	4.930134	3.821608	4.706850	2.590419	7.610474	9.274992	5.015124	5.242065	5.505902	7.736174	8.576059	8.075665	9.088564	8.993112	7.748084	6.538251	4.115282	5.179312	2.283362	8.756934	7.269870	3.199165	5.445233	2.439295	5.978227	4.500965	9.059901	4.114030	4.528972	5.251661	9.193684	3.914077	3.753966	2.200936	8.407117	3.399765	6.331781	2.122424	3.384537	2.661633	5.532519	6.080973	2.237563	7.971263	6.123502	3.462546	2.648731	5.073636	5.424673	7.886889	4.927300	6.032000	2.839247	6.989279	9.060825	6.000407	3.485448	6.362285	3.273212	6.224507	8.933403	5.027772	9.091301	7.818543	7.085084	6.244039	4.185525	5.375184	6.950693	6.790473	6.385697	6.624814	8.112991	2.403375	8.402228	3.362940	2.778308
2.807042	2.419135	3.866263	7.242781	7.709130	7.001286	5.781474	2.253864	6.313600	6.300279	9.294806	8.171293	5.599446	7.047625	3.199146	5.022069	2.010079	2.141805	5.327537	8.659702	6.301580	7.626985	2.638260	2.013854	8.840095	3.689072	7.041896	2.867993	5.795406	5.292847	7.709522	9.069041	5.276924	4.067374	7.761914	9.000410	3.085812	6.105857	2.493103	6.547254	5.594075	2.976605	2.124759	7.059074	2.038946	4.630334	6.979453	5.230153	5.976977	1.945350	2.259912	2.113552	8.783043	9.106101	4.831221	8.300153	5.992284	6.537475	3.447712	7.628487	3.873637	5.647605	5.984368	6.297778	7.312145	2.212903	6.179411	7.480865	9.151551	6.746859	2.494182	5.079362	3.554057	7.015212	1.990018	4.154696	7.771091	5.934371	2.723903	4.465908	9.097802	3.686467
2.600430	5.672908	3.059156	5.768305	8.094276	7.548901	8.155295	6.472445	7.107671	2.487784	7.019449	2.016701	8.549207	5.179414	5.447229	4.907309	7.980004	6.837869	7.208272	4.421236	5.190408	6.320455	6.692282	6.256817	1.863053	5.940901	5.671905	5.831705	3.146593	4.451125	8.291038	8.699826	3.069068	8.265265	5.141589	4.246754	7.899158	7.821486	6.776847	3.312240	3.740855	2.333867	8.937664	6.933400	5.744425	5.003716	7.073207	7.481928	7.769957	3.329468	4.560724	6.847846	3.072902	4.078832	3.979652	5.472546	5.050484	8.505061	3.017962	6.032952	6.436310	7.886911	8.323454	4.531225	2.253205	6.152157	1.880185	5.942565	2.273907	2.695335	2.600421	3.649779	2.167725	6.266798	6.214392	5.578555	3.594279	2.688880	1.863146	5.424772	4.451038	2.824143
3.328593	7.298018	2.856925	2.731001	3.696355	6.892228	2.590335	8.159090	4.029282	3.283060	5.124168	3.177992	2.567043	4.645503	3.709659	8.862631	7.773919	4.519990	3.891972	4.323751	4.574394	5.733895	8.761676	8.370930	4.837215	7.903068	9.168365	5.412288	7.755708	5.414648	4.622700	3.012080	4.320151	8.877273	2.761852	2.801408	6.914737	7.359395	2.110444	8.252902	6.749108	6.607649	5.112958	8.867066	9.051150	4.276378	5.803464	4.023478	7.715809	5.803507	2.275051	6.787635	7.279017	7.141327	7.586920	3.648202	4.842592	2.941785	7.076176	9.222124	8.140547	2.258786	6.609929	4.243769	5.932327	6.287762	5.545723	5.810720	5.437342	3.287267	2.232864	2.724390	7.315111	3.678546	7.603706	1.988345	2.105807	8.958813	5.486894	8.494239	3.012903	3.755577
8.521579	4.437432	3.856612	5.847519	5.922804	6.113936	6.796863	3.255423	8.724282	2.619462	7.137592	7.865994	1.942460	7.672915	7.198396	2.098730	5.191313	4.392078	5.866630	4.307883	6.655653	3.005364	8.605928	4.246842	2.254448	7.950435	3.438814	3.812828	8.361282	3.425079	6.055489	2.135335	3.375103	3.708768	4.208548	8.759472	5.314748	6.702985	7.407613	7.799343	4.147554	7.501288	6.084009	7.594416	7.361126	2.037074	7.846826	4.715595	8.764203	6.110803	8.046057	5.774322	7.265370	9.180020	7.900709	7.063760	5.204522	3.175320	2.789866	9.104035	7.547221	3.807821	4.740659	8.059403	7.104526	8.473497	7.774589	5.000466	2.483425	3.448366	6.049695	2.804456	7.006703	3.364941	7.905233	9.129580	2.028613	4.593540	3.040533	9.175411	6.280940	2.445925
9.197017	8.433283	3.230295	9.172647	8.074170	7.770939	7.852831	8.464492	7.221507	2.332899	2.172775	7.757545	3.012835	7.539597	5.402284	4.679213	3.427889	2.433544	1.920886	6.601816	2.834591	5.300632	3.806196	4.302373	7.372369	2.442192	5.277648	3.921251	5.358905	4.679524	2.223450	7.700985	4.554674	2.033707	7.607074	5.127154	2.424754	4.337856	9.137284	4.878303	5.819097	2.037079	2.574768	4.464289	2.133924	8.328077	6.424418	2.897166	3.278318	1.936418	6.025156	8.296880	3.752184	3.267943	4.174890	5.979780	7.779418	5.213378	5.611791	8.645743	7.374985	5.120013	2.036182	7.760719	4.504903	8.377908	4.064459	6.499865	7.986736	4.919338	3.365508	2.162929	7.443104	3.327469	8.238041	4.009191	5.982285	2.333488	4.169577	4.173314	2.189851	3.888339
5.102622	8.977876	4.576761	7.167945	4.739861	6.770647	3.501636	7.340818	4.423909	2.854035	2.214580	4.047628	2.185968	6.809251	6.575055	3.720781	7.405822	7.967564	7.859997	3.739138	8.872759	2.041685	7.805314	4.150589	6.467091	7.057956	6.917224	8.548884	7.090492	5.035183	2.367146	5.497974	3.779319	9.273994	7.396323	9.148257	8.678972	4.152672	9.109380	7.875874	4.342748	2.426639	3.253895	6.180789	3.137158	2.280315	6.774603	8.774155	4.298130	2.819453	7.482223	6.716356	5.157685	6.795794	4.499260	5.102923	9.139106	5.685069	6.401435	4.575866	4.062263	3.274497	3.034477	5.623595	4.763793	6.776988	2.196253	5.354441	2.689362	5.577590	7.462391	2.240518	2.963543	6.433766	5.037169	8.461699	8.832898	3.616861	1.906773	3.640264	6.192479	2.030251
4.666538	8.018769	5.083397	6.599871	2.744123	3.876405	5.250635	8.779936	6.900578	7.825272	5.032356	4.454857	5.817508	6.307250	6.812861	2.859658	3.022193	5.327486	7.661647	5.539833	6.048326	7.037693	4.500278	7.316854	5.139008	6.296875	3.864109	9.247757	4.825444	9.237887	7.547164	6.741988	4.180934	7.941495	7.878916	7.013966	6.423085	5.670551	8.245634	8.295796	8.676655	5.500206	4.276353	6.704782	6.979651	2.290497	2.181793	6.958808	2.349394	3.270056	6.561204	7.542549	6.296196	4.532331	4.301047	7.682731	3.784250	1.916214	4.103703	6.038013	5.792557	6.828188	8.943569	6.936888	3.563799	4.560669	6.001219	9.229275	6.846421	4.368032	8.092229	5.784585	3.325681	8.264525	6.568536	5.256258	8.579311	9.146208	4.661056	4.018576	3.551444	4.539887
1.965026	8.340806	4.738184	5.470689	8.757501	5.545868	4.236480	6.276377	7.826879	2.379063	7.666936	7.465228	3.250907	6.310801	4.991077	6.049936	4.415454	3.450411	6.136838	3.475954	7.915793	5.281463	8.648685	5.461253	7.491075	5.744693	5.758858	2.355835	7.199142	6.409720	8.454819	6.626391	6.089489	2.724431	7.473874	3.175675	2.439198	2.401903	6.645643	5.066615	7.350698	4.216362	5.272629	6.143969	5.921945	6.045806	7.450333	3.231309	7.438552	5.661709	6.790807	8.941759	3.445327	9.156626	6.865823	9.031097	8.622654	6.082370	6.830542	5.152568	7.432942	4.613245	2.024747	6.298175	6.175419	5.705597	5.072059	5.800141	4.008997	8.754219	4.419018	7.759336	3.555723	5.384259	4.192393	6.175854	6.038608	7.377534	3.244155	4.731012	9.130149	7.205087
5.094097	7.324639	3.913574	5.122685	5.808436	8.870099	5.860000	6.420476	7.156092	4.794109	8.799988	8.434262	2.329402	4.552620	3.617175	1.982471	7.817845	5.343715	9.006728	8.620383	3.597054	8.672699	4.394087	6.962386	2.104834	3.947537	4.601958	6.162894	9.270207	4.285610	8.440093	3.584337	8.028835	5.755852	6.426980	8.745747	6.677922	7.509182	6.076232	3.917382	4.772480	4.993430	7.399202	4.017479	6.902961	5.879300	4.882037	8.133019	8.131206	4.807871	2.112795	6.668801	6.426509	9.112910	5.245039	3.366077	8.453494	3.723871	2.929141	7.239312	4.520747	3.577708	6.296833	4.030266	4.695217	2.516764	8.170611	6.270951	7.882614	5.410547	3.693592	2.626898	2.341701	2.993147	6.038450	1.990738	6.238760	5.754340	5.694686	5.645157	3.539636	3.080209
7.162134	2.074831	8.742671	6.785283	5.267755	6.393483	3.249537	5.960468	2.292468	4.569244	8.547446	7.843747	8.040628	2.686930	6.278469	9.046003	5.942917	7.237751	2.719255	7.928711	5.352342	6.461264	4.658244	6.049895	2.914749	4.784558	7.844367	8.133996	3.350256	2.993625	7.579544	7.212700	2.618727	4.960219	4.334990	5.563672	6.480982	6.847115	8.017777	1.958692	4.527206	8.979096	7.800053	6.177307	6.395800	7.990740	3.148881	5.876080	2.657980	7.985244	5.726535	6.204519	2.234668	7.463968	9.147801	3.018761	5.156901	3.997135	6.209939	5.742803	3.848722	4.076702	2.353526	5.633582	3.071879	5.597448	3.599069	5.918130	7.133261	8.176706	2.168492	3.369464	4.827261	8.543732	7.365544	5.097705	3.524733	2.016297	2.975251	5.470357	8.743577	5.447819
3.454156	8.509787	2.569283	8.955340	5.728148	5.017103	9.222184	3.197813	8.791865	1.941394	4.789666	7.682165	7.984908	8.536554	3.277908	2.403314	7.138907	6.143002	2.665354	8.151319	4.694413	6.974810	7.377454	4.690356	5.872170	3.142609	7.895109	3.244081	5.097469	7.927139	4.837607	5.939552	3.176288	3.507447	4.661095	6.423417	2.604681	4.388352	6.166200	2.709720	9.098961	5.645720	4.555536	3.483055	5.458744	5.633110	2.191400	9.086019	4.713190	4.747748	2.317009	5.923930	4.395002	3.619001	3.641216	3.361868	7.214262	8.169529	3.753472	2.661500	6.048356	6.296003	7.725993	5.843342	5.609689	7.473540	4.790668	6.269680	2.493024	3.930496	4.218256	7.040047	7.219757	8.498820	5.077642	3.546746	7.032766	6.916535	6.040355	5.402062	7.273352	8.467666
6.328655	7.757192	3.134549	2.833399	3.724029	3.392697	7.094073	3.887339	4.575674	3.348536	8.691318	8.584720	7.530356	3.162025	2.670809	7.149689	8.494809	2.477410	2.884827	5.735584	6.285260	6.517774	7.169014	8.071701	8.017993	4.467262	3.771933	5.181264	8.843965	8.126078	1.860750	7.980164	8.295820	8.053446	3.718484	3.997302	3.549650	3.572216	4.671406	5.079142	8.596975	2.592820	4.965416	7.699779	5.840930	7.856781	7.219989	7.023661	6.166689	4.310933	2.413993	7.896942	4.195422	6.381971	8.296833	2.530246	7.596157	8.481679	8.725721	5.709682	8.051374	7.422825	2.029474	3.422557	2.688741	8.055792	3.320265	3.596761	4.114748	4.062674	6.245826	4.272662	6.998361	8.068182	5.843101	5.625297	7.178709	6.733626	2.165694	4.611532	3.922059	3.357764
2.730974	3.369836	4.390043	5.130600	2.296566	2.694727	3.707907	7.513028	4.889990	6.333424	5.776083	4.731666	6.857403	5.045176	7.165702	2.714813	8.610722	6.179401	6.980311	1.880449	7.376956	4.655750	6.200822	3.940621	8.811972	3.131269	8.905207	8.365395	4.610573	3.441624	3.584817	7.371929	4.858672	7.530912	5.095822	7.813846	8.302894	8.986597	3.522499	7.890143	6.322725	9.118171	6.734465	8.903709	5.355851	4.524679	8.189237	5.077239	7.927962	2.175127	5.542199	2.290759	8.396124	6.480938	3.204426	9.082494	8.828999	8.606947	7.863468	2.628226	2.683988	7.674378	7.569961	6.754335	4.299339	5.078364	8.153321	8.875712	8.319347	6.638763	5.272591	8.354911	2.804184	8.081693	8.611099	3.785780	7.434298	8.980006	6.291855	3.215590	2.130064	7.231747
7.739390	8.442649	5.671037	6.491410	5.462635	3.510397	7.047127	2.982719	3.742508	3.477008	4.520303	4.476486	2.380133	5.748868	4.657237	6.102407	3.135352	4.966473	3.343808	8.280474	4.384050	8.413511	5.173981	5.577979	6.473175	3.301086	3.930234	3.062940	5.113442	5.230731	6.747380	6.863018	2.547383	2.769502	6.964156	4.067529	8.227541	3.769152	3.593857	3.382708	7.365391	2.291047	4.567921	5.091276	9.178001	8.302478	8.480127	2.270776	3.035733	6.695190	6.071113	6.491242	7.019403	4.403730	5.781175	5.664142	4.429980	6.430356	4.587261	7.409013	6.329083	8.562579	2.300453	8.266894	8.265003	7.428440	7.558582	6.440606	8.991483	7.045610	2.918076	7.088742	2.080635	6.628033	3.757143	5.992596	6.293337	5.603639	3.327693	6.727019	6.510323	6.723515
9.092074	6.984076	3.761519	7.694078	8.394759	6.363310	6.504426	5.760879	9.009701	7.365102	8.614770	6.663101	7.224482	7.010129	8.240622	8.822973	4.810971	7.567120	2.588304	5.462167	4.223965	3.677519	3.906386	4.705440	8.009188	2.379179	2.459904	3.629360	5.262596	7.259937	7.975668	5.098745	3.025314	3.233621	7.237333	8.492992	5.945934	8.312925	7.592212	6.554801	7.300428	8.125824	2.471557	4.779183	5.979108	4.896384	5.731459	2.295543	6.252077	6.575651	9.130579	4.915130	5.297576	8.395045	6.699863	2.741058	3.618687	6.750573	7.463969	2.821009	7.238624	4.547241	3.856274	3.991177	2.967272	9.255753	6.432009	4.176021	5.691708	8.381226	6.360016	2.250067	5.752619	4.140566	4.864117	2.470565	4.821308	5.578723	7.786744	2.635003	7.527355	8.034497
8.543679	9.041947	5.352661	4.000067	1.874374	4.060554	4.237514	5.914174	7.405194	6.054012	3.732487	3.106012	6.604277	7.722921	8.616568	1.990636	4.264482	2.774247	6.206835	3.658479	3.017981	8.547597	2.191449	3.505769	6.775075	4.734465	6.584764	8.233716	3.391764	7.325764	5.337321	5.689790	8.376728	7.771813	8.187293	4.338875	5.697474	6.461871	2.280209	6.152494	6.913808	8.785724	5.473113	7.822511	7.914135	8.860259	7.091673	4.690342	8.466493	5.763208	3.996394	2.120012	4.214882	9.142489	8.473098	4.457873	3.179414	6.604145	2.009429	2.459907	8.783541	6.130419	5.264636	4.204010	5.028486	1.996246	6.353850	5.093185	7.081190	6.429649	4.050429	5.954738	2.090828	3.418613	6.122107	7.396563	4.633108	3.397067	8.895309	4.638635	2.593630	5.667846
8.665571	7.276632	1.942401	7.308723	6.440309	4.092202	7.706506	4.125740	2.615008	7.700187	8.100960	2.317274	3.656340	9.056485	6.601991	2.514217	3.940555	6.635990	5.497217	8.810877	5.282377	3.874651	3.784875	4.349348	7.293370	2.160196	7.726592	7.000723	8.069950	7.779398	3.689074	5.501234	5.217768	4.146582	3.984701	4.575641	6.695343	8.306592	4.650785	8.121694	2.504826	2.026246	6.418042	1.941352	9.250015	3.022896	2.545357	2.786776	5.085445	6.705885	4.512974	7.855729	3.466127	8.829581	4.340239	6.464755	2.239940	8.886420	5.625665	7.643413	3.905003	7.045190	2.339519	9.183327	5.837522	5.875652	8.677577	7.461662	2.371390	8.989802	3.787294	2.577579	8.171523	2.055702	6.744698	1.862221	6.439482	8.858114	6.178620	9.042166	5.956928	1.942408
5.159650	8.189972	2.228528	3.288344	2.549542	2.639648	7.103214	3.627833	4.306894	5.830868	6.197786	8.278318	3.401905	9.067308	3.959311	7.882690	5.771034	8.149405	1.970732	7.594236	3.608917	6.001924	7.400907	2.688736	5.831960	8.714736	7.561197	4.229454	2.548023	4.905200	4.743777	6.672584	5.773755	7.955788	6.400651	8.308418	2.018044	6.269486	5.025017	2.164678	3.149812	8.486353	8.270359	3.672078	8.169833	6.332015	7.226919	6.697719	7.046074	3.140489	6.729259	6.277004	6.271346	8.681783	7.776760	6.289058	2.216986	5.641655	3.251047	9.064048	5.220921	1.970475	6.704262	6.097701	5.433180	6.899333	4.721509	4.016227	5.587150	9.160182	5.060816	4.567452	2.941174	7.600661	8.225403	5.129077	2.020668	9.049572	6.665691	4.950633	4.919613	3.135707
2.306103	8.598606	7.242924	4.847906	4.629120	8.667564	3.920826	5.942169	3.992734	9.107461	2.623308	2.128568	4.124261	7.406504	6.902021	5.546223	5.170316	8.065860	1.941704	9.217704	8.778169	3.986653	2.463684	7.814553	9.115420	8.162724	8.965612	8.195295	4.944675	6.058261	3.361680	2.469471	4.772627	5.032503	6.593539	8.503919	2.504341	4.645461	1.873992	4.510266	2.975991	8.279735	3.835781	6.908043	9.049478	5.130005	5.514517	5.005869	4.228711	2.391423	6.193315	5.569398	8.547678	2.167458	5.424540	3.356278	7.502274	6.277940	3.416302	5.488459	2.868238	5.794494	2.471986	2.627038	2.909702	2.735842	5.614049	8.739749	6.663301	4.796257	8.123537	7.442294	9.110659	8.729292	6.609585	9.083035	5.031079	2.931316	5.526672	7.355543	3.902441	4.139316
8.755960	5.216337	5.159374	2.621935	2.097737	4.152341	8.136991	5.897121	8.531326	6.074554	2.472815	8.640729	7.775962	7.944815	4.016825	4.764198	5.548162	4.537305	4.502185	3.030304	5.884710	8.600981	4.690613	3.231115	5.719436	8.385774	3.575176	2.554420	2.315135	8.946482	3.671199	6.301959	3.086500	5.060925	3.626541	5.752782	7.538787	3.434576	1.874443	6.422832	6.000932	8.735242	2.322019	5.353452	4.310579	7.126648	5.558850	3.529789	5.282907	4.527009	8.045138	7.556039	7.414255	6.465100	2.474210	8.505530	9.195736	3.359180	8.447313	2.337651	5.845049	6.006145	9.250157	4.752692	8.671440	3.990877	2.617406	2.044047	6.696590	2.302375	6.454739	3.932675	2.962878	4.516962	5.957938	8.986564	3.755556	7.321262	9.243116	5.701105	4.144777	4.515362
9.204547	2.262531	7.698171	4.910150	2.126063	3.308094	7.032736	7.769931	7.297691	2.748652	7.507757	2.896092	3.852812	3.643090	4.172713	6.687226	7.709647	5.602352	4.022069	3.178410	7.430174	7.274712	4.679662	5.000929	4.020022	7.308451	5.920016	7.851052	6.553637	8.003670	6.486046	3.152193	7.667016	8.689058	8.970953	2.962641	3.114128	3.582157	6.370447	8.698828	9.248025	8.837621	8.078389	7.169253	3.129585	5.342094	6.527013	3.087371	4.212335	5.017685	3.442023	4.010252	4.110725	6.952665	4.177160	4.017520	3.129376	2.189123	4.240269	2.844094	5.125138	4.734202	3.088683	4.621729	2.717893	4.941849	4.329297	3.478337	2.985819	7.121861	2.974815	5.594150	2.248229	8.629045	6.873440	6.703972	4.177463	5.837198	8.155382	5.956452	3.907782	2.817931
8.540838	7.382992	2.367347	6.984001	5.447633	8.383756	5.153787	5.838904	8.726326	4.533232	7.015478	2.207025	7.853072	3.561315	8.905314	8.434022	8.747837	4.365774	7.665712	8.785115	5.358888	8.646486	3.956380	2.406315	7.139352	7.916329	3.330818	2.772958	8.034606	5.540205	5.529540	3.267149	8.054882	8.191863	3.953885	6.673738	6.643644	6.849080	3.831559	4.766561	2.007150	3.729261	8.444850	5.966698	4.328043	4.966952	9.169965	4.321627	3.163110	5.674937	7.456297	2.601052	7.577107	5.176349	7.804357	7.830410	2.405880	7.465098	6.114062	3.226544	5.922580	2.988661	7.466371	3.916155	6.695639	2.951606	7.766807	2.935105	7.471196	4.419659	5.797682	2.479417	5.900756	8.948910	4.891873	5.513167	6.339322	2.650028	5.082655	7.947630	6.613549	3.758187
5.959034	8.682441	8.763921	8.376641	6.730713	4.330478	7.678537	6.430371	5.180291	7.179364	2.736948	8.087129	7.396433	7.614083	8.215440	5.581601	7.834605	6.175285	2.793897	7.901024	5.333732	7.163319	8.161202	6.986863	2.656208	6.716201	6.306824	3.898283	8.307540	8.677900	8.714294	3.406498	6.998384	8.720497	6.102327	2.977209	3.169412	7.115536	9.074266	5.522407	2.533437	7.276075	3.450530	3.056565	6.002790	5.001842	2.448760	8.448587	5.281135	7.746552	3.777081	4.688443	5.332163	2.298583	6.391136	8.414475	8.071220	8.669017	8.689843	3.952496	6.308079	3.512319	9.184906	5.602335	3.067535	7.882076	2.375133	6.920382	5.865943	6.832901	4.544408	4.011537	4.359404	4.642470	7.313842	2.982410	6.573550	5.594204	5.533893	8.589953	6.869463	2.295413
5.023449	7.854602	6.612920	5.990216	5.174508	3.148496	2.351447	2.834022	3.850883	5.437945	2.870619	7.114124	5.387817	8.291961	3.956430	5.364629	2.991393	2.773130	8.466224	9.240662	5.351465	7.430142	3.800529	8.369431	6.839792	7.742684	1.885684	6.071567	6.036288	6.236181	3.004068	5.250354	9.114977	6.845516	2.428290	5.661649	4.801944	8.850506	3.069414	8.458167	7.097472	7.542966	9.070126	4.755767	5.952781	7.521812	5.215460	3.071622	5.295412	1.915023	2.845326	6.390213	8.343940	1.863380	8.279249	3.556817	4.944837	7.328030	9.184085	6.981791	9.036280	8.078846	6.944784	7.383547	2.506947	8.185548	6.874322	6.048918	8.407452	3.854727	5.299975	6.166794	7.381599	2.768482	3.328994	4.111688	6.056264	5.393396	8.389031	2.269741	2.542835	6.041715
9.111946	3.018488	8.970337	2.086231	3.903867	6.695566	4.796778	7.973415	7.712799	2.013061	2.240759	5.918027	7.876144	7.026132	7.378509	7.820229	8.282827	3.012376	9.252773	3.396759	7.406210	3.124397	9.065289	3.269486	3.472371	9.169681	8.296643	8.186834	2.431498	8.457367	3.850651	6.023222	8.164121	6.587404	6.079341	3.866657	7.561887	2.561218	5.942039	8.563989	7.060824	5.143769	9.170769	6.245804	3.394526	5.812608	6.540980	2.213045	2.852466	4.913278	2.535182	6.002167	5.565240	8.593926	4.087984	8.480679	3.756389	6.206870	4.561274	7.200169	7.203365	2.569727	8.217373	2.778229	2.780714	3.875254	3.842211	3.921818	7.424211	7.078992	2.374148	7.161400	5.229946	2.741117	3.571440	3.069967	2.929085	7.809693	6.697234	6.571080	5.789580	5.521581
5.264069	8.645146	5.838927	6.652443	6.240837	3.744004	4.594575	8.474963	8.812799	6.234455	4.714227	2.017458	8.073770	4.592847	6.032277	7.527794	2.967776	9.113625	7.119043	5.783554	2.359879	9.059342	3.960123	2.313502	2.199764	6.110064	2.596635	5.625884	4.817867	7.305323	5.215364	8.131684	1.983685	2.821186	3.208727	5.712500	4.402606	5.185508	4.510621	6.285888	6.853310	2.650724	4.466773	2.835689	7.867832	7.180881	6.248374	6.119989	2.745379	8.464701	2.041596	7.563309	8.086913	4.860333	7.223062	8.058809	8.846772	3.415624	5.523476	8.846285	7.557198	9.187001	7.063580	5.622046	2.724208	8.779129	8.887413	4.555027	7.467897	2.536158	3.642273	7.130156	7.413632	4.547898	5.533564	6.672838	2.172263	4.255594	1.940316	7.382454	7.186580	4.060091
6.018525	4.854665	2.872093	8.017344	2.934985	3.047617	6.553930	7.010605	2.091708	8.059974	8.139394	5.999998	6.919869	6.064861	2.536666	3.885415	7.038711	5.144099	8.233394	3.342146	7.616155	8.213108	7.988675	5.244900	3.778281	3.124882	2.483076	3.568240	5.607047	3.493526	8.297072	8.401451	7.747091	5.526491	6.890138	1.921258	7.021950	6.545812	5.316913	8.087758	5.026453	3.917320	6.281171	5.634621	4.127247	3.193741	1.954148	8.417169	2.832610	4.881590	7.502426	7.574256	2.232955	5.318388	5.086531	2.944454	6.756399	4.574012	2.129557	8.169448	6.407107	3.094492	4.548986	6.736109	2.576774	2.827694	8.430357	3.553338	4.623467	5.302383	5.691780	2.519283	3.757409	9.029666	1.976128	5.070274	9.197576	4.073450	1.886546	6.595334	4.706221	7.967931
3.216853	5.698820	7.414076	4.722444	3.068767	8.818035	3.829204	3.009091	3.404524	2.417797	8.276565	6.266888	3.633113	4.461578	8.853753	5.813162	6.912264	6.946307	7.211962	6.353578	2.528928	4.445340	5.598592	5.641435	6.840971	6.364762	6.584782	6.900815	1.997137	4.351528	7.748466	4.853240	6.752078	7.034860	8.666977	6.241436	7.233340	3.887397	8.515810	2.819224	4.385265	6.270246	4.512203	4.647867	4.057221	5.084395	7.536501	6.541701	8.406596	5.711224	4.953256	4.370383	3.386285	8.769394	7.937965	2.429791	4.209095	6.225459	5.371935	3.800030	3.447276	3.665127	1.902367	6.478880	5.644175	7.530725	9.129286	2.640483	3.402100	4.877190	4.035536	3.767464	6.005395	7.348752	5.769442	4.138320	8.165273	4.179625	8.595729	3.829599	8.758406	4.784662
5.363926	5.328559	7.092215	2.841570	9.234911	5.293154	6.262060	4.968844	4.763190	2.313264	7.087573	3.126886	2.270667	1.892962	6.046120	7.951566	6.699294	9.084745	8.236276	6.558607	5.624049	2.209633	1.908109	8.415769	7.816622	3.083793	3.180379	8.286754	4.419344	4.674135	5.848489	7.695948	7.537735	7.698457	2.961612	4.691286	2.860511	4.813000	2.758260	6.133765	9.299212	3.773119	2.977552	2.354638	8.208213	5.796897	9.017023	9.296850	8.144878	6.501941	4.171298	4.989008	5.267893	3.896787	2.878109	6.273549	8.437726	3.737243	3.092959	6.034282	6.962439	9.208606	3.234097	9.042099	6.079851	7.210828	8.230535	6.931598	5.344713	3.727626	3.378399	2.895472	6.769852	8.222856	9.248268	7.302003	5.235058	8.109404	3.677763	8.037005	3.217421	3.784559
4.357005	8.530067	6.687564	4.839021	5.934229	9.271448	2.308327	5.333302	6.197704	6.033045	4.879728	7.112216	7.160478	4.546296	6.824861	8.725650	5.904692	4.128220	5.567195	2.251145	2.480451	4.557864	6.199218	6.041203	5.169625	2.490601	5.678761	5.923421	5.253289	6.142483	2.683750	6.519442	1.867729	5.988411	3.120296	4.271700	8.044931	5.550675	3.208776	7.181740	6.877018	6.270666	4.952621	8.837802	2.410813	8.274777	2.829927	6.944953	8.596439	4.497349	3.517851	6.144257	8.001738	6.614051	1.962796	8.985221	8.777957	5.910030	8.128415	1.912231	7.030326	7.929864	4.590669	7.890622	6.259287	4.222260	2.639606	6.982422	8.714837	5.361201	3.045962	8.435459	3.213612	7.794320	3.641105	2.190475	5.964900	6.033939	6.017695	3.070756	4.169988	3.482211
3.386399	8.301852	6.350488	6.802693	2.900528	8.909440	8.220681	7.673168	6.973437	4.149164	4.465447	2.124669	7.523078	7.838114	7.329539	7.480031	2.214871	3.875822	7.827966	2.251021	2.217831	2.620130	3.716498	7.652760	8.752180	2.551322	7.829257	3.545659	3.550404	9.000888	3.613166	8.508427	5.024538	7.060840	8.277021	9.298196	6.192320	8.506095	3.580692	7.817423	7.798787	9.214039	6.279156	4.620256	8.271695	2.877271	7.801787	8.105507	2.692317	3.919938	3.352558	5.527335	8.945023	5.750321	9.043753	8.917434	3.372252	3.953657	5.088679	8.827144	3.164000	9.275662	4.728563	6.964311	9.038128	1.904373	3.717377	2.244454	2.081602	6.193819	9.039340	3.267591	6.319821	8.499154	3.703236	3.428753	7.313761	7.193173	2.132644	2.047376	4.392391	2.550569
8.117186	4.573707	3.208793	7.379025	7.698731	3.661231	5.866616	7.307507	7.999006	8.563184	6.566544	5.185717	6.058296	5.165824	4.639924	9.026052	8.589455	4.891289	2.466001	2.182262	2.818548	2.414775	4.673784	4.093170	3.464408	5.168140	3.626364	2.167227	8.136877	6.128622	3.040200	5.309923	8.389078	4.203458	4.443560	4.133587	6.059716	6.298127	6.017724	5.212674	6.275255	2.483750	2.025590	6.744805	3.924984	5.737195	6.259368	9.032031	7.990190	3.512414	7.158390	4.714850	5.159219	2.534948	6.896446	8.746984	4.632899	5.485036	6.602472	4.036318	5.815767	4.252789	7.994389	8.967905	7.067855	1.879083	3.225765	2.496502	6.899202	5.697071	8.470670	7.142053	3.859677	6.231760	2.009159	3.355459	2.175200	5.451623	3.094552	2.994461	3.448894	6.654837
5.689797	7.656410	3.259348	5.277298	3.970068	6.304675	5.261417	5.304162	5.902313	6.814751	4.151023	6.313185	2.081581	5.113519	8.149951	8.349694	4.805490	3.405726	3.034933	3.552455	2.325525	3.022358	2.901556	6.132921	5.212266	5.728515	7.792033	5.020603	6.748886	2.691826	4.109555	6.311647	3.859257	6.084709	6.478850	6.870117	5.612898	5.968373	5.619867	6.916805	3.331341	4.879731	2.190300	1.925982	4.249174	8.351966	4.691761	6.827685	5.810920	7.771328	5.919957	3.201495	2.603027	4.617339	2.196970	4.185398	5.755175	5.802903	2.204856	3.234040	3.848484	8.961048	4.135129	3.612964	6.032607	2.549936	6.742992	9.170117	6.366458	9.148064	3.213383	2.919076	9.196202	3.208889	8.822996	6.376305	7.093509	4.502073	8.592805	3.868854	7.194426	2.744351
5.295189	5.627742	7.729584	3.883558	6.060098	3.802280	8.653345	4.344378	8.710377	3.752098	2.267601	6.554883	7.757568	6.493336	6.505734	3.090810	7.840942	4.777904	7.339199	7.628537	2.249442	6.059381	3.865589	5.956924	3.629853	4.680449	5.695489	2.038368	2.169003	2.129314	2.791796	4.403433	2.929110	7.440638	8.110767	4.648665	5.122166	6.954971	4.876123	6.281454	3.184154	6.670120	6.493810	1.908888	2.770571	6.936406	6.146369	8.663121	1.962263	7.458134	6.116042	6.289842	4.849631	2.144447	4.845697	2.121653	8.708868	3.391396	9.102997	7.411909	7.668018	9.096627	6.196218	3.739561	8.183707	8.267245	8.047311	7.001523	5.117553	4.949785	7.798936	7.413894	6.099113	9.154679	3.181546	8.348309	2.217422	8.202425	6.604855	5.054642	3.040336	7.374902
8.941630	8.990444	4.706044	3.729432	4.366042	3.485291	6.042523	2.862897	2.231327	4.199347	3.662747	7.568427	5.542454	3.831097	4.874446	6.497076	8.290246	8.952796	3.534405	8.545823	5.679851	4.122935	5.328705	6.767263	3.227821	2.157275	3.757305	6.276659	3.886830	3.832198	8.273311	4.148369	4.498628	5.531389	3.978833	6.139091	4.917365	9.019496	3.934035	5.963928	1.916776	2.448002	2.252804	5.503132	8.158195	3.764026	8.710100	5.558513	7.107469	9.206464	7.275507	7.973125	5.248002	7.632881	7.578971	8.498675	2.216312	2.002864	8.600460	6.446803	4.351601	2.795667	3.583365	1.888760	5.154530	2.935264	7.142875	2.304938	2.110570	7.442339	2.685370	9.034955	2.591019	5.439301	5.568468	6.827295	3.464213	7.490414	4.921240	4.034887	2.415718	3.535986
3.841530	4.142945	9.059433	2.826076	7.580362	6.098017	2.000621	4.743216	7.193976	3.114355	4.534025	8.046350	5.193136	2.174723	3.635617	6.209551	5.116913	3.281890	2.129812	6.592258	6.515980	6.209846	8.900315	4.507718	2.969435	4.771591	4.415106	3.886052	7.681165	6.131605	5.498359	8.864712	4.334994	4.384262	6.627900	1.963266	6.642143	8.954951	8.865902	3.548383	8.880259	8.518084	2.344294	5.512321	3.895385	6.033911	6.469732	7.723570	5.007495	4.611996	5.005750	4.781644	5.847786	4.228518	1.904111	5.930108	7.037596	6.112658	5.721017	6.908262	6.845096	3.573513	9.038805	1.969673	9.279432	2.496262	8.189956	2.664014	6.298888	5.516987	4.676533	1.932562	5.499011	2.269404	5.268098	5.708760	3.490976	6.197127	8.030473	4.009222	7.327777	6.723784
8.200248	5.166114	2.483913	3.879477	6.325571	6.427481	7.934914	4.647912	5.166357	9.238843	7.784773	2.735239	3.404803	2.160945	5.097945	6.149062	7.190900	4.637509	3.442511	4.781123	6.555621	8.158179	3.790731	2.336839	4.622458	4.231767	8.733413	3.378563	4.640121	3.028733	5.344340	1.874100	6.293163	5.662794	5.985162	4.232091	2.202467	5.095299	8.354812	8.300005	2.349171	2.489712	9.047985	1.867900	4.253718	4.046396	4.501606	3.711709	8.777500	3.652885	4.583977	5.479828	4.269760	2.613522	3.351522	3.015938	7.201619	8.895955	4.622379	6.601731	6.608454	7.445265	4.364414	7.199920	2.625397	8.727119	3.933847	3.695806	2.986879	5.201181	7.093619	8.636208	4.671225	9.264569	7.200589	6.087859	4.850989	9.057450	8.849748	5.374848	8.207028	2.342506
4.183108	7.059529	6.687237	6.083257	5.621494	9.114190	4.448924	1.870682	7.204174	2.515240	2.953436	4.213776	5.240343	3.128135	2.158327	6.638856	4.079337	7.165736	3.658716	8.657033	8.643595	8.275688	2.349947	8.389063	2.870674	4.870399	7.253731	1.906703	9.113796	8.057427	5.902943	5.684390	4.789339	6.925924	5.901695	7.481200	2.182931	5.435777	7.824192	1.961591	8.859133	2.147342	9.157986	4.246485	2.280017	7.376086	4.083928	5.050835	4.331763	1.988995	5.689283	2.706180	5.976064	9.078260	9.137388	3.932785	4.292033	6.602780	4.441561	4.105423	6.889719	8.526634	5.649317	7.932512	9.104399	6.200677	4.025204	3.588026	5.288116	6.056898	5.751335	6.454215	3.678420	3.453778	7.434747	2.214510	6.577779	8.901819	8.435767	6.460868	6.301328	9.255729
7.471196	6.912829	2.586182	6.330070	6.640912	5.170001	8.006739	8.415896	8.438092	4.622090	4.317476	4.154113	3.701615	2.625174	4.636529	1.937425	2.014629	7.638454	4.803245	8.243273	5.488883	4.963242	5.586286	7.712849	3.971992	2.581961	5.120632	5.554144	2.003291	3.951567	3.139110	2.679280	2.226454	5.084356	2.713288	7.020229	4.407127	3.281234	9.197097	7.018582	3.195655	7.248372	8.325536	7.417328	4.827632	4.947272	6.463646	3.638759	5.632057	7.637999	4.242372	4.605549	5.340074	2.026794	7.260415	8.874542	7.759017	8.126420	7.687024	7.867129	4.493733	8.406306	6.932486	9.071312	3.581031	8.870402	7.474021	5.821924	3.945161	4.315759	8.292546	2.261704	4.760658	2.087860	6.720189	5.594976	4.087499	5.900033	7.547294	6.262791	4.698912	7.562096
5.983116	6.310114	5.102027	7.408192	8.702830	2.650411	9.222737	4.541954	8.450156	7.607997	7.607168	4.568313	6.623545	7.299154	2.923186	7.092691	4.645323	3.113261	3.698156	8.523297	5.753613	3.043818	9.218144	2.803645	4.059007	7.585244	3.550433	6.144684	2.094098	7.647470	1.999908	8.225240	5.515591	8.085052	4.322822	6.513836	5.927887	6.359096	6.040420	4.579784	8.734083	3.535182	3.226489	2.554351	5.201500	8.016005	2.934363	7.829338	5.205054	2.858629	5.580809	9.165055	5.791070	3.493855	5.563398	2.706419	3.469265	5.079896	4.865879	3.183248	7.156056	3.846325	5.060303	4.758054	2.868779	5.800131	4.735106	4.701230	9.064890	9.243606	5.454672	3.382585	7.305152	7.808060	4.262394	4.672026	5.949584	5.816304	7.628369	4.367823	5.343587	9.200079
