24.552399	40.749341	17.156758	37.819769	20.074184	22.442474	22.035005	51.382232	22.693571	16.358351	26.842571	33.546390	27.683918	41.582661	11.516644	21.320661	18.740858	12.050074	15.000727	46.616514	21.231633	48.841228	44.411144	25.250776	16.527432	28.674653	23.308977	42.103070	39.776923	29.769726	47.875075	50.062621	16.971567	44.428632	23.987732	28.528986	27.886141	23.101597	27.808661	38.708163	37.711034	48.657793	23.174735	21.292207	49.113454	12.019054	13.420482	11.983969	21.735482	39.285996	11.024753	23.714550	19.596707	35.919554	37.911461	47.157649	37.693464	20.956236	12.218230	28.587984	40.418002	20.559584	22.445802	38.397706	47.192271	35.951653	49.143351	19.014803	23.558982	40.657642	37.229776	13.183842	32.511828	15.032782	28.149790	44.785523	12.937317	21.109530	51.040431	32.823022	48.156707	42.774604
17.185243	31.330085	51.813049	17.505682	20.076335	23.837966	20.936779	31.906794	36.401896	47.762249	22.585276	43.944184	15.013326	43.958672	28.627398	31.237170	25.163657	31.762589	36.011911	50.384275	50.515699	52.214044	35.117873	18.047767	23.786216	35.085139	46.654516	35.635685	16.486731	51.815844	13.613110	21.914340	34.825941	40.454319	45.153180	17.583380	26.346812	50.613469	27.879964	21.548566	43.763300	21.457987	51.611593	45.482350	21.653602	21.376562	35.043807	15.395802	34.409448	43.198086	22.832974	11.781913	52.070567	16.330637	13.008792	20.732954	18.112737	30.596493	37.930477	44.137625	22.232450	37.173568	26.304461	49.887034	50.628978	36.492374	51.746755	45.040743	38.850021	40.385750	22.558315	20.611481	49.904022	38.356674	29.470813	35.464075	13.030741	25.211004	35.737302	33.815825	36.788105	44.320487
12.010698	21.982298	14.390056	35.843231	38.570249	18.690762	29.449883	16.143926	26.326148	37.581304	50.531282	36.020796	36.345705	41.290004	25.112461	44.541987	35.296015	39.215859	40.991011	19.645133	44.418480	25.155572	41.986924	21.128613	40.104915	42.459499	26.795499	41.517525	19.932784	37.373038	45.736621	52.159037	44.871720	40.490096	17.706240	48.317427	30.301212	21.930474	10.677682	27.415983	20.973215	52.224510	10.594155	38.395304	23.588509	48.708637	36.099874	34.637231	39.744726	32.346292	36.730543	35.541218	31.774832	18.568004	15.385949	49.763775	27.645688	31.038574	28.533714	49.220170	29.584909	16.002912	31.584948	38.184733	43.039785	18.055903	25.661506	37.135723	16.213024	29.126562	42.000157	50.883833	41.430085	40.337855	46.017763	20.856650	34.706365	24.940610	47.511368	35.507807	39.752740	19.796075
38.174700	11.110650	13.692839	50.691493	18.934337	23.967616	30.517833	38.401591	25.568112	35.223450	21.090983	18.695092	40.519699	31.566241	51.361320	38.320447	24.619554	33.222619	43.010391	25.293058	17.874894	27.840287	30.310613	28.116659	15.659993	15.249480	25.741620	17.361362	28.521856	36.762686	30.722616	14.079378	36.483694	11.297694	30.936355	46.169312	39.190343	22.015386	12.716402	51.965538	10.664417	50.093081	20.432331	13.697083	34.489929	42.318689	14.755523	44.393472	43.211154	24.311403	36.473799	12.028058	45.422640	50.594695	47.030806	36.692214	13.368194	36.840104	49.796978	50.257887	12.581925	28.235433	22.006902	41.142746	37.030090	37.568979	11.633423	27.725733	27.662489	36.724370	40.762069	52.219585	33.061739	14.247199	15.111613	10.847632	39.229822	25.426371	40.531828	52.470833	48.846366	37.540339
42.911563	34.950457	43.270355	40.015803	18.133777	34.622195	18.502072	39.147139	42.087672	16.350427	40.846090	48.017048	40.759623	43.351576	51.006484	40.875637	22.712069	24.938618	39.832784	23.240914	11.142897	29.319504	23.229302	23.214877	27.737350	51.149593	40.065295	29.161701	24.654174	31.559508	46.851828	11.911970	33.843589	40.301533	13.437939	17.682048	29.308241	31.913888	10.754810	28.030373	11.225556	23.697352	42.447215	28.144603	14.521936	42.738356	17.017905	29.982461	20.941774	24.563437	14.325297	32.210838	41.021835	24.644324	40.344991	28.126018	11.518488	50.908261	28.366709	24.482804	20.006539	38.975669	30.081659	27.245449	17.545850	36.457185	46.345017	45.911935	35.339844	47.549422	39.603089	45.990302	36.099737	25.570085	45.312088	46.422712	25.339947	15.617830	33.082969	21.718385	50.461348	11.937588
11.293208	48.199731	47.828561	48.754022	36.667043	43.336189	14.007754	40.722913	18.163411	24.757001	13.559814	42.442754	41.399577	12.610696	41.063493	23.797318	24.837829	26.077534	28.086582	39.610056	42.448025	15.216333	34.649259	34.130134	45.184614	15.342822	36.527124	35.200404	30.524595	19.890749	31.318682	34.644389	40.530063	16.098325	27.508939	21.224754	45.119081	39.479402	25.597425	52.094787	24.616282	32.607551	28.585849	44.157398	48.559792	34.442164	20.118178	35.720484	22.799118	44.617461	35.616428	10.832085	46.734373	40.005054	25.920257	26.854764	36.800883	38.733771	32.089502	42.885621	29.386385	33.690859	32.622709	23.874118	30.190483	20.162621	10.882067	16.621652	12.352283	11.645096	18.284888	40.429003	47.302742	26.527185	34.057185	24.043515	49.238793	20.338518	28.362172	11.315635	50.819869	21.056274
17.267923	25.367431	40.780822	26.207029	21.247911	47.410237	32.807470	39.624261	50.202517	44.853519	43.756218	39.132944	47.321585	52.108467	21.017425	13.432919	12.165466	24.273358	24.612586	41.886671	13.620710	44.512256	49.612726	27.549516	47.218634	20.332956	35.710277	16.714199	39.720872	31.437257	39.869691	29.103576	29.600257	27.815501	40.921259	40.686077	31.650209	10.889439	47.816776	43.734666	36.874680	45.412939	20.204457	32.704629	18.720872	42.042962	33.407965	47.241575	32.318925	26.318678	50.495967	21.373093	18.203371	43.823899	28.071291	25.809144	51.864612	39.474654	12.735679	29.991504	23.821565	20.343762	16.974389	49.907287	34.320874	50.584198	30.046960	37.538425	33.865739	41.819677	12.165875	47.867198	48.791485	32.034561	13.703330	21.502214	32.645949	21.900754	10.956623	41.757205	45.280807	28.220223
38.619223	45.357041	49.813917	32.391275	17.309081	44.569909	52.450167	28.535251	43.622645	49.236319	20.373939	41.911943	23.960560	39.726490	23.653006	38.754746	26.362397	45.297522	33.708702	36.686653	28.717577	45.699912	16.269678	39.361822	37.042946	32.867698	13.427891	40.958611	39.498324	14.053055	48.053616	29.400708	21.322386	28.738336	26.698615	42.127583	46.240553	27.075939	21.980847	35.943414	24.379497	24.769399	43.569825	47.010207	39.706880	39.867768	46.656525	14.859636	11.991903	38.297535	38.358695	39.488476	50.423007	49.471255	26.311017	17.533200	33.065614	23.466968	26.919339	32.831858	45.388367	44.250004	44.742219	41.145696	29.891032	41.893509	18.677564	18.461411	22.993934	24.245368	45.913610	22.680112	20.328626	34.510664	28.436088	37.126198	46.232264	44.601915	51.912640	17.040522	15.651522	23.438859
13.858460	34.255275	30.634918	12.292021	46.542767	10.500561	51.626567	47.241665	20.146900	37.497961	48.043987	34.614070	19.588691	13.654432	32.558244	37.730509	46.360371	35.101358	48.410017	32.546888	36.769100	26.256428	29.066720	41.177051	45.860873	33.251744	11.336047	22.303465	26.794145	43.265754	45.330048	46.631386	12.462944	20.261600	10.767148	40.876167	20.813495	42.651053	37.697278	31.141004	45.389379	37.583515	15.134038	16.033904	17.368996	12.972650	25.795370	49.574128	39.524962	12.885173	17.407575	16.931105	24.287879	41.052116	24.663516	49.560203	33.916099	45.761172	18.828103	16.255671	40.679778	14.157726	33.477588	25.552880	22.521788	37.819772	15.156083	34.847561	21.209140	39.947209	44.638770	34.557609	34.920398	37.320776	34.160596	10.649698	11.721486	40.269724	15.777717	30.467263	16.697531	32.636105
43.816610	39.826891	46.500273	38.931865	20.743712	20.863242	25.871936	15.384050	22.387291	49.432352	23.572229	29.999542	21.657624	18.807867	37.217517	13.830837	19.146885	38.935353	21.694226	18.182149	51.905150	47.441518	35.838997	14.031344	50.689736	38.349974	36.595033	44.922148	20.212494	29.812848	22.529063	51.403926	17.191685	49.544671	28.406916	25.085393	46.598217	38.633258	29.799266	41.480701	47.706923	46.220664	30.462175	52.061571	29.836671	37.916161	41.907222	24.951822	13.242207	51.173666	44.250828	25.317608	32.944839	30.355478	22.091495	42.976759	35.781213	36.335061	47.465878	44.790153	23.113788	16.759520	13.520979	41.012697	27.736747	28.188475	36.238012	43.365839	48.840754	21.441139	46.903131	31.178226	38.138671	43.139715	11.246369	45.223825	29.076910	31.691091	37.788613	11.296231	36.897159	23.610958
34.309698	17.064266	49.366990	14.952168	29.090169	48.677467	27.386764	15.996955	51.005337	27.883779	21.765399	19.890064	37.319515	38.190259	23.225354	39.069195	22.282428	26.672471	25.021926	29.420673	16.829715	48.796054	34.108846	37.065628	52.330327	13.903482	39.201763	25.770891	33.690261	34.177247	39.052261	14.937462	50.709017	12.798538	21.564957	32.666223	37.157689	40.592494	31.431821	34.315674	12.374448	34.082242	23.308359	13.368619	25.742427	30.814271	29.375773	15.499624	15.763241	28.063369	23.599183	33.896021	33.985346	18.394368	34.673757	35.813831	45.164870	14.954758	12.709640	33.101530	48.980472	37.295617	48.375874	34.300557	15.871927	13.530865	29.896315	43.137643	41.373757	50.837710	10.653652	34.424484	15.473070	31.750634	18.251914	46.510574	31.660900	33.919366	20.514709	30.123570	30.155614	15.460482
49.610391	21.585849	17.388466	28.265353	44.821854	17.822522	22.486872	47.681881	45.126483	14.602192	41.217567	42.094936	47.260611	13.428001	25.270338	32.587699	38.142593	11.081990	19.333032	50.036595	34.811311	25.418159	44.472190	26.994855	18.231763	33.346012	16.241257	12.634852	47.192197	46.427082	29.267778	45.222130	28.316135	35.417749	25.096881	42.318087	15.287307	29.017581	33.095394	42.464038	49.356215	21.055667	43.307031	17.449246	16.594599	35.254728	51.745541	47.617044	21.193607	24.934162	38.239708	12.964842	34.058299	28.908765	18.699206	11.497050	41.493971	32.377950	24.874337	16.059677	16.628964	49.463633	50.586098	45.103316	48.386205	32.514649	15.246141	37.658221	34.750750	45.974704	52.393305	32.597846	50.365156	20.560016	35.208271	22.608130	39.986983	19.395247	46.059059	30.168920	18.482666	44.056884
10.959076	39.084261	39.706369	13.823233	42.970668	16.802505	10.581557	52.266429	24.023315	27.048010	17.156763	17.381004	22.994306	17.525149	49.208925	49.773230	11.663367	17.166805	33.054866	45.717829	19.630924	49.972232	18.625916	14.774429	17.628264	43.033297	30.566423	37.266178	42.374314	47.233006	10.946961	36.370557	17.593341	51.578290	27.429866	50.656447	35.924567	26.341141	38.236164	14.821484	32.725954	45.375429	34.125387	15.186099	28.076436	19.087667	27.711874	26.982109	38.265766	25.778961	23.612462	21.792370	39.388755	17.672665	11.430140	48.019123	41.886852	30.504579	46.737359	44.175692	30.599269	18.667375	31.792416	47.238860	34.510088	52.007261	11.463670	27.628925	52.449038	38.263313	11.455621	24.001056	10.540967	24.982594	39.232370	41.633001	38.477617	13.942608	35.308521	14.911175	30.242386	43.495157
17.209515	40.408382	42.543148	24.113778	17.343776	45.915947	40.853299	46.349796	47.434359	38.878907	18.402556	25.023547	37.781454	23.310361	38.792290	28.367926	49.306658	44.552276	17.129287	34.460914	46.758786	50.626190	46.249606	20.935445	28.728158	46.857414	32.116976	14.768077	46.273999	45.397561	30.776930	26.149655	24.126306	35.303685	51.414642	16.247439	22.876623	20.899863	28.460871	19.239477	40.904764	44.420036	17.860290	41.268957	26.100720	20.376905	48.713549	19.809327	30.948181	16.433153	11.111967	29.645583	49.338290	22.295761	14.118236	15.905616	41.800520	50.216700	11.234749	11.985637	47.571051	19.849077	28.847161	16.126895	14.175162	23.420278	22.735141	34.804037	23.509741	23.986879	18.894462	35.405494	35.936969	15.198733	47.337586	23.466233	33.532564	19.344738	36.567854	16.364430	35.776272	49.278335
44.081367	23.226475	13.946397	42.099900	32.828353	42.186386	26.883257	44.091071	43.096506	32.579107	16.144670	16.970390	11.111800	34.748087	40.450112	34.145260	35.312127	15.492723	13.968136	16.331992	29.077798	22.702764	12.718254	11.044028	48.168790	20.877741	23.809863	12.733995	44.554453	23.316477	20.066181	15.505537	42.044091	15.504145	33.389867	20.706010	28.328641	13.907667	14.817897	34.601701	36.475913	28.069014	16.615957	16.890494	33.186559	52.445793	27.938509	20.066033	20.005840	11.805010	28.082176	35.095404	39.788999	45.003690	22.866652	26.482201	20.146969	10.699381	12.502648	47.434991	22.411276	39.834014	45.570940	37.149939	28.869688	40.979008	49.357794	29.475359	23.170019	19.193616	21.641238	44.482724	16.322924	15.751205	39.802585	35.464346	24.306488	20.937093	36.191114	15.051630	24.804216	29.693644
46.766153	47.680167	15.602523	47.670710	13.229184	42.422633	14.812591	47.826231	19.162513	43.843330	33.598880	36.362397	34.212504	22.100131	45.338611	27.991549	12.397165	48.177074	31.453817	22.546253	26.683768	49.804653	17.996355	24.539918	44.346968	44.296320	27.154028	20.243880	24.559218	35.677454	48.226747	37.281050	29.260600	50.957803	19.601204	38.418659	29.602257	24.635925	15.362839	50.073968	34.305012	17.042717	15.380256	33.452430	42.840022	45.530755	36.258467	44.818404	46.383126	36.151197	26.561364	45.262352	51.413629	51.821082	13.511177	30.359512	20.100938	20.334551	18.500283	50.949726	42.129281	26.235167	24.825299	36.045838	50.301757	19.081027	35.097507	49.204126	11.445377	47.450469	39.016255	25.276561	41.794819	10.876373	37.103358	50.836944	41.855965	37.669019	45.016600	27.967979	49.991645	14.635798
15.897650	10.682699	34.938015	37.832486	48.603625	16.900275	17.354973	47.889185	47.278658	28.300154	31.929491	24.863390	49.778019	36.214423	12.460514	37.899809	47.742477	13.038119	35.282122	30.375507	47.155193	33.648612	28.244342	20.151022	33.788207	51.350380	25.659260	52.046873	10.861302	16.863510	11.000204	47.249096	35.398398	36.097733	20.191155	36.135949	51.934831	27.921670	12.203298	18.916407	14.210765	31.541870	47.996614	37.517017	46.930592	30.319236	22.082742	21.413739	21.276054	17.893668	44.516890	45.808569	13.792112	24.407417	20.377595	52.219039	19.775485	14.663710	15.166663	38.031884	26.057797	44.758792	21.119370	12.822806	26.877697	46.396113	41.388707	16.886058	45.785243	44.634314	15.104643	41.717894	13.901873	23.217304	17.359500	49.109417	45.331723	44.594757	22.986167	15.905357	48.726684	37.648871
12.873750	11.200106	50.355628	44.363586	31.029086	27.107578	11.296431	25.637668	29.281824	20.633193	35.149354	28.819481	19.043326	35.910450	49.051642	51.739378	24.649291	45.520847	15.538518	36.412010	18.260427	10.855395	49.372651	14.735881	39.148043	11.657910	23.001718	31.242485	36.847167	26.781353	33.797011	19.981662	17.435729	15.169038	46.335252	10.619523	37.310465	26.756709	34.042616	44.767492	50.139998	13.382166	43.757117	51.051323	21.638013	43.888304	49.124759	42.573825	43.898049	48.231365	21.957722	18.736087	15.734196	18.978346	34.773301	15.422769	28.259301	28.558188	18.866552	41.450950	24.115786	15.090380	15.432201	43.049492	22.923785	41.094903	21.709347	28.254501	16.586769	42.185201	27.276244	42.599630	18.467542	48.860589	28.059708	36.821809	35.058388	13.155732	20.919348	46.230648	51.350998	19.485476
22.453844	24.633357	27.179501	20.386903	29.711480	17.274755	25.660045	36.531033	18.995559	48.718857	44.882603	47.561049	29.680246	43.953168	45.671795	28.884864	35.445147	16.122739	28.356024	49.241863	23.532409	44.204148	33.170714	51.578036	38.081340	38.179300	29.743721	16.187820	27.390381	40.965445	30.449464	13.705948	50.490424	30.601280	20.770982	32.117413	43.990964	36.515805	38.482125	48.211324	22.798510	46.969392	51.480934	25.992550	48.952105	34.136664	28.866797	29.453841	35.252378	51.360464	18.481806	22.590571	14.151438	22.648936	19.243149	36.972662	17.377561	34.474443	41.975362	30.199507	44.231061	33.012608	17.381526	16.573837	36.954988	30.033708	16.632537	44.509115	48.414963	51.916519	52.405500	17.598044	27.104603	38.063243	23.540592	32.642621	17.704703	25.006290	24.132842	13.903007	31.037181	24.472578
10.849591	15.602748	45.537158	25.209331	23.674660	27.684218	13.136854	48.984235	15.920037	25.283176	36.858258	18.690446	13.766284	40.766142	21.455766	33.583848	43.748644	35.168404	37.959955	19.532349	10.600188	51.923593	47.857936	33.221925	51.902482	23.866714	41.204916	32.494492	20.997851	41.111702	47.952936	35.316279	21.590859	13.387319	36.663111	43.022956	46.147771	43.288292	18.705523	36.409080	38.161510	42.342069	49.766529	18.099219	38.573859	39.095623	46.585660	18.309698	34.665657	38.346806	24.787561	28.270298	46.268604	37.129906	31.359483	36.197027	23.424459	46.346983	29.998059	20.938742	51.121860	16.961396	21.972289	13.061922	12.688370	10.875112	28.272193	12.369975	23.372130	25.287291	34.547494	12.142701	48.651742	37.901375	23.611573	19.662543	13.216447	27.683961	36.717423	44.383949	10.528088	36.371381
39.641020	29.175359	36.904705	42.292481	29.890758	51.208023	18.169829	49.365067	31.579207	13.548083	22.428592	16.093534	28.343262	11.389743	44.832588	37.139993	35.630210	49.155109	30.991132	12.389070	37.617454	36.174496	50.667247	16.600897	36.437278	36.456795	21.987197	42.188100	17.568632	46.241253	29.369270	27.664554	33.655438	10.804499	48.325674	26.868228	28.753343	28.738403	13.335501	32.298708	20.560398	35.719278	35.183781	52.013897	37.165150	16.344605	14.072621	31.432459	20.501841	12.444763	50.898328	13.558587	35.673229	28.501413	35.549178	51.678315	34.938890	19.456184	38.639658	44.105222	37.738302	18.798550	37.966352	45.005851	12.134413	18.695928	36.823295	24.103044	14.044226	35.617030	26.946957	21.321370	11.483017	51.986613	33.726637	19.565978	24.104380	47.468482	15.439442	44.372625	42.663065	27.261627
29.671566	38.229824	40.045906	35.985992	16.088389	38.890337	18.701818	51.470295	20.696301	22.719345	17.642965	46.923579	22.525823	18.777133	16.394351	18.717795	21.353357	14.571133	12.463456	48.766173	19.758235	17.424502	36.291141	47.082805	36.322367	38.390026	33.148338	48.862401	20.171006	51.028761	25.108322	41.792688	46.978261	23.558967	47.947229	52.097537	17.731326	10.832585	36.046198	22.782060	29.190126	14.664278	42.047280	31.985277	36.767315	14.519074	13.319564	15.832678	19.441429	35.496570	14.300347	49.616427	12.067509	13.369525	18.129364	35.072850	50.760232	24.289242	16.314161	46.962334	50.086089	21.531425	44.120754	36.068556	14.626825	48.948451	39.463978	28.825995	52.215794	20.877347	45.032412	17.120848	26.381667	32.961413	36.693423	51.363310	21.190927	23.154904	12.107754	25.433598	15.299955	16.400557
28.616049	25.851072	38.667441	22.052241	48.668009	24.873009	39.452467	47.596051	42.862780	29.247457	19.785652	30.822287	10.785887	13.743621	31.714199	13.972036	51.458083	22.318651	41.919355	12.884739	26.678477	26.010215	24.657396	17.473525	34.266823	23.218969	13.248738	39.442935	35.853383	36.326365	49.242301	44.452307	23.931509	21.384142	33.124931	19.818635	10.821770	20.842779	32.799993	47.145559	29.137721	23.018777	17.809407	24.477952	41.745456	37.825058	45.324477	45.019109	29.544107	38.044087	25.069061	36.001842	34.001303	48.329511	48.341657	51.667569	36.210312	33.522901	11.727069	32.451047	16.456226	40.203010	11.533277	17.250017	26.206942	26.593790	47.115513	15.204572	48.665378	41.706052	27.394970	10.761043	48.360797	24.173337	14.264626	33.054923	42.385342	29.207311	48.138909	35.685959	35.775890	38.032065
52.361239	30.639102	30.493809	16.989969	19.596227	16.192608	16.665270	35.627810	24.615023	19.812872	45.145118	23.308024	25.034275	36.680379	15.429650	12.391964	30.144221	17.629995	36.714731	32.153895	15.957189	16.688110	50.751214	14.037432	28.660338	26.546103	45.191340	22.546907	21.482081	51.869826	25.636366	15.968025	41.909025	13.443720	12.498658	13.389499	24.863354	32.445214	31.545108	31.549825	34.521672	19.079687	13.913592	36.678797	22.436478	42.536777	28.715261	45.607074	41.555344	46.190861	19.581782	15.807388	26.640814	13.471127	21.058645	49.699202	15.794778	32.188549	18.816768	23.007384	30.168283	38.530911	42.477929	12.393655	34.474132	25.863661	52.393577	18.787418	21.760181	51.631320	25.779721	19.125875	12.601717	38.040783	30.686805	48.490509	30.518650	27.356563	46.490635	45.273373	24.486665	13.884554
42.392996	32.499126	40.782067	50.967421	15.093433	27.569132	50.283852	11.207369	38.935578	19.435988	19.139725	25.940253	45.457319	52.355312	23.821502	35.872601	33.858528	34.425417	24.880219	40.504148	43.128130	51.328061	25.650575	46.318121	33.225172	21.025420	37.313073	23.027634	33.926196	47.537286	52.406345	11.078463	52.394704	43.016669	17.810358	37.375201	22.601836	33.465557	26.962296	50.060158	32.679069	44.346051	33.919632	50.537806	19.489972	11.273006	51.466399	41.404686	18.780920	19.104423	15.804033	15.257005	45.384994	51.765192	47.041060	48.942174	20.116835	44.058586	45.547065	12.973389	38.525045	48.426803	11.051083	28.703264	43.975381	14.404871	13.797915	39.913925	48.047475	22.934014	22.850639	24.329577	11.468636	44.874379	29.279572	47.949367	43.350575	38.120007	50.829418	37.305722	10.938724	24.397464
43.216020	50.635572	42.181747	17.795351	44.116937	40.927939	50.394448	25.114551	22.907193	48.327008	19.913154	32.003028	31.051859	26.108151	28.563988	47.069667	28.496601	16.353341	32.623783	15.334150	28.854447	11.804594	33.964247	20.861907	21.963992	51.978685	50.270245	20.785804	11.649482	15.180577	38.988412	46.690942	25.897628	43.124275	31.542941	25.870374	25.958330	26.591687	47.399132	40.390815	28.797480	36.511803	43.813436	44.252847	31.533849	22.679552	25.156079	43.597576	37.700779	17.155391	30.796413	41.063589	47.016533	19.011799	27.389537	19.793686	15.944542	29.286026	36.619351	18.197455	48.283577	20.794261	50.468430	20.345145	35.571060	30.199612	22.829165	31.251114	52.092596	37.769456	44.962081	52.365908	21.399100	15.166532	36.911866	21.654742	35.854685	42.268924	31.284226	10.536876	26.843650	30.613844
15.347064	43.166764	19.493247	44.113993	47.973698	51.590579	52.186212	39.693946	20.124220	23.108474	35.645222	30.145063	19.803156	17.442716	25.145798	43.657969	46.113509	33.338010	24.300525	17.788073	11.516164	33.558997	46.081348	49.600417	30.226803	16.746597	41.914071	28.684559	33.258927	23.035638	14.081838	21.290746	51.462442	46.737856	25.946172	44.465353	44.953269	26.394472	24.824271	26.401284	36.984391	15.233789	46.705133	16.073629	48.826186	27.536499	38.582106	34.320507	46.196492	35.122781	25.683741	21.512063	24.143913	46.691947	18.465840	17.168905	21.165211	35.900673	16.464952	22.609693	48.779890	51.443964	15.079995	44.843129	15.946310	27.748836	40.073789	27.763373	30.231207	31.878468	47.623749	26.802160	29.056525	45.088180	25.412885	15.412022	45.707971	29.863960	46.223914	13.405389	48.028508	17.409504
17.341153	19.453096	48.094147	23.176463	35.363871	39.591513	24.844145	17.304136	45.293826	35.122064	29.428127	12.671845	44.437426	22.681166	11.792788	38.029348	41.091132	29.341079	42.018806	15.178554	29.509062	17.125682	13.334812	41.285017	23.193473	22.646371	28.564260	46.804574	46.586961	37.087050	50.616912	42.115074	42.218859	35.361064	18.710798	41.997253	31.314812	20.767998	46.777936	36.663845	38.366404	50.437973	39.168984	28.670198	25.567299	24.059503	49.045589	50.015296	10.713214	31.755690	51.596977	31.945152	46.332213	40.880111	28.133845	15.304755	25.396857	17.289577	23.239623	41.685545	36.071771	20.841037	23.698821	47.235554	24.843476	49.170104	39.027897	28.449631	20.455836	19.386941	25.177970	14.793884	52.210848	11.252527	11.422406	36.795347	29.206892	13.201529	14.092321	45.759744	49.650608	47.200904
30.793947	49.696710	31.986408	48.444255	30.053110	33.412598	18.769918	21.690271	17.039833	44.412471	18.926914	36.644729	35.097910	44.929215	44.564290	41.477064	47.299849	19.391598	18.625541	39.925100	28.791776	45.806850	28.386032	28.039142	42.851620	26.171368	10.553804	38.007527	45.455388	14.793344	33.245989	48.389767	50.746559	38.943170	38.347206	21.444265	46.716114	50.742540	31.770912	18.864404	21.947789	22.749831	26.120883	38.029338	46.463922	49.717039	25.051635	17.803509	46.699949	39.828356	25.452744	38.745985	38.125482	22.319987	30.253200	16.053750	21.713660	12.230505	24.140283	42.247385	26.285512	39.442066	12.568343	19.915156	32.135994	29.854737	15.535882	32.875908	48.062839	40.616090	28.768072	50.864863	18.608833	16.443370	26.322695	21.109881	26.592113	15.618024	46.723002	42.395203	49.674622	21.484866
45.957075	29.549583	42.847222	48.962870	21.027942	40.542634	46.835063	30.686128	33.396011	32.788318	30.627282	46.404323	38.512344	50.159722	18.624412	29.426200	45.722685	27.450250	48.255201	39.961140	23.293208	49.743131	18.971751	47.684341	50.260140	28.963389	18.342530	33.825271	44.754242	19.932010	35.894915	50.712462	27.817221	28.211748	33.177922	31.540953	32.860757	14.133181	43.126626	15.050406	20.796313	41.000874	32.759541	26.427614	29.085842	15.355518	26.708899	47.817498	18.779795	12.702832	16.676553	46.534003	47.754286	17.250022	38.865109	25.312208	38.290695	14.646661	25.782292	47.428198	29.007575	40.007681	20.704466	43.177228	13.355146	47.564098	33.844503	45.123641	36.182158	29.210489	33.567017	29.770699	46.519188	49.273565	28.901858	20.178055	21.243925	38.940049	50.811300	23.337541	51.940323	37.507859
30.559214	11.679239	31.947528	46.734069	19.126469	51.797618	40.510639	18.686154	44.961137	29.615385	34.362536	15.761470	40.850075	27.423506	33.689294	17.849884	34.889480	10.534034	36.855949	26.927797	35.121484	43.224864	32.678042	32.252202	28.536275	40.328252	41.133699	20.935827	50.220752	23.401908	11.653406	18.172812	31.754519	17.908670	45.492171	30.441692	48.390885	26.138735	27.777988	41.973522	32.890851	22.515269	32.731259	27.832168	35.505970	16.234886	32.558216	50.641178	39.677171	52.074646	46.605735	46.674055	51.093560	38.617097	50.716805	20.989540	47.144462	45.313045	52.316528	45.364942	34.411567	33.077889	35.808346	32.778602	45.895279	14.275641	37.587013	36.543145	27.919708	31.544706	46.407963	19.353809	27.423335	31.544501	36.675245	16.024568	15.331378	38.687087	24.235568	23.955097	20.806532	20.160547
52.252926	13.743002	13.501031	39.498959	45.299472	37.955411	49.679454	14.475026	45.848011	35.509340	32.449384	12.077159	47.876036	49.017469	40.454087	19.879575	22.360531	32.036717	44.408446	28.526485	38.336221	35.815502	49.251656	50.911512	14.238779	29.906729	43.652401	50.928163	51.010785	32.845828	44.307901	42.945319	34.624560	32.720394	45.806290	20.409217	26.957966	35.294686	26.191015	20.876358	16.321443	32.066448	38.113444	51.141624	15.280029	38.763615	47.021326	20.243664	42.676712	14.905276	10.985881	15.248838	38.473862	14.215042	25.962321	47.842032	13.008776	14.211594	24.381977	45.114990	35.198154	48.964092	25.965737	38.704146	29.728750	38.126660	29.681255	14.804455	31.964066	44.102207	39.511034	23.545705	49.561746	19.591277	29.566482	46.011969	44.566055	30.374235	35.088329	52.093302	11.898222	32.523695
50.851381	22.137665	49.516365	25.213049	33.448572	41.201854	14.550678	45.466679	26.180945	40.389625	15.641043	46.410123	40.474957	45.471298	43.101132	15.738270	27.509889	32.640648	30.445446	24.069787	28.656057	15.247456	51.178386	48.808414	47.177659	23.459684	45.217812	32.189941	27.264460	51.139779	11.559875	39.035367	15.021490	49.364512	15.367307	11.202332	22.362835	36.800695	29.656297	22.663514	49.287171	33.716856	30.983798	18.115462	31.032651	11.941752	45.673909	14.250143	46.844339	43.105022	11.701197	41.666839	17.274595	39.543850	12.479330	32.032841	19.824774	43.289101	36.620661	15.591224	15.833937	41.849395	40.745834	15.836040	18.045758	50.954490	17.601332	24.225284	43.196745	21.652281	11.875593	12.882236	28.905959	46.995867	38.587189	48.859870	23.603575	16.999795	29.856742	50.785434	47.863796	26.442029
25.534258	50.166679	48.651902	25.036382	35.405472	27.837202	20.767404	36.544086	17.690490	28.457122	27.138845	39.808047	18.367109	17.404577	50.688701	30.602738	11.893311	52.273802	34.706094	25.842503	15.192723	48.889524	52.125201	51.925471	36.065716	36.469918	46.185783	47.709372	21.182190	48.379317	48.796311	33.990305	17.475447	17.397467	18.435265	13.835626	23.366033	18.308270	28.739594	26.766079	31.392258	40.175829	50.475858	12.054436	19.752913	22.921507	15.594714	33.698673	27.072861	24.266907	51.373956	50.275011	25.711414	32.925293	37.502228	49.365073	13.786765	25.288129	45.742865	45.966879	19.344313	47.728706	52.124606	31.796003	35.534680	30.349562	33.743166	39.154640	15.881962	31.291224	42.532769	41.840913	10.517628	16.329970	39.447412	32.158738	17.922044	50.897687	15.082971	13.569145	27.368470	23.612908
12.389953	42.732169	22.666046	26.278269	42.872366	38.377277	44.637879	29.813792	41.571664	39.305353	16.746800	46.108641	29.245388	26.085991	33.742022	41.923731	34.856779	25.822218	23.202047	45.157514	39.139284	14.152709	16.776449	15.059989	14.463728	39.252873	46.300751	42.960081	45.873574	17.768023	34.419262	37.723687	21.573727	17.351832	28.806241	30.044328	50.181523	42.082404	37.142674	33.747394	47.180412	33.493327	40.274156	36.823464	20.251116	48.012291	45.005455	48.888269	23.375371	20.579054	49.932059	46.465793	23.072446	12.810539	36.293132	43.702700	17.953597	15.181410	46.826849	37.688480	14.481888	19.087159	40.439906	44.703076	35.072465	20.660484	16.948997	41.818324	42.417370	32.643197	30.779969	31.023372	24.683774	14.214684	15.625746	41.540184	46.930619	51.191670	37.202691	12.422646	31.238688	18.745281
26.052665	50.178265	16.469882	34.353589	33.410334	19.839029	35.060096	29.693957	28.219110	40.568584	23.154787	15.739555	22.022937	48.285064	49.659083	39.258916	18.974362	20.712636	43.753317	24.369414	50.286826	39.856279	23.657375	28.466488	40.424880	49.274938	17.798154	44.498456	27.311033	20.574994	51.912833	44.134849	35.033853	15.052630	20.877463	37.771319	44.774832	48.632737	20.812142	37.964461	19.358183	29.776010	15.860221	41.570794	34.476756	44.128678	26.063650	19.468602	39.893172	23.036487	25.474448	25.515283	51.396461	32.590556	41.227832	31.721630	37.739433	49.224795	13.079592	33.897611	19.711132	40.492154	30.166783	35.032764	51.253487	39.899402	45.201981	47.654327	19.139244	43.948573	21.911533	46.811166	17.724843	42.827278	36.669045	40.186065	29.902512	48.893961	12.144726	45.987402	41.121408	27.785407
46.119570	41.433885	20.523835	49.949063	49.543333	50.309558	35.745798	28.189315	29.433987	37.923816	46.019481	22.379209	40.031496	16.085585	37.035074	16.051355	11.377965	35.754004	47.984845	48.755353	41.193857	10.578063	22.048989	48.085183	18.665292	26.804903	44.384385	13.013347	47.881561	13.913681	12.635902	43.909029	15.684065	26.574748	44.288999	14.087590	47.914043	11.659001	34.477822	42.761359	30.678190	10.900130	30.484132	10.976630	18.007635	32.771621	14.152998	45.020827	35.177103	21.967817	20.407777	14.293459	38.724269	29.709831	41.454530	42.855381	51.583488	34.306964	48.435616	44.742039	21.721294	10.947513	50.709030	24.576292	35.508976	45.247938	45.344874	46.122697	26.199657	33.822790	11.793885	39.634543	15.463377	32.370793	19.643959	50.617940	11.563381	28.214000	47.174478	49.594977	39.195687	14.988942
25.724624	31.383781	30.293639	12.228006	44.682684	21.839857	40.311370	40.673042	32.096920	37.448050	29.075262	23.562503	41.933089	11.777431	34.478528	28.038881	31.907444	50.832186	11.224386	47.175340	15.125354	42.973366	19.888174	23.046159	32.966847	10.679207	29.666092	38.807960	31.820110	27.532913	30.864423	46.795921	35.232993	27.376041	48.284868	26.615978	34.095864	21.004031	21.045980	47.273537	52.451484	47.681407	18.585099	14.425317	34.290385	17.479203	44.646875	26.106945	51.623862	13.812261	34.376512	31.087100	29.914127	27.115346	11.569817	10.874665	30.349787	27.826588	37.507714	19.224437	30.980174	35.639337	44.310585	42.413401	50.657162	22.282455	50.265691	44.001153	11.516128	37.327612	51.485714	10.881160	21.340703	39.175415	44.232045	40.382449	40.956984	38.609422	40.544748	14.991710	40.387620	22.541577
15.012907	35.579005	43.178440	33.620330	43.508502	31.173102	49.257992	48.199205	33.063905	14.262062	27.694958	37.278113	33.172867	27.614856	30.917757	20.435330	45.493536	17.471703	46.311782	14.473945	35.527327	50.530312	21.210254	33.137750	19.096375	10.936532	26.925939	36.344867	40.408129	19.968213	44.342414	14.887947	34.409281	48.198705	28.289320	39.844767	41.412195	42.413965	15.373735	38.526259	41.636227	36.800712	29.441068	13.717142	42.777190	44.434069	32.943549	47.319829	33.409828	52.058402	20.048947	44.028116	39.201079	47.590767	43.976873	29.699704	26.391352	21.401403	14.263724	40.074829	12.471237	19.415013	25.208849	22.474184	34.095724	31.077738	27.836720	26.455072	18.384784	48.991340	44.354692	17.582554	38.051945	30.226296	31.090886	32.968215	11.837937	20.328244	27.385439	33.698169	50.996505	43.550963
31.815274	16.315853	11.095480	45.790455	35.185476	46.921625	14.870462	43.660807	11.073442	35.770598	40.710984	16.341648	41.589924	51.506548	27.927771	37.244309	27.936033	29.671208	11.540437	18.076431	45.791057	33.633368	37.380796	46.833704	30.490307	18.668797	39.469915	21.060571	43.486009	35.855802	32.367015	15.230504	41.590857	46.542346	21.503669	36.561830	24.003484	30.826822	22.234563	13.741824	11.758350	42.284583	23.814052	17.488057	42.452905	37.577041	44.687839	34.144210	37.428859	40.161142	19.267487	16.573569	27.189261	25.758755	12.763528	16.258293	12.295547	43.698526	43.898668	34.757762	18.725744	12.945599	45.829052	34.263074	13.218358	22.598910	33.968122	51.622761	34.670380	29.714410	11.854133	39.519775	23.628567	13.970165	15.679521	35.285423	37.069553	27.193465	37.567110	42.568552	46.915753	11.074370
16.103015	42.142452	25.661480	43.319024	13.684847	10.657318	25.184070	21.880469	34.344118	22.041340	16.330675	23.067207	45.006154	38.400541	17.028830	11.110083	37.184271	14.985828	44.882304	43.776189	11.586842	18.537128	51.714321	36.410483	12.989940	25.872183	22.170959	23.565549	23.777523	36.203073	33.516612	23.880492	41.931043	29.680165	17.647739	32.362662	45.182922	19.204657	28.519004	48.285222	23.146603	42.822912	48.301422	32.671226	14.783980	51.547490	23.794793	16.530982	19.870283	45.013197	50.493331	39.317309	31.090351	37.041260	36.288954	35.396053	34.144272	52.282951	17.161126	48.555232	22.810236	32.654680	51.720223	24.887126	19.193834	16.118291	48.925773	52.016677	14.422626	15.696463	42.803408	16.338603	37.192361	35.220725	20.629535	49.009179	16.292253	27.475429	20.251239	16.294215	43.917656	12.585338
28.856237	30.034026	37.498351	39.632552	32.605959	27.823150	21.568322	26.563272	14.621372	42.946895	52.338892	28.302702	29.583208	31.071904	43.656154	48.395184	45.571725	51.286975	50.748392	43.723358	36.896903	23.225370	29.229131	12.888808	49.415765	41.025047	18.056203	30.729580	13.768657	33.736983	25.401574	51.125251	23.218305	25.559604	29.637358	51.880115	22.090074	21.186654	12.423724	47.441932	19.188082	35.731906	11.980721	19.102159	15.023192	31.222089	34.316726	12.630386	44.982640	34.556695	19.542324	14.950392	28.632855	30.613574	44.506557	27.807156	34.040399	16.025373	39.441821	51.130462	33.862138	19.671549	35.904025	18.474013	35.126613	50.411484	28.374070	51.302422	44.120921	39.982398	35.236823	23.621715	30.334333	39.224097	38.320063	36.036123	37.385334	45.782332	13.565979	47.414344	18.980296	15.681526
15.843658	13.654907	21.820283	40.872195	43.503559	39.509567	32.626811	12.722368	35.629321	35.554155	52.450691	46.111301	31.599725	39.771034	18.056096	28.341891	11.346816	12.090077	30.065482	48.867135	35.561496	43.040060	14.891312	11.368119	49.885001	20.820491	39.738710	16.187576	32.705420	29.869748	43.505769	51.176820	29.779904	22.955046	43.801392	50.789569	17.416609	34.457134	14.072269	36.947704	31.569419	16.800416	11.993897	39.835636	11.509700	26.131537	39.386376	29.515999	33.729934	10.981586	12.756494	11.930660	49.563084	51.385930	27.265036	46.838390	33.816302	36.892525	19.458625	43.048533	21.861894	31.871458	33.771637	35.540042	41.263583	12.491247	34.872159	42.215582	51.642378	38.073969	14.078354	28.665162	20.058671	39.588145	11.233625	23.447763	43.853172	33.489530	15.374551	25.203764	51.339105	20.805789
14.677856	32.014233	17.266207	32.552506	45.676737	42.599471	46.021033	36.525595	40.109843	14.042252	39.612054	11.384178	48.243671	29.229703	30.740845	27.694359	45.031956	38.587494	40.677483	24.951704	29.291736	35.668000	37.766022	35.308923	10.517228	33.526372	32.008574	32.910241	17.759569	25.120352	46.786960	49.093534	17.322136	46.641537	29.016279	23.967196	44.575789	44.137525	38.243178	18.694223	21.112673	13.173780	50.435528	39.126525	32.417762	28.238332	39.915381	42.221577	43.846774	18.791432	25.738763	38.643788	17.343769	23.019701	22.460081	30.883693	28.502218	47.994577	17.033770	34.045769	36.321706	44.506685	46.969866	25.572314	12.718648	34.718379	10.613891	33.535762	12.835459	15.213355	14.677805	20.598778	12.236329	35.365240	35.069539	31.481845	20.285621	15.176932	10.517753	30.614130	25.119864	15.940149
18.786496	41.183869	16.125123	15.414600	20.861583	38.894210	14.620894	46.042444	22.740118	18.529576	28.917980	17.936736	14.489472	26.217125	20.936653	50.012159	43.869129	25.508920	21.965350	24.401650	25.815894	32.358347	49.442522	47.237748	27.298855	44.597847	51.737254	30.543691	43.766373	30.557006	26.088463	17.000580	24.381333	50.094775	15.588673	15.811867	39.021219	41.530187	11.913124	46.571779	38.086661	37.288479	28.854726	50.037182	51.075870	24.134351	32.750888	22.707369	43.541243	32.751131	12.841914	38.304047	41.076658	40.299745	42.813993	20.589884	27.329195	16.603941	39.932132	52.040585	45.937820	12.750140	37.301348	23.950350	33.477997	35.483526	31.296591	32.791829	30.685054	18.553318	12.603877	15.377298	41.280316	20.761096	42.908705	11.224180	11.886962	50.554863	30.964655	47.933515	17.005226	21.195740
48.087779	25.043092	21.765828	32.999469	33.424262	34.502722	38.356118	18.373639	49.231528	14.785244	40.278672	44.388660	10.965276	43.299219	40.621753	11.847030	29.296845	24.787185	33.107301	24.312112	37.559346	16.962687	48.563717	23.967692	12.725665	44.865115	19.408414	21.518782	47.183307	19.330919	34.172932	12.053571	19.048928	20.931623	23.751621	49.430087	29.993325	37.826413	41.802258	44.012583	23.407465	42.330815	34.333857	42.856290	41.539955	11.499134	44.280502	26.612615	49.456778	34.485041	45.404659	32.586454	40.999654	51.803018	44.584540	39.862075	29.371378	17.921656	15.746741	51.374274	42.589992	21.490527	26.754042	45.479966	40.092099	47.816480	43.872907	28.219996	14.017659	19.462311	34.140243	15.829069	39.540133	18.991591	44.610066	51.518408	11.451392	25.923928	17.161125	51.777009	35.445037	13.806066
51.898919	47.589573	18.231855	51.761413	45.563288	43.852314	44.314391	47.765669	40.752157	13.168318	12.264825	43.776740	17.004842	42.546972	30.487242	26.407331	19.346771	13.736207	10.843547	37.255571	15.999105	29.913672	21.481358	24.281026	41.603392	13.785000	29.783985	22.130554	30.242479	26.409090	12.550755	43.457602	25.704628	11.480136	42.927711	28.934829	13.686610	24.481235	51.561878	27.530693	32.839099	11.499166	14.533061	25.194631	12.045606	46.995949	36.254608	16.352183	18.502822	10.931189	34.001778	46.819924	21.176598	18.444278	23.561706	33.745750	43.900159	29.421343	31.669381	48.788374	41.618156	28.894534	11.494103	43.794647	25.423796	47.277119	22.938600	36.680313	45.069946	27.762233	18.994790	12.209266	42.002511	18.780153	46.487922	22.626750	33.759885	13.171645	23.531724	23.552815	12.361178	21.944847
28.796407	50.662424	25.829253	40.449936	26.749536	38.208193	19.762888	41.425367	24.966786	16.108816	12.500709	22.843631	12.339263	38.426017	37.104569	20.999404	41.792150	44.961765	44.354823	21.102983	50.069304	11.525151	44.046275	23.424584	36.495386	39.829327	39.035251	48.241848	40.012912	28.415886	13.361558	31.027168	21.329706	52.333263	41.738553	51.623792	48.975866	23.436341	51.404431	44.444406	24.508837	13.697244	18.365017	34.879938	17.706331	12.871617	38.230513	49.512933	24.257081	15.913689	42.223244	37.901861	29.107097	38.350085	25.391952	28.798103	51.572158	32.082850	36.124925	25.824203	22.926208	18.481263	17.126956	31.735981	26.884572	38.243973	12.397297	30.217287	15.179651	31.476403	42.111338	12.647063	16.726711	36.307352	28.427093	47.749909	49.844388	20.413043	10.763913	20.545093	34.945898	11.460635
26.335815	45.250691	28.687933	37.244597	15.488640	21.877511	29.631565	49.545554	38.941323	44.158886	28.399936	25.141409	32.830132	35.593486	38.446386	16.140545	17.057645	30.065197	43.235635	31.263358	34.132518	39.714995	25.397697	41.290152	29.001714	35.534949	21.808129	52.185220	27.232437	52.129529	42.589672	38.046487	23.595805	44.814672	44.461569	39.581115	36.247087	32.000934	46.530766	46.813804	48.962791	31.039763	24.134206	37.836550	39.387495	12.929068	12.315709	39.269886	13.261394	18.456201	37.026419	42.563631	35.531119	25.578556	24.273544	43.354604	21.357528	10.817183	23.160036	34.074328	32.689349	38.532865	50.468848	39.146205	20.113640	25.738454	33.866720	52.080937	38.635746	24.651505	45.665187	32.644368	18.770063	46.637361	37.067787	29.663292	48.413532	51.612232	26.304882	22.679709	20.043928	25.621192
11.092607	47.067774	26.740075	30.873216	49.418962	31.297413	23.909227	35.419289	44.167953	13.428798	43.265482	42.127350	18.348158	35.613525	28.167016	34.141601	24.919082	19.473851	34.631942	19.617976	44.669652	29.805513	48.804973	30.819973	42.273191	32.419273	32.499203	13.297735	40.625968	36.171673	47.711087	37.394233	34.364776	15.377527	42.176134	17.923664	13.768107	13.557672	37.502863	28.593241	41.481118	23.795708	29.755670	34.672181	33.419418	34.118300	42.043305	18.237574	41.976828	31.951039	38.321948	50.458633	19.445167	51.671014	38.745222	50.962723	48.658092	34.324610	38.546149	29.078226	41.945175	26.035109	11.429582	35.542283	34.849636	32.198677	28.623958	32.732138	22.625660	49.400445	24.939191	43.786846	20.068073	30.385536	23.660467	34.852089	34.077684	41.632539	18.310058	26.699606	51.521622	40.659509
28.748304	41.334077	22.087236	28.909615	32.778946	50.054296	33.069891	36.232365	40.383055	27.055633	49.658697	47.595095	13.148587	25.693035	20.414815	11.191040	44.116982	30.156769	50.825220	48.645279	20.301278	48.940472	24.798519	39.290076	11.881471	22.278874	25.971424	34.778961	52.311892	24.186438	47.627998	20.229528	45.307484	32.482241	36.269064	49.352642	37.684995	42.375359	34.289977	22.108720	26.933592	28.180296	41.754798	22.673519	38.954773	33.178789	27.551763	45.895342	45.885114	27.133285	11.926388	37.633531	36.266405	51.424350	29.599991	18.997999	47.703610	21.016840	16.532602	40.852624	25.513194	20.192120	35.534713	22.745667	26.497636	14.205771	46.107450	35.388674	44.482439	30.533864	20.845994	14.827203	13.217986	16.893753	34.076794	11.237686	35.207037	32.473708	32.137113	31.857647	19.977301	17.384999
40.417151	11.712181	49.335288	38.290777	29.728167	36.080055	18.340425	33.636781	12.940192	25.786836	48.233733	44.263130	45.374027	15.165928	35.431093	51.046828	33.537748	40.843814	15.348321	44.742539	30.205446	36.462508	26.289015	34.141370	16.451395	27.001739	44.266628	45.900854	18.908728	16.896449	42.772371	40.702466	14.781095	27.992903	24.465066	31.397872	36.573765	38.639665	45.245090	11.056868	25.549638	50.669306	44.016589	34.860288	36.093130	45.092536	17.772475	33.160625	15.002579	45.061523	32.316821	35.013829	12.614054	42.120238	51.621220	17.038280	29.102674	22.558727	35.044415	32.408609	21.721310	23.007679	13.284705	31.792333	17.337994	31.588448	20.312652	33.397887	40.254234	46.141844	12.240655	19.017110	27.242688	48.212777	41.564882	28.768661	19.893211	11.381900	16.792775	30.871343	49.340396	30.744171
19.494985	48.021244	14.502109	50.535265	32.325920	28.313869	52.040923	18.048572	49.612862	10.959265	27.030563	43.351412	45.059630	48.172277	18.500506	13.565632	40.286093	34.666723	15.044190	45.998598	26.493099	39.360178	41.632087	26.470209	33.138559	17.737087	44.552942	18.309640	28.767334	44.733669	27.301069	33.518761	17.927121	19.795678	26.305104	36.248957	14.701845	24.766159	34.797616	15.294522	51.345643	31.860826	25.709487	19.658045	30.805818	31.789675	12.369915	51.272618	26.599047	26.794040	13.078663	33.430616	24.803679	20.425115	20.550463	18.974251	40.711278	46.101349	21.183863	15.022443	34.132685	35.530028	43.598707	32.975901	31.657520	42.174248	27.036216	35.381503	14.071823	22.182718	23.806394	39.728277	40.742284	47.959366	28.655459	20.017419	39.687190	39.031364	34.087540	30.485989	41.044696	47.783580
35.714266	43.774750	17.691609	15.992377	21.017735	19.148204	40.033114	21.939206	25.823117	18.899026	49.045531	48.444054	42.494831	17.846641	15.074968	40.346928	47.936729	13.983718	16.282556	32.367880	35.469413	36.781362	40.455972	45.549357	45.246312	25.211404	21.288031	29.240141	49.906835	45.856176	10.504234	45.032862	46.813944	45.446352	20.986444	22.559666	20.033805	20.161132	26.363282	28.663921	48.513202	14.634918	28.022224	43.450794	32.962288	44.336673	40.743597	39.635816	34.800375	24.329322	13.625890	44.563283	23.677556	36.015099	46.819654	14.281847	42.866114	47.862646	49.239644	32.221730	45.434660	41.888093	11.456250	19.316687	15.176149	45.459591	18.739505	20.299627	23.222356	22.928528	35.246907	24.113381	39.493065	45.529497	32.974542	31.745585	40.510675	37.999302	12.224872	26.025446	22.135113	18.951095
15.414446	19.019208	24.775698	28.954270	12.963311	15.209925	20.926763	42.397056	27.596635	35.741177	32.596393	26.703298	38.697714	28.472270	40.437283	15.323262	48.590766	34.872102	39.391215	10.615384	41.629278	26.274945	34.992969	22.239850	49.726314	17.673103	50.252392	47.206516	26.020033	19.424271	20.232231	41.600914	27.419929	42.497970	28.758036	44.094414	46.853856	50.711631	19.880609	44.524922	35.680805	51.454035	38.004036	50.243937	30.225246	25.535377	46.212550	28.653186	44.738312	12.278098	31.276706	12.930544	47.379904	36.573516	18.085887	51.252729	49.822392	48.569468	44.374410	14.834693	15.149330	43.307473	42.718303	38.116154	24.263904	28.659532	46.009894	50.085969	46.946694	37.464039	29.755456	47.147358	15.827534	45.605737	48.592895	21.366165	41.952825	50.674442	35.506621	18.148878	12.023830	40.809939
43.674298	47.642422	32.003672	36.632607	30.827770	19.812318	39.768224	16.834910	21.121999	19.623926	25.510689	25.263451	13.434839	32.442832	26.283335	34.437670	17.696138	28.028188	18.872347	46.727350	24.741885	47.478012	29.199050	31.478597	36.529715	18.631290	22.181241	17.287556	28.857462	29.519261	38.076909	38.729396	14.378538	15.631841	39.300062	22.955921	46.428682	21.272340	20.283239	19.091839	41.564023	12.932169	25.779370	28.732389	51.791623	46.851506	47.853888	12.817791	17.134039	37.782430	34.261091	36.631659	39.611794	24.852928	32.625126	31.964767	25.001041	36.288113	25.888498	41.810155	35.716678	48.319123	12.985245	46.650725	46.640055	41.919774	42.654094	36.345944	50.739201	39.759663	16.470164	40.003036	11.744927	37.403497	21.204579	33.818060	35.514987	31.623381	18.781419	37.962025	36.739325	37.942254
51.306783	39.412463	21.229269	43.418630	47.372205	35.909805	36.706052	32.510607	50.841997	41.562392	48.613605	37.601371	40.768944	39.559466	46.502488	49.788390	27.150776	42.702270	14.609437	30.825129	23.838607	20.755302	22.046678	26.555320	45.196628	13.429451	13.884945	20.483569	29.699057	40.969000	45.007494	28.774532	17.075255	18.250620	40.841458	47.926480	33.554771	46.910457	42.843851	36.990288	41.197468	45.854741	13.950694	26.971409	33.741956	27.632716	32.344603	12.957542	35.282178	37.107936	51.524049	27.738489	29.896433	47.373817	37.808795	15.471349	20.423344	38.094924	42.120246	15.922467	40.848743	25.662687	21.763920	22.525110	16.747751	52.230337	36.297435	23.568083	32.120311	47.295841	35.891217	12.700942	32.463996	23.368033	27.450651	13.945095	27.209101	31.482797	43.941493	14.872931	42.477898	45.339433
48.212477	51.023944	30.207244	22.575271	10.581106	22.916566	23.915056	33.375569	41.788609	34.164599	21.065455	17.530587	37.269456	43.581372	48.623752	11.237112	24.067227	15.658617	35.026898	20.647869	17.033879	48.234587	12.370191	19.786209	38.233180	26.719093	37.159353	46.463520	19.142937	41.340424	30.120689	32.109487	47.270465	43.857245	46.201580	24.486983	32.152843	36.465932	12.871015	34.720282	39.015977	49.578214	30.886895	44.143310	44.660292	49.998775	40.019572	26.470126	47.776959	32.523748	22.554546	11.967110	23.787356	51.591247	47.814225	25.158428	17.944757	37.268712	11.343152	13.884961	49.565895	34.595727	29.710565	23.726012	28.378096	11.268765	35.856430	28.743157	39.960424	36.284119	22.859437	33.604451	11.802441	19.294433	34.548825	41.739905	26.147188	19.172861	50.196542	26.178373	14.639487	31.985671
48.900250	41.063198	10.964943	41.244273	36.344272	23.095141	43.488752	23.284378	14.760113	43.453099	45.714449	13.080154	20.635799	51.105972	37.256556	14.191400	22.239474	37.448394	31.022896	49.720137	29.810668	21.867614	21.361054	24.546080	41.157644	12.193848	43.602086	39.506392	45.539475	43.900042	20.820502	31.045567	29.446116	23.401975	22.488569	25.822933	37.783291	46.874721	26.246927	45.831439	14.138415	11.438040	36.218630	10.959026	52.197961	17.061612	14.367111	15.729306	28.699486	37.842774	25.469335	44.330739	19.562530	49.825673	24.494681	36.482208	12.643802	50.146384	31.747661	43.132750	22.038877	39.757293	13.205674	51.821676	32.943062	33.158206	48.967995	42.107226	13.385507	50.729716	21.374704	14.548923	46.112596	11.604241	38.061778	10.512531	36.339605	49.986672	34.867696	51.025177	33.616805	10.964984
29.118185	46.216699	12.579408	18.559392	14.390724	14.899145	40.084696	20.474950	24.306536	32.905518	34.975843	46.715187	19.200158	51.167043	22.345305	44.482867	32.567904	45.987800	11.124803	42.855270	20.368217	33.870694	41.764417	15.176119	32.911676	49.177663	42.668850	23.869579	14.382152	27.682460	26.771635	37.654874	32.583258	44.895319	36.120501	46.885025	11.391756	35.380404	28.358525	12.219135	17.777730	47.889018	46.670277	20.724604	46.103064	35.733224	40.782698	37.796700	39.762281	17.725125	37.974661	35.422828	35.390902	48.991729	43.885158	35.490843	12.514286	31.837886	18.348945	51.148648	29.463907	11.123354	37.833616	34.411113	30.661574	38.934301	26.645989	22.666455	31.530345	51.691083	28.560516	25.776726	16.600496	42.891527	46.416617	28.945680	11.406563	51.066968	37.615982	27.938816	27.763787	17.698143
13.017125	48.522404	40.873006	27.359177	26.124687	48.911495	22.128153	33.533530	22.533896	51.393606	14.806945	12.015385	23.276030	41.796002	38.949469	31.299416	29.178369	45.516399	10.961011	52.015647	49.535581	22.499584	13.906269	44.098405	51.438510	46.062951	50.593226	46.246730	27.905198	34.188575	18.973190	13.938921	26.934418	28.400760	37.208868	47.988132	14.135674	26.216887	10.578949	25.454054	16.796949	46.723180	21.648293	38.983448	51.066438	28.950913	31.120513	28.250479	23.865387	13.498539	34.950615	31.430181	48.235045	12.234824	30.612819	18.942710	42.336382	35.428110	19.281391	30.973482	16.188954	32.700275	13.953117	14.827993	16.422915	15.441913	31.682123	49.318799	37.602499	27.067752	45.841841	41.997945	51.411649	49.259793	37.299407	51.255780	28.392728	16.544869	31.189098	41.508453	22.024419	23.360980
49.410269	29.438039	29.116629	14.799196	11.841422	23.434471	45.917755	33.279350	48.142778	34.280506	13.957792	48.760083	43.880654	44.833402	22.669825	26.886861	31.310355	25.606621	25.408456	17.103410	33.209317	48.535802	26.471657	18.236480	32.276766	47.321506	20.177833	14.418246	13.068085	50.485284	20.719643	35.563634	17.420492	28.561132	20.467658	32.464915	42.542402	19.384505	10.581493	36.245658	33.865096	49.293365	13.106928	30.211711	24.327327	40.216918	31.370662	19.921738	29.813662	25.548528	45.399474	42.639746	41.839737	36.484153	13.965662	47.997226	51.891695	18.959085	47.668735	13.195134	32.985530	33.894509	52.198761	26.821936	48.933370	22.523418	14.773645	11.538479	37.790328	12.996092	36.425694	22.195014	16.722958	25.491835	33.622506	50.711445	21.195622	41.315024	52.159031	32.173334	23.391792	25.482807
51.941407	12.771271	43.441724	27.710388	12.001255	18.670830	39.687021	43.846627	41.182027	15.514194	42.367316	16.346119	21.744388	20.561038	23.549421	37.737495	43.506474	31.616120	22.699417	17.939092	41.929554	41.052369	26.409869	28.222606	22.687868	41.242736	33.408530	44.304351	36.983721	45.165491	36.602340	17.791167	43.265931	49.032776	50.623359	16.721624	17.576384	20.217227	35.950077	49.087901	52.186730	49.871041	45.587093	40.457316	17.663597	30.147624	36.833493	17.425408	23.772988	28.317155	19.426525	22.632740	23.199655	39.235226	23.574514	22.673750	17.662423	12.357070	23.930604	16.052724	28.923451	26.717609	17.432812	26.082982	15.340637	27.889247	24.432942	19.631424	16.852406	40.189912	16.790311	31.569844	12.690571	48.694154	38.788201	37.831981	23.576225	32.941233	46.021525	33.614121	22.054557	15.905103
48.196448	41.663332	13.362694	39.412039	30.743124	47.310119	29.085103	32.950856	49.243061	25.583637	39.589644	12.458081	44.315746	20.099623	50.252995	47.593743	49.364434	24.638762	43.258573	49.574778	30.242379	48.792567	22.328770	13.582567	40.288603	44.672674	18.799053	15.651343	45.340047	31.265456	31.205279	18.439801	45.454456	46.227367	22.314690	37.661385	37.491583	38.650750	21.624469	26.900192	11.330292	21.047254	47.654837	33.671935	24.425864	28.030892	51.746283	24.389663	17.852763	32.025678	42.076956	14.681364	42.758620	29.212412	44.040874	44.187878	13.580111	42.126614	34.503433	18.210688	33.422997	16.868437	42.133795	22.101797	37.784965	16.659358	43.829000	16.566252	42.161023	24.942808	32.718264	13.995046	33.299855	50.498986	27.607262	31.112895	35.774451	14.957709	28.683747	44.849291	37.321772	21.210472
33.628688	48.995438	49.455187	47.269974	37.982868	24.439608	43.330937	36.288193	29.234653	40.514368	15.448156	45.636410	41.739177	42.967259	46.360399	31.499031	44.211548	34.848881	15.769488	44.586316	30.100437	40.423835	46.054363	39.428187	14.992580	37.900984	35.591084	22.000956	46.880074	48.969818	49.175171	19.226076	39.493194	49.210168	34.437215	16.803819	17.888320	40.154223	51.206302	31.165035	14.299848	41.060058	19.474523	17.251588	33.875580	28.227757	13.822060	47.675926	29.803665	43.714711	21.317076	26.459414	30.091588	12.974694	36.066814	47.483447	45.546640	48.919694	49.037208	22.306850	35.598163	19.823166	51.830585	31.616025	17.313485	44.479402	13.406624	39.053067	33.103426	38.559459	25.646699	22.639988	24.602822	26.200013	41.273159	16.833168	37.096082	31.570145	31.229844	48.473577	38.765758	12.956807
28.349676	44.324379	37.318222	33.804635	29.202020	17.770301	13.272974	15.995894	21.733503	30.688456	16.202391	40.146252	30.405614	46.792165	22.329047	30.274774	16.883854	15.652310	47.775442	52.145186	30.200495	41.929374	21.449383	47.229290	38.598340	43.692887	10.644923	34.263654	34.064595	35.192483	16.955372	29.629982	51.436013	38.630642	13.706560	31.950702	27.099843	49.943744	17.324086	47.729977	40.052293	42.565986	51.182940	26.839288	33.593409	42.446621	29.433095	17.336543	29.884220	10.810464	16.059674	36.061607	47.085455	10.519073	46.720438	20.074242	27.906111	41.353215	51.825954	39.399566	50.991967	45.589674	39.190758	41.666463	14.150380	46.191735	38.793179	34.135857	47.443821	21.755192	29.909964	34.800970	41.655476	15.626086	18.788761	23.205087	34.177309	30.437094	47.339883	12.811954	14.352877	34.095212
51.418913	17.036737	50.619887	11.776503	22.032465	37.784552	27.070689	44.994777	43.524260	11.363644	12.648425	33.397307	44.445932	39.649761	41.638037	44.130433	46.740631	17.002248	52.213520	19.171120	41.794342	17.634328	51.155647	18.452988	19.597758	51.744677	46.818586	46.198990	13.724661	47.725468	21.732197	33.990869	46.070833	37.174248	34.307516	21.822510	42.672746	14.456606	33.532794	48.327080	39.845510	29.028581	51.750819	35.246783	19.158522	32.802484	36.912305	12.492044	16.099965	27.728038	14.309698	33.872069	31.406717	48.495995	23.071337	47.857001	21.200325	35.027097	25.741866	40.631759	40.649793	14.504617	46.371306	15.681085	15.695103	21.871016	21.684574	22.133750	41.895911	39.948021	13.401066	40.413008	29.514830	15.471678	20.156754	17.327204	16.532286	44.070982	37.793961	37.082141	32.672550	31.160370
29.707368	48.785003	32.950986	37.541231	35.218753	21.130444	25.929764	47.824752	49.730981	35.182747	26.604897	11.388453	45.561029	25.920016	34.041961	42.480375	16.750595	51.428383	40.174012	32.638549	13.320553	51.122092	22.349887	13.058870	12.417109	34.480874	14.656442	31.748899	27.189687	41.225090	29.432554	45.887808	11.197892	15.923469	18.110156	32.237629	24.846585	29.264088	25.456057	35.472956	38.674619	14.961639	25.208648	16.005296	44.399032	40.522927	35.261280	34.536876	15.495729	47.766846	11.524652	42.680769	45.635188	27.429297	40.760930	45.476612	49.922674	19.277565	31.171063	49.919928	42.646287	51.842403	39.861062	31.727241	15.376273	49.540999	50.151990	25.706620	42.142409	14.315202	20.556426	40.236715	41.836219	25.666391	31.227987	37.656309	12.261936	24.017074	10.953184	41.660296	40.555082	22.913954
33.964365	27.397316	16.210708	45.242645	16.565575	17.201097	36.985376	39.562149	11.807409	45.483189	45.931311	33.859828	39.050174	34.225817	14.318067	21.928349	39.720735	29.030443	46.461707	18.862967	42.978949	46.347243	45.080884	29.599208	21.323850	17.637062	14.015689	20.138701	31.642609	19.717125	46.821003	47.409962	43.717750	31.188074	38.882419	10.845645	39.626164	36.939569	30.005539	45.639955	28.366623	22.108372	35.446337	31.798200	23.292882	18.025598	11.031226	47.498648	15.987924	27.549238	42.337238	42.742537	12.604388	30.013863	28.705614	16.619005	38.127802	25.813738	12.020967	46.100893	36.156931	17.465587	25.672534	38.013314	14.544378	15.960190	47.573063	20.054615	26.092787	29.923556	32.120718	14.219986	21.206079	50.954650	11.155247	28.613884	51.902074	22.989333	10.649784	37.218997	26.559727	44.963834
18.156008	32.160437	41.838726	26.651266	17.320435	49.760526	21.611179	16.983713	19.214936	13.647357	46.705298	35.365746	20.504744	25.179332	49.962064	32.805610	39.007262	39.199349	40.698303	35.854894	14.274408	25.087712	31.594902	31.836644	38.604996	35.917997	37.159455	38.942662	11.273789	24.558379	43.725510	27.389274	38.103420	39.699011	48.908182	35.222136	40.818924	21.939533	48.055228	15.912398	24.748742	35.384693	25.464985	26.230464	22.897761	28.693565	42.529502	36.916373	47.438990	32.230429	27.953614	24.664770	19.112023	49.486072	44.794755	13.715031	23.754707	35.131988	30.315999	21.446567	19.456164	20.685382	10.739055	36.561905	31.852106	42.496916	51.516749	14.903853	19.201258	27.524414	22.775405	21.262813	33.890279	41.470136	32.558920	23.355357	46.077332	23.588420	48.506169	21.613407	49.424070	27.002326
30.270806	30.071249	40.022635	16.038480	52.112736	29.871478	35.338504	28.041571	26.881173	13.057531	39.996439	17.648372	12.817179	10.685989	34.120069	44.871495	37.805584	51.265428	46.477963	37.011765	31.738544	12.472797	10.771452	47.490749	44.110077	17.405218	17.950204	46.762786	24.941032	26.378684	33.004939	43.429177	42.536466	43.443338	16.715819	26.475454	16.145354	27.162221	15.568407	34.614605	52.475551	21.294724	16.805760	13.290979	46.319623	32.713837	50.883310	52.462226	45.962255	36.692030	23.541438	28.155341	29.728943	21.992515	16.244655	35.403330	47.614641	21.092292	17.456938	34.053273	39.290374	51.964311	18.253303	51.024801	34.310397	40.691902	46.445572	39.116353	30.162402	21.038030	19.067526	16.342624	38.203707	46.402243	52.188101	41.206358	29.543674	45.762092	20.756681	45.353587	18.159214	21.359272
24.589282	48.135673	37.739399	27.309044	33.488729	52.318894	13.029675	30.098013	34.975377	34.046296	27.538731	40.135486	40.407804	25.657352	38.514092	49.239248	33.322066	23.298369	31.417746	12.707023	14.000877	25.722622	34.983922	34.092323	29.174471	14.058150	32.047258	33.427742	29.646545	34.663793	15.147987	36.790777	10.543611	33.794446	17.611187	24.107954	45.398308	31.324534	18.110433	40.527775	38.808388	35.387066	27.950033	49.872060	13.607945	46.695209	15.972788	39.191711	48.510176	25.381169	19.854382	34.673807	45.154591	37.324607	11.080025	50.703867	49.534388	33.352187	45.869362	10.794711	39.673423	44.749045	25.907726	44.527625	35.322858	23.828990	14.898906	39.403127	49.178232	30.255433	17.191760	47.601850	18.137720	43.984242	20.549839	12.364695	33.661786	34.051338	33.959682	17.331656	23.534044	19.653280
19.112664	46.847976	35.837459	38.389011	16.371149	50.276276	46.389970	43.300645	39.352430	23.416548	25.201165	11.993387	42.453768	44.231347	41.361729	42.210875	12.502349	21.874222	44.174090	12.706328	12.519054	14.789011	20.975241	43.185490	49.388941	14.400766	44.181371	20.011287	20.038057	50.792269	20.392191	48.013569	28.355819	39.845598	46.707867	52.469820	34.945001	48.000412	20.208957	44.114598	44.009448	51.994967	35.434966	26.074672	46.677818	16.239926	44.026372	45.740103	15.196326	22.123147	18.921721	31.192842	50.477051	32.451033	51.034131	50.321383	19.032844	22.313401	28.717733	49.811923	17.857785	52.342674	26.685788	39.300939	51.002397	10.750374	20.980200	12.669269	11.750382	34.953455	51.009233	18.442296	35.664422	47.961246	20.900411	19.351648	41.272701	40.592284	12.038389	11.557263	24.788949	14.396518
45.806005	25.812018	18.110525	41.640950	43.444881	20.663399	33.107225	41.237412	45.139174	48.322533	37.056547	29.265271	34.188771	29.153021	26.185644	50.934258	48.470768	27.603966	13.919343	12.318354	15.908584	13.630304	26.376702	23.100603	19.552830	29.166091	20.466664	12.233519	45.917108	34.585585	17.159248	29.966098	47.340148	23.722900	25.077668	23.328653	34.196785	35.542015	33.959845	29.417371	35.412957	14.019493	11.434336	38.062383	22.151619	32.376968	35.323313	50.967989	45.089431	19.823701	40.396023	26.608415	29.115755	14.308377	38.918011	49.359623	26.146008	30.954165	37.259272	22.779818	32.820309	24.001247	45.113123	50.606163	39.885180	10.607674	18.206293	14.091445	38.933561	32.150570	47.800530	40.303840	21.783121	35.167537	11.341625	18.938087	12.278505	30.765633	17.465924	16.901164	19.465292	37.554739
32.109528	43.206085	18.395784	29.782013	22.406002	35.578960	29.692404	29.933593	33.308643	38.457049	23.427036	35.626974	11.750265	28.857895	45.990881	47.117924	27.119850	19.221715	17.129530	20.049633	13.126712	17.058576	16.376953	34.609841	29.415069	32.327992	43.971340	28.333616	38.085410	15.193559	23.193056	35.618299	21.780754	34.337808	36.561739	38.769450	31.675627	33.681387	31.714946	39.032884	18.802004	27.538752	12.363707	10.872300	23.980851	47.130742	26.478133	38.530030	32.792957	43.854507	33.408197	18.069349	14.692510	26.058213	12.401345	23.620997	32.478419	32.747722	12.445840	18.252982	21.719967	50.567471	23.337355	20.391050	34.043823	14.392944	38.052151	51.747139	35.927570	51.622705	18.136430	16.475808	51.894323	18.111067	49.788519	35.983127	40.029935	25.407828	48.489673	21.834906	40.599353	15.489925
29.882963	31.759385	43.618971	21.917874	34.198939	21.459265	48.831267	24.518037	49.153068	21.176110	12.799876	36.990750	43.776872	36.643474	36.713428	17.444813	44.247307	26.964193	41.416232	43.048815	12.697415	34.194896	21.816482	33.616786	20.486349	26.414306	32.141644	11.506437	12.243540	12.019599	15.757633	24.851253	16.532425	41.988600	45.769785	26.234970	28.906683	39.248240	27.518391	35.447937	17.971505	37.640971	36.646150	10.775849	15.637872	39.143484	34.685719	48.886428	11.077019	42.087323	34.514605	35.495265	27.368915	12.104984	27.346713	11.976370	49.144552	19.140862	51.368414	41.826495	43.271586	51.332472	34.966994	21.105372	46.181347	46.652708	45.411736	39.510908	28.880652	27.934029	44.010289	41.837700	34.419078	51.660029	17.956788	47.110109	12.516744	46.286962	37.272716	28.525681	17.160013	41.617686
50.457908	50.733337	26.558729	21.048218	24.640277	19.670659	34.099774	16.158817	12.595204	23.699704	20.671954	42.709647	31.278148	21.621860	27.508933	36.664576	46.782491	50.520911	19.947785	48.224577	32.053405	23.268552	30.072076	38.189100	18.217893	12.177363	21.205492	35.420879	21.936335	21.628076	46.686933	23.412062	25.388390	31.215713	22.455460	34.644657	27.751099	50.897266	22.202688	33.656306	10.820356	13.817784	12.716388	31.056277	46.037398	21.243418	49.151505	31.368759	40.108703	51.952225	41.056850	44.993143	29.616711	43.073325	42.769142	47.958545	12.510483	11.306106	48.532865	36.380913	24.558793	15.779478	20.224039	10.662279	29.089298	16.567146	40.308479	13.010551	11.913833	41.998199	15.157127	50.984490	14.624757	30.696110	31.424929	38.527829	19.551731	42.269458	27.772967	22.771743	13.635623	19.956705
21.680727	23.381457	51.122610	15.951058	42.776987	34.412898	11.293448	26.768471	40.596815	17.577665	25.588114	45.406314	29.307131	12.275814	20.518868	35.042223	28.877043	18.522976	12.022404	37.201637	36.771242	35.043888	50.224789	25.439680	16.759956	26.928576	24.917116	21.931944	43.345769	34.602416	31.029344	50.023896	24.465086	24.743080	37.402746	11.082677	37.483114	50.533068	50.030614	20.026653	50.111623	48.068060	13.232617	31.108123	21.984608	34.051183	36.510288	43.585036	28.259658	26.028066	28.249808	26.985297	33.000973	23.864300	10.748893	33.465475	39.714448	34.495507	32.285685	38.984685	38.628273	20.168450	51.006216	11.118824	52.363946	14.090091	46.216607	15.036626	35.546309	31.134451	26.392210	10.909429	31.033023	12.810051	29.730102	32.216526	19.702736	34.972124	45.316730	22.626925	41.351782	37.943772
46.274680	29.154659	14.020411	21.894846	35.696862	36.271888	44.777538	26.230721	29.156030	52.134926	43.930373	15.438515	19.216510	12.198074	28.770020	34.700915	40.579457	26.172018	19.429274	26.982359	36.994915	46.037305	21.394096	13.190550	26.087096	23.882629	49.283048	19.068452	26.186757	17.094543	30.160295	10.579561	35.514001	31.957164	33.776113	23.884459	12.432362	28.755089	47.146801	46.837554	13.260132	14.053135	51.058014	10.544576	24.006491	22.836680	25.405191	20.948220	49.531809	20.616305	25.869966	30.924780	24.097006	14.751728	18.915872	17.022349	40.639940	50.200186	26.086649	37.255089	37.293027	42.014709	24.631087	40.630358	14.818733	49.247534	22.201626	20.858488	16.858382	29.352524	40.030557	48.734571	26.362259	52.280081	40.634132	34.355580	27.376577	51.111417	49.939463	30.332436	46.312937	13.222527
23.608073	39.838203	37.737554	34.329616	31.724131	51.431574	25.107936	10.560273	40.654357	14.197175	16.669685	23.781119	29.573492	17.655418	12.183301	37.464567	23.022549	40.437475	20.649206	48.852077	48.776252	46.700349	13.264512	47.340062	16.202700	27.486097	40.933984	10.763522	51.429352	45.468814	33.312196	32.079020	27.028718	39.084342	33.305153	42.217467	12.322132	30.676226	44.152791	11.073222	49.992421	12.121318	51.678692	23.965677	12.869937	41.624364	23.048455	28.504200	24.446855	11.227850	32.106626	15.274545	33.724779	51.228841	51.562466	22.195633	24.222681	37.261006	25.066388	23.169737	38.880054	48.116301	31.881120	44.763987	51.376326	34.992152	22.717106	20.250342	29.843053	34.180885	32.456752	36.422737	20.760389	19.492849	41.955358	12.500312	37.119939	50.233274	47.603588	36.460271	35.560076	52.230203
42.161024	39.010452	14.597460	35.722250	37.476168	29.176593	45.182811	47.491466	47.616706	26.085019	24.366243	23.444469	20.891262	14.817473	26.166488	10.936870	11.372490	43.104770	27.107181	46.517448	30.975874	28.009962	31.525469	43.524542	22.416858	14.573644	28.898031	31.344111	11.308517	22.301612	17.717342	15.122766	12.567709	28.693345	15.314653	39.616453	24.872097	18.519275	51.899370	39.607157	18.036398	40.903746	46.981615	41.857073	27.244781	27.919847	36.475947	20.536598	31.783731	43.102205	23.942468	25.991688	30.136222	11.441131	40.971697	50.079363	43.785046	45.858104	43.378825	44.395066	25.360769	47.437353	39.121363	51.189634	20.210869	50.056007	42.176962	32.855049	22.265467	24.356556	46.795470	12.766603	26.866885	11.785696	37.923487	31.574502	23.068601	33.295780	42.590405	35.342627	26.518482	42.673923
33.764569	35.609648	28.793048	41.805524	49.110484	14.959872	52.044044	25.632853	47.684777	42.932921	42.928243	25.781584	37.378175	41.190279	16.498997	40.025316	26.216109	17.571493	20.871745	48.097476	32.469607	17.179663	52.018132	15.824492	22.907840	42.804535	20.038224	34.676211	11.820894	43.155646	11.289428	46.415695	31.126576	45.624687	24.396405	36.759145	33.452946	35.886030	34.087907	25.846308	49.286830	19.952168	18.210379	14.417857	29.354323	45.235094	16.562062	44.181826	29.374376	16.134738	31.494564	51.718577	32.680957	19.718982	31.396325	15.275899	19.580237	28.668179	27.460590	17.966394	40.382856	21.707787	28.557622	26.852189	16.192008	32.732082	26.722707	26.531561	51.153396	52.161799	30.782838	19.091147	41.224123	44.061767	24.055442	26.366783	33.575365	32.823339	43.047870	24.650322	30.156043	51.916197
