0.000000	22.133381	32.130282	18.867680	33.283569	15.119840	30.433960	35.386333	10.847172	10.466085	31.432409	20.420431	23.587455	18.884926	24.652970	35.883110	13.094262	35.246136	9.047666	9.207716	38.947121	39.203931	14.209911	31.432972	12.214661	30.531924	20.397432	22.500497	27.386633	35.032121	34.103108	34.536249	37.742828	35.946257	15.103941	33.883533	23.989173	14.086579	17.302036	25.118531	19.756269	12.361383
41.679182	0.000000	16.733062	36.187112	41.528076	26.581339	12.662810	15.621386	41.622759	13.596710	31.925766	31.569645	35.579959	11.059579	27.043282	11.503344	26.292379	18.674121	24.898810	30.973961	41.607065	35.663533	11.871430	32.131575	31.600173	39.296151	35.013911	28.427034	23.129213	34.424682	21.040169	11.862678	36.820050	32.349842	12.980145	15.754027	34.437136	24.240905	20.625132	35.106285	20.378533	18.546284
15.437897	12.534873	0.000000	40.982436	23.486755	34.631562	28.061477	9.371179	8.765268	39.743425	10.866779	41.214119	32.683519	14.365883	20.525159	34.789378	33.699776	30.182165	26.058981	33.982917	10.536102	27.808229	25.074124	10.686128	31.353807	26.130055	28.922270	19.481660	21.885281	34.889509	32.190738	29.503339	14.717385	9.241243	35.554417	9.107586	30.822175	32.208629	11.293186	38.825444	15.196023	38.226276
22.283549	40.782668	26.339337	0.000000	26.621256	29.442904	9.790493	29.305597	41.106711	27.381662	19.057633	27.380432	31.653077	22.090452	10.140593	29.278370	13.827749	16.909800	40.213812	29.194450	38.251343	24.711984	16.335724	11.109625	24.771663	27.507434	21.551381	19.630448	26.106180	32.279038	28.370625	22.130057	38.060065	19.283400	19.764927	10.039187	34.408645	41.604569	11.100286	36.716107	24.381999	33.936769
13.977848	9.578146	29.532816	22.561686	0.000000	23.128211	17.941075	11.773517	20.920832	37.973060	9.806835	12.394054	20.844571	39.366921	24.045401	25.424203	11.299959	13.485377	40.262089	32.120464	18.898204	25.974729	11.327013	28.231371	30.877956	33.737953	23.230952	39.141716	37.969936	11.489899	17.316154	19.225296	40.331907	20.322709	28.918820	25.055372	32.157220	30.385491	17.820258	23.298110	24.442631	18.228491
15.733542	12.524414	31.065384	11.575891	10.352431	0.000000	39.620869	41.209965	28.406704	33.805329	17.317099	35.302459	38.662781	25.696022	37.756932	11.756575	23.540717	19.136629	37.246055	17.755614	24.759865	16.823868	21.854557	22.857499	26.403251	34.188957	13.427941	32.990260	22.572799	22.960685	37.051274	13.404174	31.997850	22.944081	39.661526	30.332916	32.805148	33.405208	17.716841	40.879357	15.723997	28.507963
12.066156	21.900135	20.168174	17.336773	24.806713	11.802232	0.000000	8.593967	39.813509	12.741296	12.921021	36.806439	9.060235	15.186097	19.768873	35.334628	16.237825	18.031080	12.916882	34.371749	23.695558	40.503701	38.776014	22.226712	23.600650	25.760172	30.756922	34.423413	25.898852	36.168328	27.153233	11.174011	29.877501	40.364445	32.142607	24.676989	23.622241	18.935400	31.582281	30.830040	32.925260	38.876153
25.313869	16.004412	26.254478	13.438039	29.083880	29.074220	13.444719	0.000000	25.376188	31.844944	15.851617	40.971202	26.079409	11.910068	14.877509	28.314398	33.418870	11.439748	20.746231	40.092483	29.982022	12.065574	15.672806	36.336585	34.908133	20.059122	25.265664	34.444479	26.272877	28.124878	15.085983	27.406003	14.196396	23.327557	39.092033	35.667898	22.387944	19.584137	36.491787	30.324936	20.435014	29.486264
11.126561	12.485925	26.416954	24.686454	13.242856	24.094145	32.920289	23.882038	0.000000	40.568153	29.193169	34.533548	13.071558	13.774643	17.074156	40.741186	26.851922	19.650093	24.522817	8.545501	38.495792	14.812620	28.513319	19.961919	34.635917	40.392091	19.895715	26.978426	38.602881	26.824009	10.518067	24.119311	24.918744	32.208093	32.806261	12.141661	15.210719	33.211635	33.996804	28.889018	27.856372	25.676604
18.898974	28.809595	16.127547	33.575209	27.913813	14.520486	37.898231	21.397654	37.445645	0.000000	31.304737	24.212545	38.241397	40.424512	15.281929	23.894812	23.018702	39.444572	17.000104	34.509688	23.731123	38.321215	34.145409	26.856611	41.565869	9.149907	28.699540	35.093477	10.031561	14.707486	28.335083	18.555233	11.473970	33.834767	21.994542	32.109168	38.735666	19.260577	30.974852	29.822551	26.487464	31.828579
32.006837	23.526958	26.691281	13.777117	16.943951	26.983245	31.155788	29.723249	9.246588	31.524076	0.000000	27.404357	27.815076	12.281536	32.478993	10.107479	14.739126	15.225677	9.084799	32.942865	31.228059	11.255256	13.398481	27.232190	33.489154	37.784902	29.037843	32.238980	37.750213	9.725151	28.978187	29.207432	22.367976	41.041463	17.476975	25.650843	15.524660	39.939464	12.249952	33.345229	31.692637	28.583063
9.451894	19.011791	10.446452	40.289984	12.951896	12.933969	16.742513	24.540882	26.845294	15.914197	20.314623	0.000000	15.489427	13.931558	37.775068	14.660555	33.178247	31.979247	34.935736	27.558128	10.820691	12.792067	11.753112	38.937343	15.065087	26.214135	20.466872	25.040107	19.282967	20.020907	16.692420	35.696618	20.702543	32.359662	12.317017	25.609284	39.977126	36.413160	25.046890	18.003334	9.134604	39.316415
10.160554	32.334583	11.651497	34.459858	12.765703	13.733066	35.354370	12.840180	24.252820	27.422800	33.277211	16.676536	0.000000	13.103157	12.008193	32.439126	32.852668	29.694320	34.815916	20.027074	39.115223	36.432384	25.427126	23.655023	30.983104	38.635623	32.997367	30.629532	18.089360	14.492059	33.988586	30.577049	27.672055	18.355025	11.731792	28.952936	37.115977	29.756507	12.239044	28.944159	40.403186	40.882266
32.127025	13.092364	31.580217	21.604087	12.292145	22.217855	33.348665	37.292110	35.260527	27.930673	11.349436	32.571329	28.727613	0.000000	33.757618	18.818588	26.581721	20.473679	21.384732	24.956822	30.246318	26.928771	12.266607	31.162926	32.579791	37.653338	34.392326	32.687535	9.592341	17.447520	34.318168	37.348590	39.263438	35.612161	24.002459	33.323195	41.203545	19.946880	39.858926	38.528724	25.942801	21.399622
35.845913	36.412127	18.912287	20.639934	37.040037	25.821001	38.393535	34.544831	14.366294	15.270320	16.163304	15.453369	30.218064	16.271031	0.000000	35.437277	11.794972	25.974922	31.628513	16.822089	19.326516	23.598232	19.426721	25.177032	33.768924	10.100239	36.171104	22.683050	14.394838	24.028520	22.345764	8.466392	39.896038	31.554076	12.311096	41.278880	17.211692	10.775240	9.247084	9.975993	8.665309	29.532131
17.839246	22.418676	35.559475	19.426180	16.869532	14.805132	17.047649	23.314886	20.342005	8.405310	31.532410	11.133368	37.051168	33.174361	31.520195	0.000000	30.936502	9.993608	12.950061	38.551903	22.795281	15.220296	38.574003	34.090533	39.212100	11.675011	36.830105	13.783991	15.497245	33.171229	32.718076	27.795553	13.396930	32.475011	26.810949	32.353328	27.074060	38.703317	15.163323	9.569183	26.753531	36.370721
21.709378	32.795251	28.281210	29.229590	21.582078	22.079792	24.272917	20.637124	40.923049	16.016720	32.132563	11.798242	36.172486	14.506632	20.430988	15.739084	0.000000	37.421239	17.511824	14.136609	24.007592	20.756172	12.144693	19.266835	25.191697	10.912506	35.835429	17.985821	38.705695	29.349805	23.354302	27.490220	23.356754	28.984992	21.523944	23.494008	31.770152	26.529575	15.374040	15.987709	22.406947	23.494776
21.451543	10.766283	29.305972	15.326834	21.994353	29.634722	13.178838	36.028343	28.769462	20.495297	11.614715	15.147241	17.755279	10.538228	25.585314	30.860215	19.707306	0.000000	10.678934	15.289553	25.960689	40.658405	21.944657	36.831060	20.932201	23.281640	14.511272	30.422866	14.857842	31.367263	18.717210	23.868310	10.440350	29.144604	14.582441	14.001912	18.432780	32.151695	36.607415	41.477301	18.510344	8.417295
14.295680	28.464546	24.864806	39.212620	11.817165	30.732975	18.246925	19.956821	12.211216	21.501395	17.467114	17.996709	18.108695	32.303462	17.400243	41.496038	39.318367	17.656825	0.000000	34.539515	36.386277	32.897643	36.731615	8.644582	19.695904	23.755101	16.506660	22.614263	40.464955	32.914643	34.082492	15.060423	26.045774	18.245023	23.078883	17.221621	23.587457	30.481516	40.922243	18.651605	8.646205	16.480651
20.980060	26.930951	34.220652	29.710024	39.747580	37.311850	27.713158	34.033203	25.765491	24.212967	8.960517	16.064115	39.704857	28.673919	14.087757	40.325416	17.418572	27.377395	18.121266	0.000000	26.795261	19.436464	39.542579	28.001871	14.794853	16.130728	34.339868	11.539773	30.853946	28.120179	22.682752	25.168682	18.917401	31.483425	35.747139	17.224879	19.286880	10.906986	16.608637	10.488719	15.905506	40.265526
33.182395	39.783524	24.617201	24.110628	27.944682	27.206381	32.115124	28.788059	32.188708	21.248598	22.299257	10.307786	30.609245	41.042228	14.341116	26.406713	26.353524	25.594054	37.166601	16.960241	0.000000	25.996983	21.616768	23.800124	24.107646	17.399273	36.933409	33.922478	17.641354	38.555130	37.599412	9.000432	22.669327	32.953288	29.549320	21.197347	39.651218	28.136440	21.651345	12.159720	31.611185	39.719383
8.367811	29.134601	27.441129	17.345547	33.403366	9.183145	10.243832	38.965962	33.957806	8.373925	31.400113	32.217633	19.252401	39.368988	33.322630	10.039009	11.780480	19.134318	22.845135	23.708512	16.253362	0.000000	21.081232	10.946881	8.931941	15.531248	9.156197	20.731055	25.291604	29.440968	33.145093	10.848370	29.657779	17.657065	31.908919	33.957923	26.171887	16.753850	12.783733	24.015129	16.682382	13.254042
12.273544	15.258542	34.006298	28.653637	27.895482	24.666951	24.699419	25.320336	27.087519	14.683723	31.552229	22.722792	28.641086	15.210999	18.387548	34.740524	15.969006	8.358932	36.699679	22.220525	12.405946	23.181574	0.000000	11.650039	34.091614	11.757051	33.158902	26.660613	27.628670	11.473525	15.917464	31.136666	32.047664	35.649037	18.338641	11.592135	37.505230	30.836809	9.820482	37.231216	19.569443	25.192340
24.721395	30.513868	33.849659	17.488647	21.454930	19.275268	18.381991	17.173304	32.099034	28.814600	30.070816	33.831208	10.661951	40.722255	10.608805	24.501642	30.523270	37.024986	9.894586	35.825330	24.590021	14.596300	29.853274	0.000000	13.993709	30.631934	20.745943	25.216526	37.572699	29.719447	12.041147	39.421786	20.299944	32.695370	8.607029	23.854913	37.871220	41.060718	25.876498	25.230699	37.259802	18.291027
41.269883	30.418588	23.704841	19.757467	30.079662	32.909738	25.431878	20.793547	14.973432	41.076391	13.640435	21.889508	13.531295	13.198627	14.486767	11.860504	27.520915	31.492905	39.795007	38.887852	37.318838	40.549401	10.258134	20.664083	0.000000	33.711873	37.035698	11.364220	32.105398	40.436097	35.579696	38.272442	24.430268	35.080860	20.114518	34.532730	17.331060	11.930745	38.053963	12.937282	9.035833	22.065541
36.276593	37.513478	40.875484	16.308080	15.173707	40.852284	33.647363	21.204978	28.939761	23.353724	27.993568	25.607808	36.578726	16.207420	36.410304	15.513475	25.467106	39.009191	30.752709	25.741275	40.107692	37.099938	28.049053	21.252929	38.720838	0.000000	23.360215	34.812859	40.874776	30.330836	30.221970	35.955410	18.148814	20.232181	31.835025	39.944702	11.258118	10.463655	9.755124	32.629971	34.771488	24.216710
8.866688	9.526294	22.246246	26.194222	36.666406	12.791500	17.049914	31.903448	31.916465	18.864665	17.000292	17.620096	24.429040	22.236300	20.513070	37.328518	40.777471	29.083903	36.120131	17.254128	16.590554	33.671004	39.465481	35.761079	40.907424	21.712937	0.000000	19.209916	25.309666	13.839295	26.806781	40.191064	27.687576	30.992784	10.730188	15.165538	15.390614	37.049463	19.692476	23.675815	18.769634	9.934257
38.082648	28.932204	18.474449	35.422031	39.721940	22.824570	39.380449	19.284484	36.520679	21.951659	20.576476	15.960443	21.244827	23.544841	10.655320	10.543854	21.019010	32.897587	12.859565	11.310992	24.664290	30.508377	12.883652	9.639922	21.721536	23.762926	33.065098	0.000000	28.002104	31.368640	14.275641	28.739340	30.355888	14.301517	40.860088	15.167032	41.261665	24.095340	33.153272	34.391746	30.859579	26.226532
9.074856	35.332383	37.635141	12.637761	35.508498	24.836178	36.809273	33.190525	8.777957	35.074293	33.836172	12.607279	15.984465	13.540840	41.672961	15.318557	29.024578	31.625690	25.675488	41.201112	35.507513	13.381206	28.643249	22.054617	26.357215	33.492217	20.187709	13.502160	0.000000	18.967537	26.720842	16.022143	40.027281	17.978648	36.011447	25.686822	36.823066	25.607865	24.769531	26.802177	33.154473	11.549530
25.076091	28.199221	30.166382	13.662445	29.612745	32.051523	21.131797	11.878550	16.120694	17.458675	34.366291	19.800513	19.275855	26.804936	19.217870	20.759414	35.160939	17.236374	27.984843	15.295913	19.840514	24.668106	33.200969	24.040753	16.591650	39.210345	16.272245	32.995440	24.074383	0.000000	35.097842	20.366247	12.600338	40.842073	29.853603	20.936611	11.219752	34.526082	9.256790	32.497878	14.622806	25.993247
20.836551	31.360929	23.327985	32.958287	39.908075	26.702249	18.853232	31.025829	35.767203	34.541309	39.334727	16.364682	36.034187	40.117199	37.377241	27.548781	15.735575	18.439973	10.356583	34.957650	24.107335	16.581329	9.256876	38.148715	9.386807	21.082972	18.891974	39.496996	36.712056	19.872917	0.000000	26.434320	22.050521	28.346970	33.237669	19.986762	35.351511	34.509777	34.704011	29.742194	37.951414	11.653300
19.321778	24.621399	18.511683	36.929190	19.234030	13.383306	25.428456	34.721391	26.230267	38.931227	18.969568	33.316156	21.960079	9.558283	26.709612	30.448099	22.565253	39.040671	38.290662	37.816018	32.265963	20.809285	17.336465	29.482181	18.409294	37.944626	12.655641	38.427334	37.229889	24.202961	35.873099	0.000000	22.683228	35.213409	40.771632	18.658035	35.258267	23.069964	10.832126	29.713206	35.549646	40.420063
12.496041	15.519652	10.286780	19.138529	14.313309	30.853501	11.001453	27.377805	18.707288	32.194874	39.394627	37.688704	25.537288	31.602453	37.249814	12.921795	20.139300	17.622411	40.874633	31.072682	17.554088	39.287330	10.676207	15.095802	24.693804	30.681700	11.053182	34.899924	29.763012	26.028675	37.635051	34.346356	0.000000	22.465737	30.541914	38.682267	12.742610	28.734614	31.717293	25.570797	11.547518	13.151394
41.483882	33.823270	25.356006	25.222852	41.498189	24.524543	18.195527	38.441050	26.076620	38.336227	35.998102	13.490568	9.660036	35.604439	25.344662	12.634947	39.884644	16.456578	36.171546	20.471250	11.805590	37.731630	18.984084	14.857994	40.403989	22.842258	32.564740	39.538544	13.252163	24.118356	22.165345	15.518229	14.598365	0.000000	37.385635	10.273887	18.440461	25.710221	35.645641	31.639365	33.581294	19.287790
18.183382	35.109888	13.918555	37.933029	9.786697	20.129499	37.440437	29.883204	18.151259	19.457739	12.431502	41.062405	28.669708	28.762397	22.322023	40.124380	25.014329	17.037861	24.296459	13.488471	31.418703	10.228721	30.417955	32.965410	19.728491	30.083822	22.219598	37.458802	39.848062	12.295646	38.556369	16.782563	31.975970	9.763757	0.000000	25.014525	24.710915	36.739333	8.467498	17.122642	20.354119	33.233287
25.889287	28.471087	30.334697	18.307131	10.955033	31.601544	15.834690	10.773946	39.838308	27.249004	34.228709	18.130149	26.644381	18.650586	34.735398	17.370351	20.708788	12.651791	9.537957	18.719339	35.320469	30.708449	31.800048	27.040731	15.770927	32.134230	35.146696	9.518734	35.372714	41.234127	23.444917	18.732176	13.243017	34.115745	16.445364	0.000000	19.769030	13.876230	37.545575	29.895954	14.507434	10.897051
40.021580	16.093370	25.502611	13.860833	40.847407	14.029318	30.344582	16.945289	36.024225	34.370758	26.224904	38.602353	25.631878	15.622532	18.371935	37.045475	17.813368	38.753721	15.914317	20.854966	32.324414	37.560158	33.375737	29.926300	11.226021	40.514060	27.110275	36.027437	31.811634	10.742265	9.985592	21.911198	18.030261	22.973105	28.150003	35.531592	0.000000	19.307199	39.682340	13.237634	24.627304	15.172073
40.810654	34.817068	36.466855	30.117432	31.950000	9.965511	12.192945	13.375531	39.516132	40.751752	31.753108	17.664160	8.743375	29.881027	39.029882	14.919715	36.646696	9.374326	41.192266	17.322163	41.076709	38.809479	33.672305	13.749883	23.709645	35.789076	14.416427	19.979288	15.684915	8.767658	17.987801	30.833751	41.117939	39.227986	27.404036	40.116787	27.685351	0.000000	25.033018	24.402893	17.882574	30.863182
21.750270	29.686148	12.875399	39.180283	20.352795	26.907181	38.917298	23.627908	9.315389	35.429186	17.585085	27.360405	15.770823	24.021636	35.952142	26.731276	18.595653	18.636747	30.257910	33.562063	23.289513	11.195738	28.200743	22.696829	33.891784	37.152782	28.892342	40.038871	8.394334	32.784166	14.606891	37.670885	26.589045	25.458819	37.349079	21.367399	26.311542	17.191377	0.000000	23.536423	12.773005	38.066691
20.384930	36.417297	37.245639	15.264696	15.521251	30.046786	40.811483	31.967015	27.873174	8.432704	29.813343	31.709722	16.488932	35.253010	23.482878	9.511792	38.181262	37.557049	33.500591	21.847989	35.717492	18.742858	38.542405	12.794008	15.612164	12.493216	31.340753	31.101535	29.557311	13.132941	32.483454	32.079275	9.894850	38.772052	35.349421	26.104932	30.954377	12.602055	30.421372	0.000000	34.577143	11.122240
26.896909	13.792527	26.280932	29.730040	28.944002	10.965508	34.790529	26.119744	30.442873	17.806681	8.976092	14.467869	27.399651	41.033992	37.122659	32.315847	22.249861	18.033045	22.340991	11.512300	28.323112	17.157414	9.627495	36.236586	22.880714	38.530961	31.690256	17.457640	38.214544	21.825947	26.723244	11.982194	16.781162	18.749169	18.435114	32.289399	17.987032	12.434901	37.844176	26.814432	0.000000	15.072361
11.973199	24.544934	26.547647	38.212069	17.484363	20.656950	37.918198	32.764334	10.641016	12.183064	19.659781	40.418245	13.613180	36.849326	35.545567	39.987260	39.604067	14.131917	31.345550	19.755901	37.139288	19.520196	27.608490	34.121836	21.526842	24.387207	12.842900	40.068552	31.696816	16.017200	13.077274	38.002037	12.984496	31.907779	24.800390	25.109683	29.418436	21.048916	35.413020	24.252993	31.824533	0.000000
