9.222203	15.310524	6.442231	14.209318	7.538871	8.429096	8.275931	19.307356	8.523481	6.142115	10.083063	12.602983	10.399319	15.623764	4.322150	8.007414	7.037683	4.522662	5.631793	17.515955	7.973949	18.352210	16.686971	9.484718	6.205671	10.771730	8.754809	15.819382	14.944999	11.183361	17.989040	18.811323	6.372619	16.693545	9.009948	10.716975	10.475334	8.676856	10.446209	14.543259	14.168445	18.283258	8.704348	7.996718	18.454538	4.511002	5.037789	4.497814	8.163342	14.760463	4.137251	8.907261	7.359391	13.495040	14.243784	17.719364	14.161840	7.870429	4.585871	10.739152	15.185976	7.721330	8.430347	14.426560	17.732378	13.507105	18.465776	7.140657	8.848784	15.276055	13.987543	4.948838	12.214098	5.643842	10.574437	16.827698	4.856171	7.928051	19.178876	12.331074	18.094903	16.071807
6.452938	11.769889	19.469298	6.573389	7.539680	8.953652	7.863115	11.986670	13.676349	17.946629	8.482774	16.511444	5.636529	16.516890	10.753967	11.734963	9.451970	11.932464	13.529756	18.932231	18.981632	19.620029	13.193693	6.777155	8.934199	13.181388	17.530240	13.388335	6.190372	19.470348	5.110197	8.230574	13.083958	15.199627	16.965898	6.602595	9.896710	19.018383	10.473012	8.093082	16.443451	8.059034	19.393572	17.089631	8.132564	8.028426	13.165852	5.780299	12.927401	16.230991	8.575882	4.421862	19.566097	6.131697	4.883038	7.786499	6.801577	11.494137	14.250932	16.584157	8.350149	13.966415	9.880791	18.745321	19.024213	13.710359	19.444378	16.923633	14.596583	15.173853	8.472640	7.740838	18.751707	14.411137	11.071001	13.323828	4.891289	9.469767	13.426532	12.704262	13.821522	16.652894
4.507861	8.256119	5.402246	13.466350	14.491418	7.018852	11.063134	6.061514	9.888943	14.119680	18.987490	13.533096	13.655227	15.513756	9.432726	16.736154	13.260656	14.734099	15.401366	7.377594	16.689729	9.448931	15.775723	7.935224	15.068289	15.953361	10.065369	15.599279	7.485720	14.041394	17.185209	19.599352	16.860098	15.213076	6.648777	18.155317	11.383143	8.236638	4.006789	10.298604	7.876811	19.623963	3.975392	14.425658	8.859882	18.302370	13.562821	13.013023	14.932896	12.151874	13.799885	13.352826	11.937067	6.972708	5.776595	18.698989	10.384949	11.660312	10.718752	18.494652	11.113889	6.008508	11.865690	14.346505	16.171487	6.780213	9.639108	13.952189	6.087487	10.941600	15.780697	19.120012	15.566411	15.155849	17.290889	7.832995	13.039010	9.368128	17.852324	13.340267	14.935909	7.434332
14.342734	4.169539	5.140167	19.047712	7.110411	9.002386	11.464569	14.428021	9.604002	13.233379	7.921079	7.020480	15.224203	11.858659	19.299496	14.397519	9.247446	12.481280	16.160438	9.500611	6.712173	10.458098	11.386676	10.561984	5.879607	5.725298	9.669223	6.519140	10.714295	13.811967	11.541546	5.285464	13.707096	4.239848	11.621888	17.347855	14.724507	8.268556	4.773131	19.526617	4.001803	18.822773	7.673496	5.141762	12.957653	15.900431	5.539623	16.680328	16.235903	9.131613	13.703377	4.514387	17.067186	19.011326	17.671685	13.785477	5.018135	13.841068	18.711470	18.884723	4.722582	10.606630	8.265367	15.458402	13.912483	14.115047	4.366046	10.415037	10.391264	13.797565	15.315308	19.622112	12.420806	5.348547	5.673474	4.070673	14.739347	9.550723	15.228762	19.716554	18.354141	14.104282
16.123289	13.130763	16.258156	15.034792	6.809485	13.007371	6.947925	14.708267	15.813594	6.139136	15.346891	18.042407	15.314389	16.288687	19.166115	15.357998	8.530435	9.367380	14.965996	8.729224	4.181661	11.014125	8.724859	8.719437	10.419404	19.219909	15.053396	10.954808	9.260459	11.856128	17.604408	4.470750	12.714698	15.142196	5.044352	6.639683	11.009891	11.989337	4.035781	10.529549	4.212732	8.900796	15.948744	10.572488	5.451819	16.058181	6.390037	11.263326	7.864993	9.226351	5.377903	12.100958	15.412953	9.256756	15.158532	10.565502	4.322843	19.129194	10.655976	9.196042	7.513444	14.643813	11.300614	10.234502	6.588488	13.697131	17.413901	17.251108	13.277131	17.866629	14.879656	17.280566	13.562769	9.604744	17.025630	17.443106	9.518236	5.863758	12.428786	8.156916	18.961202	4.480380
4.238161	18.111076	17.971555	18.319430	13.776016	16.282903	5.258541	15.300590	6.820625	9.299111	5.090163	15.947067	15.554943	4.733396	15.428612	8.938372	9.329493	9.795490	10.550678	14.882275	15.949048	5.712838	13.017544	12.822408	16.977714	5.760384	13.723421	13.224716	11.467111	7.469920	11.765603	13.015713	15.228099	6.044373	10.333546	7.971363	16.953080	14.833163	9.615021	19.575201	9.246216	12.250080	10.738349	16.591590	18.246420	12.939699	7.555409	13.420210	8.563156	16.764524	13.381096	4.064829	17.560257	15.030752	9.736371	10.087646	13.826325	14.552885	12.055349	16.113537	11.039265	12.657288	12.255778	8.967241	11.341520	7.572115	4.083617	6.241088	4.636261	4.370434	6.866287	15.190111	17.773903	9.964511	12.794988	9.030916	18.501652	7.638233	10.654270	4.246592	19.095968	7.908033
6.484017	9.528567	15.322358	9.844167	7.980067	17.814310	12.325228	14.887614	18.863909	16.853257	16.440789	14.702931	17.780986	19.580343	7.893429	5.042465	4.566038	9.117313	9.244826	15.738039	5.113054	16.724978	18.642211	10.348799	17.742288	7.636142	13.416374	6.275876	14.923930	11.810174	14.979870	10.932959	11.119658	10.448780	15.375147	15.286743	11.890221	4.086388	17.967126	16.432688	13.854065	17.063539	7.587840	12.286571	7.030171	15.796788	12.550950	17.750911	12.141587	9.886135	18.974215	8.027122	6.835645	16.466230	10.544930	9.694604	19.488680	14.831378	4.780377	11.266725	8.947487	7.640204	6.373679	18.752934	12.894107	19.007381	11.287571	14.103562	12.723024	15.712856	4.566191	17.986079	18.333512	12.034697	5.144110	8.075658	12.264513	8.225467	4.111642	15.689373	17.013872	10.600913
14.509827	17.042527	18.717837	12.168783	6.499488	16.746650	19.708786	10.719330	16.390580	18.500722	7.651547	15.747538	8.999734	14.926041	8.884127	14.560769	9.902568	17.020155	12.663995	13.783387	10.787865	17.171411	6.108783	14.788965	13.917315	12.347868	5.040575	15.389187	14.840275	5.275570	18.056152	11.044649	8.008062	10.795668	10.028951	15.828596	17.374634	10.170784	8.255573	13.504008	9.157210	9.303771	16.370725	17.663942	14.918670	14.979147	17.530995	5.578758	4.500796	14.388907	14.411896	14.836574	18.946790	18.589033	9.883255	6.583733	12.422263	8.814196	10.111919	12.334395	17.054303	16.626400	16.811420	15.459511	11.228959	15.740609	7.013891	6.932641	8.636386	9.106792	17.251738	8.518422	7.634514	12.965447	10.682055	13.948609	17.371518	16.758681	19.506733	6.398538	5.876423	8.803630
5.202423	12.869448	11.508580	4.613609	17.488234	3.940211	19.399200	17.750945	7.566205	14.088352	18.052533	13.004317	7.356378	5.125730	12.231546	14.175765	17.419673	13.187485	18.190121	12.227277	13.814378	9.862735	10.919105	15.471297	17.231915	12.492228	4.254264	8.376843	10.064860	16.256427	17.032381	17.521545	4.677857	7.609320	4.040419	15.358197	7.816773	16.025365	14.163274	11.698815	17.054683	14.120511	5.681904	6.020157	6.522010	4.869452	9.689427	18.627702	14.850288	4.836571	6.536511	6.357409	9.122771	15.424335	9.263971	18.622468	12.741954	17.194438	7.070478	6.103518	15.284376	5.314915	12.577121	9.598277	8.458909	14.209319	5.690190	13.092085	7.965494	15.009008	16.772534	12.983094	13.119464	14.021750	12.833859	3.996270	4.399148	15.130239	5.923858	11.445560	6.269610	12.260813
16.463490	14.963781	17.472261	14.627347	7.790543	7.835473	9.718207	5.775882	8.408353	18.574410	8.853763	11.269747	8.134076	7.062871	13.982935	5.192039	7.190306	14.628658	8.147834	6.827668	19.503918	17.826069	13.464759	5.267408	19.047052	14.408618	13.748948	16.879054	7.590861	11.199570	8.461644	19.315511	6.455359	18.616630	10.671089	9.422551	17.509077	14.515103	11.194464	15.585438	17.925832	17.367158	11.443647	19.562715	11.208525	14.245551	15.745764	9.372343	4.970777	19.228958	16.626709	9.509839	12.376864	11.403541	8.297165	16.147796	13.443038	13.651226	17.835225	16.829438	8.681438	6.292912	5.075566	15.409518	10.419177	10.588979	13.614746	16.294048	18.352032	8.052700	17.623692	11.712806	14.329191	16.209050	4.220555	16.992452	10.922936	11.905589	14.197606	4.239298	13.862515	8.868321
12.889905	6.407464	18.549841	5.613540	10.927920	18.290653	10.287621	6.006268	19.165684	10.474446	8.174588	7.469662	14.021276	14.348582	8.723375	14.678968	8.368936	10.019123	9.398695	11.052154	6.319297	18.335229	12.814406	13.925841	19.663739	5.219346	14.728800	9.680226	12.657063	12.840118	14.672603	5.608012	19.054299	4.804005	8.099243	12.272134	13.960446	15.251566	11.808131	12.892152	4.644592	12.804406	8.754576	5.018294	9.669526	11.575998	11.035276	5.819325	5.918417	10.541952	8.863895	12.734407	12.767984	6.907440	13.026753	13.455299	16.970292	5.614514	4.770589	12.435763	18.404551	14.012293	18.177287	12.886469	5.959271	5.079282	11.230944	16.208271	15.545238	19.102674	3.997757	12.933053	5.809344	11.927970	6.853892	17.476133	11.894240	12.743182	7.704462	11.316368	11.328413	5.804612
18.641333	8.107096	6.529328	10.617877	16.841354	6.692487	8.445785	17.916419	16.955863	5.481987	15.486527	15.816324	17.758067	5.040616	9.492071	12.242618	14.330665	4.158766	7.260278	18.801541	13.078459	9.547636	16.709918	10.140305	6.846318	12.527663	6.098100	4.742476	17.732350	17.444749	10.994682	16.991815	10.636965	13.306414	9.426870	15.900205	5.739516	10.900634	12.433457	15.955067	18.545790	7.907804	16.271942	6.552175	6.230919	13.245136	19.443922	17.892048	7.959655	9.365704	14.367170	4.866518	12.795406	10.859731	7.022027	4.314785	15.590426	12.163775	9.343217	6.029845	6.243836	18.586168	19.008095	16.947154	18.181170	12.215159	5.724043	14.148593	13.055694	17.274703	19.687412	12.246432	18.925044	7.721492	13.227673	8.491365	15.023959	7.283664	17.306411	11.333415	6.940630	16.553807
4.112564	14.684632	14.918478	5.189181	16.145506	6.309069	3.970657	19.639720	9.023323	10.160286	6.442232	6.526523	8.636526	6.580706	18.490425	18.702543	4.377302	6.446007	12.418223	17.178146	7.372253	18.777347	6.994477	5.546729	6.619466	16.169048	11.482834	14.001227	15.921340	17.747690	4.108009	13.664569	6.606339	19.381053	10.303823	19.034539	13.496924	9.894578	14.365838	5.564417	12.294587	17.049439	12.820624	5.701473	10.546864	7.168046	10.409828	10.135514	14.376965	9.683259	8.868886	8.184726	14.799089	6.636157	4.289633	18.043186	15.738107	11.459587	17.561380	16.598467	11.495180	7.010061	11.943676	17.749891	12.965231	19.542301	4.302237	10.378648	19.708361	14.376043	4.299211	9.014956	3.955399	9.383910	14.740305	15.642686	14.456598	5.234053	13.265356	5.598131	11.361030	16.342658
6.462062	15.182360	15.984804	9.057328	6.512529	17.252617	15.349601	17.415698	17.823377	14.607440	6.910518	9.399304	14.194915	8.755328	14.574882	10.656433	18.527162	16.740022	6.431905	12.946747	17.569434	19.023165	17.378037	7.862614	10.791842	17.606508	12.065676	5.544342	17.387206	17.057759	11.561962	9.822600	9.062037	13.263539	19.319539	6.100424	8.592289	7.849239	10.691371	7.225111	15.368947	16.690314	6.706684	15.505844	9.804206	7.652662	18.304217	7.439313	11.626334	6.170232	4.170034	11.136696	18.539052	8.373947	5.300070	5.971935	15.705655	18.869241	4.216187	4.498441	17.874759	7.454255	10.836575	6.055112	5.321469	8.796646	8.539107	13.075724	8.830274	9.009627	7.095422	13.301808	13.501586	5.706222	17.787001	8.813920	12.597786	7.264678	13.738731	6.144400	13.441181	18.516516
16.563010	8.723796	5.235478	15.818190	12.333078	15.850700	10.098356	16.566658	16.192808	12.239388	6.061793	6.372176	4.169972	13.054693	15.198046	12.828094	13.266712	5.816731	5.243649	6.132207	10.923269	8.526937	4.773827	4.144496	18.099445	7.840923	8.943088	4.779744	16.740840	8.757628	7.535863	5.821548	15.797212	5.821025	12.544147	7.776371	10.641666	5.220919	5.563068	12.999668	13.704171	10.544074	6.238947	6.342144	12.467725	19.707142	10.495018	7.535808	7.513181	4.430545	10.549022	13.185247	14.949538	16.909705	8.588541	9.947602	7.566231	4.014946	4.692782	17.823615	8.417369	14.966459	17.122931	13.957533	10.845042	15.396854	18.546384	11.072710	8.702575	7.207872	8.127917	16.713878	6.128798	5.913893	14.954645	13.323930	9.129766	7.863233	13.597117	5.650927	9.316859	11.154762
17.572203	17.915775	5.858004	17.912220	4.965882	15.939503	5.561074	17.970680	7.196181	16.473534	12.622714	13.661501	12.853371	8.300411	17.035600	10.514956	4.653132	18.102559	11.816399	8.468106	10.023370	18.714355	6.757830	9.217511	16.662848	16.643810	10.200137	7.602659	9.224766	13.404036	18.121231	14.006817	10.991983	19.147816	7.361082	14.434436	11.120410	9.253599	5.767908	18.815589	12.888144	6.399363	5.774456	12.567664	16.096397	17.107826	13.622435	16.840058	17.428226	13.582113	9.977359	17.006934	19.319158	19.472317	5.071881	11.405057	7.548928	7.636742	6.947253	19.144780	15.829234	9.854743	9.324784	13.542509	18.901213	7.165550	13.186038	18.488621	4.295361	17.829433	14.659069	9.494410	15.703512	4.081476	13.940024	19.102386	15.726497	14.152652	16.914558	10.506096	18.784644	5.494619
5.968940	4.008675	13.126086	14.214098	18.262897	6.345821	6.516738	17.994344	17.764850	10.630958	11.995202	9.339102	18.704343	13.605879	4.676944	14.239404	17.939197	4.894062	13.255433	11.411070	17.718441	12.641408	10.609979	7.567754	12.693881	19.295383	9.638264	19.557190	4.075811	6.332001	4.128023	17.753738	13.299140	13.562016	7.582840	13.576381	19.515075	10.488689	4.580258	7.103671	5.334852	11.849498	18.034725	14.095515	17.634015	11.389918	8.293875	8.042401	7.990646	6.719230	16.726720	17.212254	5.177483	9.167705	7.652922	19.621906	7.426593	5.505111	5.694167	14.289050	9.788071	16.817650	7.931750	4.813127	10.096266	17.433108	15.550858	6.340476	17.203486	16.770859	5.670854	15.674597	5.218741	8.720349	6.518440	18.453021	17.033011	16.755990	8.633466	5.971838	18.309154	14.145078
4.832277	4.203165	18.921463	16.669094	11.656746	10.182677	4.239373	9.630148	10.999961	7.748999	13.205527	10.826170	7.151379	13.491617	18.431303	19.441605	9.258623	17.104101	5.833945	13.680151	6.857092	4.073591	18.551969	5.532239	14.708607	4.375251	8.639312	11.736961	13.843723	10.060051	12.697190	7.504093	6.547094	5.695060	17.410231	3.984928	14.017874	10.050788	12.789511	16.820920	18.840409	5.023387	16.441127	19.182970	8.126704	16.490439	18.458787	15.996335	16.494102	18.122966	8.246881	7.035890	5.907499	7.126953	13.064171	5.790436	10.615602	10.727951	7.084931	15.574254	9.058083	5.665493	5.793981	16.175135	8.610017	15.440419	8.153518	10.613798	6.227976	15.850254	10.246077	16.006035	6.934946	18.359488	10.540576	13.834191	13.171333	4.938272	7.856563	17.370911	19.295616	7.317580
8.433370	9.252634	10.209712	7.656420	11.161466	6.486585	9.638559	13.724891	7.133423	18.306211	16.864189	17.870999	11.149725	16.514821	17.160841	10.850747	13.316713	6.053550	10.651959	18.502806	8.838795	16.609163	12.461769	19.380958	14.307640	14.344463	11.173585	6.078013	10.288981	15.391756	11.438870	5.145094	18.972132	11.495936	7.800793	12.065840	16.529028	13.719166	14.458293	18.115433	8.562927	17.648599	19.344458	9.763545	18.393888	12.824863	10.843956	11.064621	13.244253	19.299174	6.940307	8.484764	5.312551	8.506703	7.226491	13.890896	6.525229	12.951832	15.771377	11.344912	16.619279	12.402338	6.526720	6.223114	13.884252	11.282590	6.245180	16.723798	18.191980	19.508191	19.691996	6.608107	10.181559	14.300838	8.841871	12.263262	6.648199	9.392817	9.064494	5.219167	11.659788	9.192198
4.071409	5.858089	17.110232	9.469139	8.892266	10.399432	4.931176	18.405965	5.977355	9.496896	13.847892	7.018734	5.167774	15.316839	8.058199	12.617064	16.437942	13.212687	14.262013	7.335200	3.977660	19.510850	17.982597	12.481019	19.502915	8.964458	15.481772	12.207582	7.886072	15.446733	18.018307	13.268273	8.108980	5.025324	13.774538	16.165161	17.339758	16.264899	7.024401	13.679049	14.337776	15.909220	18.700025	6.796495	14.492775	14.688903	17.504357	6.875613	13.023708	14.407427	9.310598	10.619736	17.385178	13.950003	11.780940	13.599340	8.798217	17.414640	11.269189	7.863853	19.209484	6.368796	8.252357	4.903009	4.762594	4.081002	10.620448	4.642911	8.778547	9.498443	12.979291	4.557480	18.280983	14.239993	8.868552	7.384138	4.961094	10.399336	13.794953	16.676749	3.950558	13.664878
14.893914	10.959942	13.865351	15.890580	11.228856	19.241873	6.823037	18.549118	11.863532	5.085754	8.423877	6.042572	10.647162	4.274449	16.845389	13.953795	13.386277	18.470196	11.642479	4.650089	14.133269	13.590870	19.038598	6.233286	13.689649	13.696985	8.257960	15.851344	6.597051	17.374897	11.032832	10.392041	12.643974	4.054459	18.158417	10.092707	10.801309	10.795693	5.005846	12.133988	7.721636	13.419757	13.218468	19.544795	13.963251	6.136948	5.282924	11.808371	7.699625	4.671023	19.125460	5.089702	13.402448	10.706610	13.355818	19.418652	13.126415	7.306570	14.517508	16.571977	14.178695	7.059369	14.264417	16.910518	4.554365	7.020794	13.834750	9.053293	5.272251	13.381323	10.122301	8.007680	4.309510	19.534539	12.670737	7.347840	9.053795	17.836204	5.796703	16.672492	16.029880	10.240583
11.146463	14.363454	15.046108	13.520013	6.040638	14.611737	7.023008	19.340459	7.772721	8.533170	6.624992	17.631379	8.460426	7.051319	6.155647	7.029014	8.019704	5.470311	4.678050	18.323997	7.420108	6.542874	13.634717	17.691231	13.646454	14.423674	12.453358	18.360169	7.575266	19.174489	9.431170	15.702711	17.651933	8.848778	18.016162	19.576235	6.658207	4.065017	13.542644	8.556744	10.965493	5.505324	15.798411	12.016171	13.813707	5.450743	4.999855	5.944518	7.301023	13.336043	5.368525	18.643602	4.529216	5.018635	6.807827	13.176769	19.073551	9.123283	6.125504	17.645946	18.820145	8.086638	16.577815	13.551049	5.491246	18.392514	14.827365	10.828619	19.620687	7.840775	16.920502	6.428732	9.909812	12.383094	13.785932	19.300244	7.958648	8.696894	4.544344	9.553439	5.744271	6.157980
10.749701	9.710365	14.527952	8.282410	18.287098	9.342718	14.823038	17.884156	16.104951	10.987043	7.430414	11.579011	4.047463	5.159255	11.914275	5.245115	19.335868	8.382552	15.750324	4.836407	10.021381	9.770186	9.261670	6.561301	12.873789	8.720975	4.973232	14.819455	13.470166	13.647957	18.502971	16.702444	8.988814	8.031276	12.444559	7.442812	4.060951	7.827781	12.322418	17.714819	10.945794	8.645724	6.687557	9.194218	15.684957	14.211306	17.030287	16.915501	11.098552	14.293637	9.416412	13.525971	12.773982	18.159859	18.164425	19.414613	13.604334	12.594154	4.401247	12.191251	6.178905	15.105162	4.328402	6.477286	9.844134	9.989547	17.703525	5.708417	18.286109	15.670145	10.290706	4.038124	18.171619	9.079715	5.355098	12.418244	15.925486	10.971953	18.088213	13.407233	13.441037	14.289118
19.675358	11.510153	11.455539	6.379536	7.359210	6.079813	6.257484	13.385375	9.245742	7.440646	16.962867	8.754450	9.403336	13.781029	5.793022	4.651177	11.324131	6.620117	13.793941	12.079554	5.991321	6.266069	19.070161	5.269697	10.766349	9.971622	16.980242	8.468351	8.068091	19.490640	9.629658	5.995394	15.746441	5.046525	4.691282	5.026143	9.339088	12.189059	11.850715	11.852488	12.969585	7.165047	5.223146	13.780434	8.426842	15.982409	10.786994	17.136513	15.613495	17.355955	7.353781	5.935012	10.007224	5.056827	7.908924	18.674717	5.930272	12.092580	7.066217	8.641442	11.333175	14.476631	15.960289	4.651812	12.951715	9.715097	19.687514	7.055185	8.172626	19.400987	9.683544	7.182408	4.730021	14.292395	11.528084	18.220377	11.464876	10.276269	17.468638	17.011077	9.197494	5.212231
15.928363	12.209324	15.322826	19.151432	5.666641	10.356172	18.894483	4.205895	14.628743	7.298978	7.187614	9.743887	17.080221	19.673131	8.947463	13.477390	12.720314	12.933404	9.345428	15.218358	16.204695	19.286994	9.634999	17.403791	12.482240	7.896435	14.018854	8.649054	12.745750	17.862067	19.692314	4.157440	19.687938	16.162797	6.687914	14.042208	8.488999	12.572599	10.128067	18.810398	12.276963	16.662503	12.743282	18.989942	7.319270	4.230568	19.338994	15.556864	7.052742	7.174345	5.933751	5.728126	17.053035	19.451308	17.675539	18.390155	7.554904	16.554447	17.113956	4.869730	14.474426	18.196431	4.147148	10.782485	16.523171	5.407815	5.179664	14.996497	18.053843	8.613862	8.582522	9.138445	4.304104	16.861098	10.999115	18.016966	16.288310	14.322175	19.099557	14.016091	4.104913	9.163963
16.237732	19.026692	15.848956	6.682273	16.576381	15.377658	18.936055	9.433512	8.603780	18.158918	7.478342	12.022844	11.665306	9.806999	10.730132	17.686292	10.704802	6.140232	12.256181	5.757124	10.839313	4.430388	12.760053	7.834971	8.249238	19.531559	18.889368	7.806365	4.372083	5.699398	14.648603	17.543932	9.727865	16.203246	11.849900	9.717620	9.750682	9.988757	17.810136	15.175757	10.817900	13.717662	16.462297	16.627468	11.846482	8.518212	9.449122	16.381157	14.164590	6.441717	11.569285	15.428648	17.666319	7.139528	10.288664	7.433434	5.986567	11.001541	13.758089	6.833421	18.142593	7.809544	18.963864	7.640724	13.364043	11.344952	8.574450	11.740204	19.574377	14.190406	16.894065	19.677114	8.036899	5.694118	13.868043	8.132993	13.470656	15.881725	11.752651	3.953862	10.083468	11.500659
5.761979	16.219217	7.320501	16.575274	18.026111	19.385673	19.609567	14.913808	7.557680	8.679441	13.391920	11.324447	7.436994	6.549720	9.445257	16.403858	17.326879	12.524655	9.127525	6.679538	4.321969	12.607722	17.314790	18.637584	11.355173	6.288054	15.748338	10.775454	12.494928	8.652062	5.286389	7.996169	19.337507	17.561567	9.746112	16.707348	16.890752	9.914625	9.324397	9.917186	13.895305	5.719399	17.549266	6.035090	18.346556	10.343905	14.495875	12.893968	17.358071	13.195538	9.647466	8.079361	9.068655	17.544310	6.934306	6.446797	7.948981	13.487942	6.182185	8.491952	18.329153	19.330561	5.661589	16.849351	5.987231	10.423721	15.056589	10.429186	11.356828	11.976022	17.894568	10.067873	10.915273	16.941464	9.545653	5.786396	17.174440	11.218783	17.368379	5.032116	18.046714	6.537236
6.511543	7.305409	18.071387	8.704997	13.286162	14.875304	9.331868	6.497629	17.018765	13.195268	11.054956	4.756382	16.696850	8.518818	4.425950	14.288097	15.439001	11.022235	15.787708	5.698637	11.085379	6.430549	5.005587	15.511881	8.711391	8.505739	10.730234	17.586646	17.504846	13.933894	19.019678	15.823894	15.862906	13.285107	7.026384	15.779606	11.764148	7.799672	17.576633	13.774813	14.414794	18.952416	14.716478	10.770055	9.603696	9.036926	18.429028	18.793534	4.020146	11.929871	19.388078	12.001089	17.409088	15.359680	10.568444	5.746075	9.539628	6.492156	8.728739	15.662437	13.552257	7.827127	8.901348	17.748648	9.331616	18.475832	14.663445	10.687146	7.682332	7.280541	9.457350	5.554042	19.618828	4.222870	4.286726	13.824244	10.971795	4.955487	5.290329	17.193901	18.656450	17.735623
11.568358	18.673780	12.016596	18.202991	11.289883	12.552692	7.048607	8.146348	6.398279	16.687470	7.107621	13.767628	13.186189	16.881711	16.744538	15.584070	17.772816	7.282292	6.994336	15.000697	10.815756	17.211608	10.663239	10.532846	16.100756	9.830762	3.960224	14.279895	17.079496	5.553839	12.490065	18.182509	19.068411	14.631597	14.407578	8.053876	17.553394	19.066900	11.935593	7.084123	8.243147	8.544629	9.811785	14.288093	17.458597	18.681422	9.409862	6.685340	17.547318	14.964332	9.560636	14.557476	14.324233	8.383054	11.365095	6.027617	8.155139	4.590485	9.067291	15.873629	9.873668	14.819128	4.717476	7.479094	12.072825	11.215316	5.832954	12.350953	18.059619	15.260436	10.806846	19.112881	6.988056	6.174073	9.887645	7.928183	9.988917	5.863831	17.555983	15.929193	18.665477	8.069137
17.268076	11.100610	16.099103	18.397934	7.897383	15.232824	17.598106	11.527830	12.546457	12.318029	11.505710	17.436194	14.469652	18.847823	6.993912	11.054231	17.179971	10.311485	18.131927	15.014244	8.748881	18.691229	7.124474	17.917344	18.885569	10.880264	6.887954	12.707813	16.815939	7.485429	13.485778	19.055594	10.449427	10.597727	12.464478	11.849153	12.345258	5.305688	16.204130	5.650467	7.810315	15.405073	12.307212	9.927083	10.926293	5.765157	10.032816	17.967397	7.052319	4.768030	6.261725	17.484940	17.943636	6.477288	14.602254	9.507809	14.386335	5.498702	9.684511	17.821062	10.896873	15.031739	7.775790	16.223150	5.013230	17.872145	12.715042	16.954794	13.593751	10.973147	12.610737	11.183726	17.479371	18.514722	10.857135	7.577916	7.978569	14.630423	19.092747	8.765545	19.517139	14.092073
11.480124	4.383268	12.001982	17.560143	7.182632	19.463497	15.220798	7.017120	16.893710	11.125345	12.909767	5.917751	15.348389	10.301432	12.656700	6.702772	13.107842	3.952793	13.847024	10.115099	13.195050	16.241056	12.276577	12.116507	10.719715	15.152239	15.455002	7.862757	18.870764	8.789741	4.373558	6.824158	11.929431	6.724869	17.093322	11.435948	18.182929	9.818496	10.434680	15.770686	12.356570	8.456459	12.296581	10.455045	13.339576	6.095705	12.231535	19.028799	14.907502	19.567630	17.511903	17.537584	19.198846	14.509028	19.057227	7.882948	17.714407	17.025990	19.658552	17.045498	12.928197	12.426877	13.453237	12.314377	17.244848	5.359238	14.121826	13.729443	10.487951	11.850564	17.437562	7.268087	10.301368	11.850486	13.779099	6.016648	5.756083	14.535337	9.103108	8.997681	7.814156	7.571335
19.634644	5.159023	5.068067	14.840514	17.020888	14.260304	18.667293	5.434186	17.227080	13.340843	12.190626	4.532843	17.989401	18.418458	15.199540	7.465719	8.398294	12.035507	16.685957	10.716035	14.403449	13.455927	18.506487	19.130416	5.345382	11.234859	16.401765	19.136675	19.167732	12.339647	16.648163	16.135978	13.008260	12.292497	17.211397	7.664808	10.126439	13.260156	9.838147	7.840403	6.128241	12.046683	14.319708	19.216913	5.736781	14.564103	17.668121	7.602578	16.035010	5.595914	4.122639	5.725056	14.455187	5.336459	9.752183	17.976619	4.883032	5.335163	9.158142	16.951542	13.223870	18.398394	9.753467	14.541749	11.167958	14.324676	11.150105	5.558016	12.008198	16.570844	14.845053	8.843793	18.623048	7.357350	11.106963	17.288710	16.745201	11.410592	13.182588	19.574643	4.465582	12.218559
19.107813	8.314520	18.605989	9.470536	12.566214	15.480621	5.462623	17.083740	9.834362	15.175309	5.872483	17.438374	15.207385	17.085476	16.194547	5.909030	10.333903	12.262521	11.437359	9.040792	10.764740	5.724537	19.230732	18.339876	17.726885	8.811458	16.990192	12.093103	10.241648	19.216220	4.338400	14.666253	5.639598	18.548909	5.769588	4.204002	8.399160	13.826255	11.140723	8.512183	18.519837	12.667060	11.639722	6.802601	11.658085	4.481945	17.161636	5.349654	17.601593	16.196009	4.391522	15.655405	6.486525	14.857388	4.684017	12.034050	7.445120	16.265203	13.758581	5.853757	5.944991	15.724027	15.309206	5.945782	6.776400	19.146571	6.609343	9.099242	16.230487	8.132067	4.457076	4.835466	10.858677	17.658551	14.497785	18.359217	8.865546	6.383229	11.216069	19.083024	17.984800	9.932502
9.591277	18.850438	18.281044	9.404128	13.301800	10.456938	7.799448	13.729797	6.642857	10.689962	10.194430	14.956698	6.897193	6.535384	19.046663	11.496484	4.463736	19.642491	13.038908	9.707144	5.703963	18.370364	19.586633	19.511556	13.549981	13.701918	17.354046	17.926753	7.955363	18.178581	18.335326	12.769848	6.562024	6.532711	6.922813	5.193839	8.776255	6.875076	10.796141	10.054310	11.793260	15.094945	18.966657	4.524302	7.418108	8.609161	5.855069	12.660226	10.169627	9.114888	19.304246	18.891160	9.657868	12.369517	14.089956	18.549120	5.175473	9.498758	17.187556	17.271761	7.264518	17.934021	19.586410	11.945024	13.350368	11.401317	12.676950	14.711087	5.963044	11.755281	15.980903	15.720839	3.946626	6.131446	14.821138	12.081374	6.729897	19.125219	5.662708	5.093671	10.280744	8.869054
4.650421	16.055856	8.513135	9.870945	16.108555	14.418881	16.772199	11.199925	15.619630	14.767739	6.288130	17.325049	10.986265	9.798669	12.676520	15.751969	13.095550	9.699519	8.714614	16.967527	14.705314	5.313029	6.299275	5.654069	5.429939	14.748012	17.397262	16.141526	17.236689	6.672001	12.931090	14.173201	8.102540	6.515558	10.821193	11.286582	18.856018	15.811614	13.954802	12.678539	17.727921	12.583037	15.131905	13.834813	7.605379	18.040618	16.910369	18.369893	8.779766	7.728649	18.762246	17.459300	8.665898	4.808516	13.635465	16.420672	6.741757	5.699710	17.595019	14.159967	5.436765	7.167855	15.194210	16.796707	13.176624	7.759258	6.364135	15.712348	15.937525	12.263479	11.563104	11.654598	9.271585	5.336325	5.866733	15.607797	17.634025	19.235725	13.977362	4.662710	11.735533	7.039346
9.786142	18.854793	6.184038	12.906404	12.551841	7.450478	13.171975	11.154880	10.600494	15.242579	8.696850	5.909513	8.271395	18.143152	18.659636	14.750284	7.125456	7.778861	16.439698	9.153420	18.895601	14.974828	8.885769	10.693482	15.188561	18.515239	6.683327	16.719791	10.259154	7.727123	19.506806	16.583114	13.162111	5.651303	7.840819	14.191106	16.823679	18.273840	7.816265	14.263706	7.269732	11.185723	5.954871	15.619303	12.952701	16.580794	9.790272	7.311237	14.988696	8.652381	9.568795	9.584144	19.312705	12.243691	15.490386	11.917068	14.179120	18.496390	4.909651	12.735005	7.402403	15.213849	11.332611	13.161701	19.258962	14.991038	16.984242	17.906062	7.187434	16.513094	8.229519	17.589123	6.655770	16.091607	13.776768	15.098793	11.233274	18.372032	4.558242	17.279476	15.450382	10.437468
17.329157	15.567839	7.707892	18.768638	18.616127	18.904146	13.429726	10.589295	11.057159	14.248428	17.291534	8.405315	15.040691	6.039584	13.914356	6.026717	4.270021	13.432810	18.030301	18.319930	15.477615	3.969343	8.281187	18.068018	7.009278	10.068903	16.676913	4.884750	17.991478	5.223180	4.742871	16.498229	5.888655	9.982390	16.641058	5.288551	18.003687	4.375661	12.953102	16.066828	11.524846	4.090406	11.451901	4.119162	6.762070	12.311753	5.313137	16.916147	13.215957	8.250675	7.664267	5.365936	14.549313	11.160846	15.575600	16.102170	19.383007	12.888878	18.199743	16.811352	8.158009	4.108217	19.054304	9.231184	13.340706	17.001516	17.037954	17.330332	9.841396	12.706880	4.426363	14.891479	5.805700	12.161084	7.377153	19.020064	4.339718	10.598574	17.725690	18.635539	14.726516	5.627363
9.662834	11.790073	11.380296	4.589546	16.789041	8.202576	15.145894	15.281844	12.058137	14.069591	10.922316	8.850107	15.755487	4.420178	12.953368	10.532747	11.986914	19.100598	4.212292	17.726014	5.678639	16.146520	7.468951	8.656017	12.385137	4.007363	11.144405	14.580772	11.954086	10.342558	11.594850	17.583393	13.236966	10.283590	18.143078	9.997888	12.809527	7.888395	7.904163	17.762925	19.709281	17.916241	6.979134	5.415500	12.882646	6.563435	16.775581	9.806546	19.398183	5.185057	12.915020	11.678552	11.237640	10.185597	4.342137	4.080834	11.401402	10.452948	14.092018	7.219457	11.638360	13.389708	16.649172	15.936033	19.034808	8.368946	18.887656	16.532859	4.321956	14.024319	19.346254	4.083275	8.014948	14.718896	16.619649	15.172612	15.388576	14.506143	15.233619	5.628404	15.174556	8.466348
5.636371	13.367029	16.223606	12.630777	16.347674	11.710880	18.508869	18.110878	12.421620	5.354134	10.403469	14.005713	12.462578	10.373360	11.614898	7.674624	17.093835	6.560616	17.401408	5.433779	13.347604	18.987125	7.965913	12.449378	7.171320	4.104090	10.114400	13.654912	15.182265	7.499038	16.661136	5.589400	12.927338	18.110690	10.626886	14.970501	15.559686	15.936245	5.772004	14.474882	15.643899	13.826261	11.059820	5.149302	16.072779	16.695589	12.376379	17.780326	12.551650	19.561524	7.529385	16.542994	14.728543	17.882170	16.523732	11.157040	9.913453	8.037764	5.354759	15.056979	4.680975	7.291094	9.468957	8.441015	12.809474	11.675034	10.456757	9.937405	6.903838	18.408636	16.665751	6.602284	14.296591	11.354982	11.679976	12.385651	4.442921	7.634371	10.287123	12.660036	19.162364	16.363635
11.952268	6.126140	4.163837	17.205445	13.219104	17.630644	5.582827	16.404925	4.155553	13.439048	15.296106	6.135836	15.626494	19.354086	10.490982	13.993006	10.494088	11.146328	4.331093	6.787930	17.205671	12.635678	14.044311	17.597595	11.454222	7.010596	14.829596	7.909648	16.339219	13.471076	12.159664	5.718165	15.626844	17.488076	8.076205	13.736467	9.015869	11.580716	8.350943	5.158580	4.413005	15.887611	8.944663	6.566764	15.950882	14.118078	16.790979	12.827700	14.062377	15.089424	7.235639	6.223014	10.213381	9.675663	4.790845	6.104504	4.614934	16.419103	16.494335	13.058330	7.032002	4.859284	17.219953	12.872380	4.961812	8.487899	12.761510	19.397770	13.025484	11.162568	4.449010	14.848339	8.874940	5.244412	5.886947	13.256674	13.927316	10.214961	14.114345	15.994353	17.628437	4.155902
6.046136	15.834185	9.639099	16.276451	5.137163	3.999135	9.459643	8.217842	12.902844	8.278312	6.131711	8.663929	16.910632	14.427626	6.394143	4.169326	13.970438	5.626193	16.864077	16.448296	4.348537	6.961102	19.432186	13.679577	4.875952	9.718300	8.327035	8.851252	8.930932	13.601612	12.591790	8.969637	15.754718	11.149695	6.626787	12.158028	16.977077	7.212022	10.713223	18.143211	8.693773	16.089965	18.149300	12.274015	5.550319	19.369476	8.937423	6.207006	7.462226	16.913279	18.973224	14.772233	11.679775	13.916681	13.633895	13.298259	12.827723	19.645931	6.443873	18.244706	8.567335	12.267795	19.434405	9.348024	7.207954	6.051878	18.383990	19.545840	5.414489	5.893315	16.082634	6.134692	13.973479	13.232354	7.747624	18.415342	6.117269	10.320950	7.605425	6.118006	16.501473	4.723865
10.839986	11.282709	14.088499	14.890731	12.249482	10.451656	8.100508	9.978076	5.489196	16.136570	19.666959	10.631916	11.113250	11.672840	16.403176	18.184545	17.123226	19.271550	19.069100	16.428437	13.862419	8.723381	10.980154	4.837937	18.568175	15.414160	6.780326	11.544163	5.168666	12.674626	9.541402	19.210759	8.720725	9.600804	11.133604	19.494507	8.296631	7.957042	4.663115	17.826224	7.205792	13.424504	4.496593	7.173494	5.640238	11.729294	12.892547	4.740798	16.901793	12.982750	7.338949	5.612872	10.756018	11.500557	16.722836	10.445644	12.788678	6.016951	14.819036	19.212718	12.721671	7.387524	13.489202	6.937378	13.196979	18.942459	10.658743	19.277356	16.577878	15.022236	13.238406	8.872365	11.395593	14.737195	14.397375	13.538857	14.046016	17.202392	5.092481	17.815854	7.127686	5.887701
5.948645	5.125908	8.195218	15.356704	16.345816	14.844502	12.257320	4.775373	13.385943	13.357689	19.708983	17.326049	11.871245	14.942785	6.780286	10.646647	4.258313	4.537699	11.294533	18.361948	13.360448	16.171590	5.590665	4.266320	18.744557	7.819403	14.930635	6.077922	12.286868	11.220958	16.346647	19.230143	11.187186	8.621768	16.457770	19.084578	6.539907	12.945326	5.282792	13.881514	11.859853	6.308284	4.501546	14.967069	4.319539	9.815790	14.798195	11.087986	12.671976	4.121025	4.788201	4.477775	18.623551	19.308746	10.241864	17.599357	12.704441	13.860773	7.307487	16.174775	8.210860	11.973387	12.687652	13.352384	15.503824	4.688496	13.101331	15.861674	19.405144	14.304870	5.285079	10.768162	7.533040	14.874038	4.215765	8.806977	16.477233	12.581610	5.772311	9.467046	19.291145	7.813877
5.510428	12.027056	6.483372	12.229389	17.162699	16.005976	17.292118	13.722846	15.070141	5.271509	14.883026	4.272357	18.127592	10.980369	11.548398	10.403244	16.920330	14.497900	15.283513	9.372298	11.003687	13.400482	14.189114	13.265508	3.946476	12.595459	12.024928	12.363859	6.668823	9.435692	17.580024	18.447050	6.504395	17.525361	10.900145	9.002229	16.748860	16.584120	14.368474	7.020153	7.929233	4.945056	18.951497	14.700518	12.178740	10.607720	14.997044	15.863928	16.474828	7.056694	9.668149	14.519061	6.512527	8.646071	8.435714	11.602093	10.706913	18.033959	6.396000	12.790697	13.646206	16.722884	17.648778	9.605582	4.773975	13.043526	3.982811	12.598988	4.817883	5.711719	5.510409	7.736063	4.592674	13.286677	13.175525	11.826935	7.618349	5.698027	3.946673	11.500766	9.435509	5.984915
7.054838	15.473860	6.054446	5.787365	7.834849	14.613193	5.489016	17.300166	8.540978	6.958264	10.863195	6.735419	5.439616	9.847962	7.863068	18.792355	16.483231	9.581752	8.249748	9.165537	9.697142	12.156406	18.578232	17.749473	10.254577	16.757152	19.440807	11.474289	16.444606	11.479294	9.799598	6.383524	9.157900	18.823410	5.852798	5.936695	14.660935	15.604039	4.471184	17.499140	14.309640	14.009609	10.839418	18.801761	19.192197	9.065061	12.303959	8.528668	16.359981	12.304051	4.820310	14.391355	15.433560	15.141524	16.086613	7.732720	10.265981	6.234430	15.003341	19.554827	17.260839	4.785813	14.014447	8.995896	12.577275	13.331140	11.757299	12.319349	11.527426	6.967188	4.730833	5.773343	15.510114	7.797077	16.122214	4.212215	4.461350	18.996354	11.632526	18.011007	6.385271	7.960457
18.068994	9.406650	8.174749	12.397399	12.557076	12.962462	14.410928	6.899648	18.498921	5.550795	15.133603	16.678520	4.114894	16.269006	15.262565	4.446339	11.005608	9.310457	12.437932	9.131880	14.111426	6.369281	18.247896	9.002415	4.776612	16.857616	7.288613	8.081886	17.729009	7.259483	12.838496	4.523977	7.153484	7.861177	8.921195	18.573558	11.267410	14.211815	15.706308	16.537155	8.791829	15.904989	12.898987	16.102512	15.607711	4.315568	16.637864	9.996624	18.583591	12.955816	17.060427	12.242150	15.404615	19.465527	16.752150	14.977007	11.033624	6.729751	5.912215	19.304365	16.002413	8.071265	10.049785	17.088734	15.063471	17.967014	16.484652	10.600828	5.262264	7.308872	12.826208	5.943161	14.855991	7.131932	16.761745	19.358544	4.297622	9.737751	6.443872	19.455750	13.316672	5.182728
19.501575	17.881721	6.846352	19.449888	17.120054	16.476911	16.650602	17.947915	15.311583	4.943003	4.603386	16.448503	6.385127	15.986241	11.453070	9.919459	7.265442	5.156468	4.069137	13.997239	6.007077	11.237469	8.067819	9.120195	15.631556	5.174810	11.188720	8.311847	11.361065	9.920120	4.710865	16.328541	9.655318	4.308427	16.129359	10.869528	5.137825	9.195452	19.374884	10.341723	12.337117	4.315580	5.456000	9.463613	4.520983	17.658582	13.620984	6.139796	6.948207	4.102081	12.774161	17.592415	7.953261	6.926201	8.849807	12.677921	16.494896	11.052406	11.897428	18.332343	15.637106	10.854382	4.313677	16.455234	9.549755	17.764272	8.615586	13.781004	16.934610	10.428757	7.133134	4.582502	15.781582	7.052454	17.467618	8.498364	12.683235	4.944254	8.838538	8.846465	4.639604	8.242041
10.817496	19.036785	9.702163	15.197980	10.048091	14.355324	7.421857	15.564638	9.377968	6.048316	4.692053	8.579888	4.631367	14.437202	13.940479	7.886655	15.702509	16.893946	16.665800	7.925590	18.813836	4.325347	16.549819	8.798264	13.711491	14.964697	14.666209	18.126907	15.033706	10.674461	5.015641	11.656025	8.010814	19.664842	15.682362	19.398157	18.402820	8.802684	19.315701	16.699474	9.205828	5.141822	6.896407	13.104255	6.648811	4.831475	14.363713	18.604699	9.111194	5.974969	15.864554	14.240175	10.934283	14.408660	9.537785	10.818134	19.378748	12.052848	13.572237	9.700265	8.610928	6.940103	6.431028	11.922463	10.098851	14.368773	4.653181	11.351596	5.699049	11.824889	15.822490	4.747067	6.280579	13.640810	10.678674	17.941991	18.729291	7.666246	4.039203	7.715883	13.129049	4.301096
9.892577	17.002551	10.776722	13.993114	5.815196	8.216730	11.131427	18.616961	14.630902	16.592149	10.668466	9.443607	12.333747	13.372473	14.444859	6.060243	6.404975	11.294426	16.245105	11.744807	12.823305	14.921720	9.539944	15.513811	10.894670	13.350469	8.190650	19.609194	10.229611	19.588260	16.002292	14.294539	8.862625	16.838655	16.705926	14.871396	13.618157	12.022057	17.483723	17.590115	18.397905	11.660759	9.065007	14.215626	14.798615	4.853070	4.622513	14.754407	4.977989	6.930683	13.911103	15.992504	13.349030	9.607928	9.117383	16.289825	8.021272	4.059227	8.698823	12.801431	12.280827	14.477366	18.964021	14.707916	7.553703	9.668033	12.723393	19.569995	14.516038	9.259456	17.158358	12.263919	7.048661	17.523791	13.926653	11.143353	18.191442	19.393812	9.880949	8.518271	7.527498	9.623954
4.162757	17.685580	10.044535	11.598155	18.569376	11.757608	8.980438	13.306993	16.595558	5.040915	16.256325	15.828509	6.890070	13.380005	10.580913	12.826719	9.360036	7.313210	13.011035	7.367386	16.784143	11.196813	18.338582	11.578141	15.883329	12.179308	12.209353	4.991650	15.264149	13.589810	17.927398	14.049361	12.910609	5.773430	15.846846	6.730505	5.168459	5.089358	14.090195	10.741128	15.585594	8.937767	11.178077	13.026160	12.555255	12.817961	15.796916	6.848502	15.771928	12.003302	14.398083	18.960182	7.302428	19.415908	14.557189	19.149666	18.283371	12.895511	14.482359	10.923431	15.760030	9.779543	4.289424	13.353226	13.092864	12.096387	10.752674	12.296912	8.497954	18.562416	9.367595	16.452302	7.536574	11.414839	8.886931	13.093787	12.802693	15.642512	6.875748	10.029323	19.359752	15.276757
10.799415	15.530322	8.295564	10.860051	12.314506	18.808194	12.423870	13.612623	15.172840	10.163151	18.659491	17.883797	4.935586	9.650960	7.666912	4.199757	16.576398	11.328847	19.097979	18.278554	7.624235	18.389515	9.314717	14.761996	4.459286	8.367600	9.755604	13.066298	19.656809	9.084640	17.896165	7.597264	17.023900	12.202977	13.626418	18.544447	14.158657	15.921733	12.882492	8.303640	10.117277	10.585904	15.688469	8.515944	14.635958	12.464805	10.349643	17.244871	17.241027	10.192340	4.476169	14.139312	13.625419	19.323188	11.119558	7.134341	17.924587	7.893210	6.207614	15.349348	9.583359	7.583203	13.350381	8.543064	9.953404	5.332974	17.324601	13.295485	16.713771	11.470595	7.828990	5.566566	4.961673	6.343369	12.802359	4.217291	13.227209	12.199769	12.073246	11.968196	7.502454	6.528025
15.185656	4.395651	18.537924	14.386367	11.167739	13.555371	6.887163	12.636961	4.857252	9.686219	18.123857	16.631334	17.048912	5.693891	13.311430	19.181280	12.599735	15.346036	5.762451	16.811540	11.347145	13.699132	9.874984	12.826632	6.177090	10.142893	16.632649	17.246943	7.100784	6.344382	16.070967	15.292904	5.549235	10.515465	9.189374	11.795370	13.740953	14.517511	17.000446	4.149323	9.597058	19.039372	16.538661	13.096868	13.560286	16.943102	6.673674	12.457977	5.632489	16.931444	12.140797	13.154584	4.734659	15.825835	19.397190	6.397696	10.932620	8.472794	13.166081	12.175299	8.158015	8.641553	4.986752	11.943645	6.510356	11.867006	7.628510	12.547162	15.124417	17.337530	4.594301	7.141524	10.233464	18.115980	15.617081	10.807067	7.470845	4.271500	6.305412	11.597451	18.539844	11.549648
7.321154	18.043984	5.444366	18.988987	12.144217	10.636114	19.554954	6.777458	18.642262	4.112635	10.153728	16.288625	16.930733	18.100756	6.947337	5.092351	15.136392	13.024109	5.648131	17.283685	9.951699	14.788347	15.642342	9.943094	12.449682	6.660372	16.740272	6.875591	10.806568	16.808206	10.255409	12.592597	6.731805	7.434183	9.881032	13.618860	5.519445	9.302553	13.073310	5.742229	19.293603	11.969391	9.657144	7.382448	11.572820	11.942646	4.642889	19.266153	9.991524	10.064820	4.909302	12.559465	9.316657	7.670784	7.717902	7.125414	15.296216	17.322308	7.955992	5.639956	12.823368	13.348619	16.381582	12.388540	11.892970	15.846137	10.155852	13.292790	5.282624	8.331455	8.941784	14.926713	15.307872	18.020724	10.764515	7.517534	14.911269	14.664748	12.806398	11.452599	15.421546	17.954647
13.417873	16.447755	6.643278	6.004548	7.893546	7.190802	15.041299	8.239921	9.699857	7.097137	18.429006	18.202915	15.966642	6.701553	5.659700	15.159260	18.012215	5.249506	6.113624	12.159989	13.325835	13.818987	15.200248	17.114818	17.000905	9.469918	7.995148	10.984293	18.752764	17.230149	3.941592	16.920671	17.590168	17.076099	7.881784	8.473148	7.523693	7.571555	9.902901	10.767696	18.228907	5.494288	10.526486	16.325982	12.383423	16.658978	15.308365	14.891958	13.074348	9.138349	5.115001	16.744159	8.893355	13.530954	17.592314	5.361571	16.106205	17.984368	18.501972	12.105052	17.071704	15.738573	4.299448	7.254134	5.697733	17.081075	7.037174	7.623614	8.722248	8.611800	13.242196	9.057179	14.838298	17.107353	12.388029	11.926073	15.220811	14.276803	4.588368	9.775911	8.313561	7.116710
5.787307	7.142313	9.306139	10.876836	4.865942	5.710429	7.859350	15.929889	10.366510	13.427989	12.245886	10.030711	14.539331	10.695655	15.193223	5.753032	18.258063	13.101310	14.800014	3.983372	15.641287	9.869696	13.146743	8.352931	18.684908	6.636321	18.882657	17.737733	9.773876	7.294574	7.598280	15.630625	10.300088	15.967822	10.803073	16.567915	17.605170	19.055282	7.466108	16.729740	13.405295	19.334347	14.278582	18.879479	11.354587	9.591697	17.364108	10.763661	16.809952	4.608375	11.749824	4.853625	17.802908	13.740859	6.791484	19.258677	18.721023	18.250057	16.673163	5.569382	5.687652	16.272109	16.050644	14.320727	9.113759	10.766046	17.287931	18.820100	17.640067	14.075601	11.177996	17.715496	5.942584	17.136011	18.258863	8.024518	15.762906	19.041303	13.339821	6.815162	4.512798	15.333303
16.409996	17.901587	12.023086	13.763071	11.581072	7.440438	14.941729	6.321250	7.932738	7.369623	9.582417	9.489482	5.043186	12.188163	9.872849	12.938009	6.644980	10.528728	7.087109	17.557617	9.293429	17.839786	10.968847	11.825714	13.724395	6.996497	8.330900	6.491397	10.840447	11.089213	14.305975	14.551240	5.397916	5.869025	14.765750	8.622097	17.445350	7.989250	7.617454	7.169615	15.616758	4.854236	9.683413	10.793433	19.461244	17.604287	17.981076	4.811242	6.433691	14.195282	12.871635	13.762715	14.882928	9.335169	12.256686	12.008462	9.390844	13.633579	9.724433	15.709277	13.418780	18.155954	4.874187	17.528815	17.524804	15.750482	16.026508	13.655317	19.065645	14.938511	6.184145	15.029993	4.407960	14.052844	7.963779	12.705102	13.342966	11.880137	7.052930	14.262791	13.803186	14.255359
19.278996	14.808001	7.973060	16.313892	17.800014	13.491375	13.790679	12.213639	19.104286	15.616145	18.266648	14.127223	15.317893	14.863258	17.473093	18.708242	10.198915	16.044617	5.484710	11.580080	8.953893	7.794899	8.280319	9.975087	16.982229	5.041161	5.212378	7.692756	11.156797	15.393092	16.911135	10.809274	6.411594	6.853406	15.345150	18.008362	12.606133	17.626446	16.097836	13.897521	15.478972	17.229610	5.237093	10.131492	12.676495	10.380073	12.151239	4.863774	13.255454	13.941744	19.360664	10.419832	11.230989	17.800620	14.205193	5.808697	7.670118	14.312747	15.825838	5.978269	15.347889	9.639552	8.174032	8.460158	6.288488	19.626153	13.637083	8.852205	12.066930	17.771309	13.484388	4.767319	12.196118	8.777007	10.311636	5.234988	10.220839	11.827292	16.510433	5.583755	15.960277	17.035909
18.115867	19.172678	11.347821	8.479013	3.970487	8.607304	8.982630	12.538773	15.701178	12.835364	7.911484	6.582751	14.002459	16.375066	18.270462	4.217076	9.039829	5.879089	13.159496	7.754516	6.396041	18.124178	4.642992	7.430624	14.364716	10.036648	13.961072	17.458445	7.188822	15.532708	11.315285	12.062861	17.761771	16.478764	17.359984	9.197613	12.079158	13.700419	4.831249	13.044241	14.658964	18.629238	11.603297	16.586294	16.780624	18.787324	15.036209	9.943063	17.952159	12.218579	8.471223	4.491477	8.934628	19.385924	17.966167	9.450005	6.738434	14.002179	4.256935	5.212384	18.624608	12.997422	11.161122	8.911569	10.660256	4.228974	13.471312	10.797480	15.013976	13.632077	8.585829	12.624808	4.429579	7.245768	12.979792	15.682871	9.821673	7.200070	18.861663	9.833395	5.496005	12.016320
18.374396	15.428501	4.114769	15.496566	13.654688	8.674429	16.340250	8.745562	5.541348	16.326849	17.176875	4.909863	7.749979	19.203512	13.997610	5.327572	8.352789	14.069720	11.654419	18.682586	11.198750	8.213010	8.022597	9.219827	15.464002	4.576706	16.382852	14.843308	17.111103	16.494852	7.819407	11.662940	11.061718	8.789766	8.446423	9.699787	14.195606	17.613013	9.859164	17.220851	5.307656	4.292603	13.607460	4.112545	19.613984	6.406466	5.393621	5.905661	10.781065	14.217965	9.566872	16.656747	7.346544	18.722256	9.200507	13.706538	4.745841	18.842809	11.926853	16.206432	8.277386	14.937620	4.957045	19.472540	12.376196	12.457067	18.399861	15.820944	5.024643	19.062080	8.027728	5.461963	17.326536	4.355077	14.300287	3.944710	13.652934	18.782775	13.099653	19.173142	12.629452	4.114784
10.938451	17.365667	4.721635	6.969471	5.402497	5.593609	15.060688	7.689517	9.129784	12.362084	13.140305	17.553046	7.210331	19.226468	8.392571	16.713931	12.235177	17.279626	4.174859	16.102129	7.649397	12.724887	15.692084	5.697722	12.364398	18.478674	16.032055	8.965535	5.399275	10.398771	10.056398	14.147335	12.240948	16.868969	13.570574	17.616886	4.275205	13.292377	10.652900	4.586211	6.675650	17.994281	17.536164	7.783360	17.322952	13.424999	15.323063	14.200646	14.939495	6.655876	14.267541	13.308324	13.296323	18.408783	16.489256	13.333890	4.697157	11.960768	6.890366	19.219554	11.068405	4.174315	14.214523	12.928027	11.518600	14.628263	10.009169	8.513289	11.845165	19.423451	10.728827	9.682419	6.233135	16.115757	17.440815	10.873607	4.280771	19.188851	14.132715	10.495134	10.429342	6.645734
4.886170	18.232366	15.357009	10.277251	9.813215	18.378623	8.310945	12.598149	8.463461	19.311632	5.558952	4.509623	8.742424	15.703957	14.633964	11.758361	10.961074	17.102429	4.113291	19.545453	18.613213	8.450563	5.220393	16.569415	19.328511	17.307874	19.010774	17.376956	10.482497	12.844376	7.125015	5.232667	10.117587	10.668776	13.979684	18.031537	5.306625	9.847872	3.969676	9.561128	6.306981	17.556050	8.130568	14.646737	19.188651	10.875574	11.691112	10.612286	8.963959	5.067131	13.130822	11.807514	18.124350	4.592109	11.500274	7.113558	15.907082	13.310309	7.240866	11.635844	6.078439	12.284934	5.238003	5.566863	6.166384	5.797632	11.902218	18.531726	14.127647	10.167707	17.224761	15.779866	19.318414	18.509546	14.013717	19.259824	10.665756	6.212226	11.716893	15.595869	8.271952	8.774356
18.566109	11.058682	10.937866	5.556039	4.444232	8.801981	17.253296	12.502604	18.089667	12.878932	5.239761	18.321708	16.487564	16.845695	8.514555	10.099711	11.762473	9.618477	9.543989	6.422178	12.476280	18.237402	9.943639	6.848091	12.125740	17.780957	7.577832	5.412842	4.905326	18.970200	7.781495	13.361252	6.541366	10.729058	7.686776	12.196464	15.984524	7.279626	3.970633	13.617620	12.722783	18.522165	4.919927	11.349500	9.137599	15.110390	11.785142	7.481568	11.199876	9.596641	17.058478	16.021115	15.720397	13.707269	5.242719	18.034955	19.498860	7.119713	17.911478	4.953083	12.392160	12.733839	19.614284	10.075306	18.386845	8.459522	5.546435	4.330357	14.198251	4.878264	13.685294	8.336077	6.279168	9.575330	12.631595	19.055212	7.960413	15.523161	19.599350	12.086861	8.785938	9.571937
19.517547	4.793756	16.322573	10.409269	4.504312	7.011360	14.911205	16.474773	15.473168	5.824802	15.918710	6.137517	8.166690	7.721877	8.845190	14.178392	16.346912	11.877408	8.525679	6.736305	15.754158	15.424430	9.920413	10.601809	8.521338	15.495988	12.551163	16.646828	13.895053	16.970525	13.751694	6.680701	16.256493	18.424212	19.022101	6.278667	6.599965	7.592640	13.506513	18.444933	19.609762	18.739310	17.129002	15.200754	6.632748	11.325410	13.838583	6.543215	8.929227	10.637349	7.295421	8.500615	8.713715	14.741378	8.854622	8.516031	6.632307	4.638060	8.988474	6.027232	10.865251	10.036090	6.545998	9.797538	5.759563	10.476501	9.177299	7.372441	6.327827	15.100238	6.304486	11.860013	4.763421	18.296926	14.573345	14.213908	8.855265	12.375509	17.292303	12.628443	8.283280	5.971742
18.109842	15.654087	5.016067	14.807841	11.549254	17.776677	10.926015	12.379126	18.503257	9.609838	14.874602	4.676029	16.651112	7.548434	18.882884	17.883289	18.548880	9.254666	16.253728	18.627946	11.361028	18.333919	8.386355	5.098716	15.137336	16.785279	7.059558	5.876355	17.036140	11.745595	11.722975	6.924518	17.079145	17.369677	8.381063	14.149782	14.085955	14.521678	8.121613	10.104722	4.252101	7.904642	17.906254	12.650175	9.174639	10.529745	19.444201	9.161031	6.703854	12.031358	15.809566	5.511747	16.065799	10.973870	16.547789	16.603047	5.097793	15.828232	12.962729	6.838396	12.556601	6.333853	15.830931	8.301038	14.196235	6.255261	16.468147	6.220263	15.841166	9.368954	12.291696	5.253764	12.510312	18.975350	10.370505	11.688249	13.440496	5.615623	10.775148	16.851668	14.022124	7.965994
12.633918	18.410176	18.582993	17.761586	14.270625	9.179805	16.280929	13.633609	10.982230	15.222199	5.799979	17.147541	15.682597	16.144225	17.419683	11.833395	16.611944	13.092581	5.920765	16.752817	11.307673	15.188169	17.304646	14.813911	5.628731	14.239846	13.371570	8.263132	17.615025	18.400546	18.477737	7.220073	14.838347	18.490892	12.937838	6.309563	6.717220	15.086823	19.241226	11.707848	5.368337	15.427321	7.313463	6.477877	12.726723	10.603745	5.188740	17.914181	11.196118	16.425187	8.006066	9.939037	11.304346	4.870221	13.550393	17.841829	17.113797	18.381705	18.425878	8.378115	13.374231	7.444516	19.475889	11.877372	6.501143	16.712629	5.032581	14.672906	12.436476	14.487362	9.633543	8.503340	9.241156	9.841529	15.507424	6.320595	13.937289	11.860126	11.732209	18.214012	14.564908	4.863497
10.649573	16.654357	14.020790	12.700056	10.969964	6.672857	4.982342	6.005870	8.162598	11.528705	6.083490	15.083827	11.422387	17.581981	8.386459	11.373205	6.339648	5.876719	17.951588	19.594146	11.345284	15.754091	8.055800	17.746293	14.501977	16.416983	3.994475	12.872598	12.797773	13.221738	6.366531	11.130832	19.327572	14.514119	5.145324	12.003175	10.179769	18.766638	6.505128	17.934498	15.048508	15.993389	19.232444	10.081829	12.620657	15.948520	11.056823	6.509810	11.226398	4.056701	6.029844	13.548436	17.692227	3.947169	17.555019	7.538893	10.482840	15.537516	19.474149	14.803153	19.160658	17.129973	14.724663	15.655264	5.312153	17.356283	14.575216	12.824560	17.826934	8.170751	11.236075	13.074571	15.651134	5.866861	7.055689	8.715757	12.840142	11.434220	17.787864	4.809048	5.388271	12.809282
19.321144	6.397115	19.020796	4.419829	8.274976	14.196080	10.168811	16.906355	16.353597	4.264638	4.747578	12.546944	16.700048	14.897199	15.644579	16.581454	17.562610	6.384151	19.619832	7.199416	15.703333	6.621746	19.222185	6.929475	7.359786	19.443597	17.591913	17.359011	5.152128	17.932803	8.162107	12.770060	17.310837	13.966671	12.889085	8.196056	16.033519	5.427262	12.597873	18.158945	14.970780	10.904769	19.445906	13.242150	7.194680	12.323354	13.868208	4.688796	6.044989	10.415904	5.372040	12.725404	11.798694	18.222439	8.665481	17.982246	7.962180	13.159571	9.669315	15.266326	15.273105	5.445309	17.423783	5.887535	5.892804	8.214288	8.144206	8.313049	15.741512	15.009313	5.030491	15.184099	11.087547	5.808820	7.569909	6.506300	6.207496	16.559106	14.199617	13.932048	12.274513	11.706094
11.159920	18.331076	12.379175	14.104617	13.231613	7.935912	9.739945	17.970123	18.686662	13.218079	9.993723	4.273964	17.119205	9.736281	12.789265	15.961208	6.289557	19.324704	15.094262	12.261732	5.000227	19.209572	8.394293	4.901862	4.660628	12.954249	5.502379	11.927318	10.213541	15.489355	11.056620	17.242039	4.202333	5.978646	6.800606	12.111029	9.332785	10.993295	9.561881	13.327166	14.530650	5.617100	9.468882	6.009404	16.682419	15.225416	13.247599	12.975300	5.817861	17.948357	4.325160	16.036535	17.147081	10.303609	15.314880	17.087473	18.758718	7.239428	11.710114	18.757686	16.023573	19.480332	14.976626	11.919177	5.772958	18.615249	18.844917	9.656066	15.834169	5.374109	7.720143	15.117832	15.719074	9.640944	11.731511	14.147874	4.602300	9.020977	4.110349	15.652946	15.237503	8.606322
12.760097	10.291588	6.086617	16.999527	6.220009	6.458897	13.895675	14.864267	4.431446	17.089946	17.258392	12.720802	14.671818	12.858375	5.375186	8.235840	14.923878	10.905469	17.457764	7.083583	16.148619	17.414738	16.938722	11.119264	8.008612	6.622774	5.261524	7.563123	11.887365	7.404655	17.592821	17.814207	16.426329	11.716508	14.608761	4.069926	14.888329	13.878456	11.272001	17.148873	10.655944	8.303509	13.317161	11.945850	8.748758	6.768822	4.139684	17.847543	6.002874	10.348694	15.907404	16.059753	4.731025	11.275130	10.783368	6.240093	14.325105	9.696331	4.511721	17.322136	13.584268	6.558317	9.643253	14.282070	5.460255	5.992449	17.875515	7.531516	9.801224	11.241184	12.067083	5.338318	7.964343	19.146631	4.186303	10.748887	19.502762	8.634656	3.996303	13.983491	9.976743	16.894724
6.817842	12.082013	15.720017	10.011152	6.503756	18.697768	8.116618	6.377184	7.215886	5.123070	17.549328	13.286867	7.700716	9.457862	18.773525	12.324529	14.655688	14.727892	15.291339	13.470734	5.358775	9.423423	11.869432	11.960301	14.504479	13.494454	13.961110	14.631406	4.230862	9.224450	16.429246	10.288565	14.315940	14.915712	18.377378	13.232885	15.336680	8.240044	18.056758	5.974484	9.296006	13.293989	9.565237	9.852976	8.600235	10.778839	15.979675	13.869737	17.825118	12.108322	10.500696	9.264442	7.177202	18.594603	16.831168	5.148508	8.922355	13.198999	11.388701	8.054741	7.306562	7.768617	4.029859	13.736495	11.966113	15.967426	19.357920	5.595379	7.210744	10.339363	8.554242	7.985669	12.732249	15.581466	12.231800	8.772242	17.313280	8.859849	18.226263	8.117455	18.571297	10.143114
11.371713	11.296701	15.037360	6.021877	19.581948	11.221608	13.276627	10.533759	10.097573	4.901359	15.027513	6.627025	4.811012	4.009912	12.818625	16.860014	14.203986	19.263451	17.463875	13.905594	11.923426	4.681561	4.042037	17.844574	16.573802	6.535625	6.740481	17.570938	9.368287	9.908691	12.399456	16.317856	15.982292	16.323179	6.276485	9.945066	6.062051	10.203217	5.845180	13.004518	19.718328	7.997664	6.310293	4.989110	17.404356	12.290032	19.119815	19.713319	17.270023	13.785408	8.842189	10.576524	11.168031	8.259959	6.099377	13.300995	17.891144	7.921571	6.555066	12.793517	14.762108	19.526156	6.854414	19.173001	12.890168	15.288933	17.451699	14.696695	11.330965	7.901175	7.160475	6.136203	14.353637	17.435412	19.610277	15.482314	11.098389	17.194784	7.795417	17.041229	6.819047	8.021927
9.236067	18.086997	14.179107	10.258407	12.581309	19.659441	4.890888	11.306761	13.140130	12.790895	10.344745	15.079780	15.182143	9.637547	14.470309	18.501823	12.518661	8.750821	11.802840	4.769605	5.255956	9.662081	13.143342	12.808196	10.959608	5.277485	12.039470	12.558384	11.137057	13.023008	5.687147	13.822527	3.956393	12.696226	6.613048	9.055139	17.058040	11.767802	6.800711	15.227239	14.580933	13.294881	10.499350	18.739693	5.108256	17.545536	5.997184	14.725021	18.227770	9.533731	7.456249	13.026772	16.966428	14.023189	4.158027	19.052364	18.612764	12.529984	17.235106	4.050780	14.906094	16.813986	9.731661	16.730756	13.270746	8.950278	5.593519	14.804491	18.478888	11.365935	6.455388	17.886336	6.810968	16.526502	7.717667	4.640926	12.646360	12.792790	12.758337	6.507974	8.839410	7.380657
7.177442	17.602960	13.464180	14.423292	6.146925	18.891635	17.430799	16.269542	14.785435	8.795244	9.466069	4.501354	15.951207	16.619387	15.540717	15.859905	4.692669	8.215494	16.597864	4.769344	4.698949	5.552210	7.877573	16.226256	18.558092	5.406272	16.600601	7.515229	7.525291	19.085593	7.658408	18.041099	10.651882	14.970813	17.550294	19.716173	13.128712	18.036153	7.589532	16.575501	16.535976	19.537679	13.312886	9.794415	17.538999	6.097600	16.542338	17.186518	5.705318	8.309063	7.105668	11.718300	18.967105	12.191246	19.176508	18.908591	7.147439	8.380578	10.787924	18.717088	6.705742	19.668380	10.024129	14.766080	19.164579	4.034114	7.879437	4.755414	4.410010	13.131890	19.167149	6.925456	13.399137	18.021431	7.849445	7.267275	15.507252	15.251487	4.518270	4.337418	9.311120	5.404675
17.211290	9.695685	6.800745	15.645674	16.323759	7.760353	12.437904	15.493987	16.960633	18.157236	13.922428	10.993739	12.844450	10.951545	9.836128	19.138966	18.212957	10.369266	5.225308	4.623507	5.973050	5.116660	9.907946	8.676482	7.342898	10.956458	7.686402	4.591618	17.253053	12.993609	6.443167	11.257176	17.787964	8.910399	9.419647	8.762204	12.847462	13.353125	12.758398	11.050913	13.304613	5.262954	4.291211	14.300514	8.319765	12.163405	13.270917	19.151645	16.941935	7.444717	15.177714	9.995045	10.937537	5.371543	14.622140	18.547071	9.821229	11.628583	13.998631	8.555901	12.330054	9.015028	16.950840	19.015637	14.985692	3.980474	6.836744	5.290000	14.627985	12.078304	17.961019	15.143063	8.181249	13.212362	4.256361	7.111820	4.608528	11.557715	6.558444	6.346155	7.309993	14.109695
12.062877	16.233998	6.907972	11.187979	8.415386	13.367013	11.154296	11.244957	12.513616	14.448867	8.799186	13.385061	4.409966	10.840609	17.280784	17.704432	10.187290	7.218434	6.431996	7.529643	4.927363	6.405325	6.149107	13.002727	11.050047	12.144995	16.521652	10.643536	14.309170	5.704277	8.711234	13.381800	8.180359	12.900472	13.736432	14.566296	11.899776	12.653728	11.914556	14.665319	7.060668	10.344753	4.640555	4.079945	9.007361	17.709250	9.946073	14.476300	12.319773	16.477735	12.551038	6.785268	5.515936	9.788228	4.654703	8.872094	12.201540	12.302769	4.671428	6.854294	8.157510	19.001093	8.765475	7.657979	12.789965	5.403332	14.296668	19.444522	13.498053	19.397749	6.810483	6.186266	19.499848	6.800949	18.708290	13.518936	15.040104	9.543752	18.220063	8.200715	15.254145	5.815679
11.225926	11.931260	16.389199	8.231902	12.848272	8.059514	18.348466	9.209286	18.469429	7.953078	4.804508	13.897695	16.448553	13.767156	13.793452	6.550509	16.625386	10.128779	15.561204	16.174881	4.765994	12.846752	8.193790	12.629444	7.693801	9.922081	12.074949	4.318313	4.595385	4.511207	5.916309	9.334540	6.207548	15.776353	17.197675	9.854670	10.858949	14.746270	10.337099	13.317762	6.748488	14.142109	13.768162	4.043690	5.871291	14.706893	13.031249	18.369200	4.156897	15.813462	12.966929	13.335552	10.280912	4.543303	10.272566	4.494958	18.466228	7.188042	19.302162	15.715419	16.258619	19.288652	13.136979	7.926488	17.352379	17.529560	17.063087	14.845005	10.849164	10.493334	16.536292	15.719631	12.931021	19.411778	6.742957	17.701494	4.698080	17.392078	14.003684	10.715732	6.443454	15.636929
18.959909	19.063441	9.976368	7.905004	9.255235	7.387189	12.810997	6.067111	4.727573	8.901680	7.763569	16.047390	11.750366	8.120632	10.333543	13.775088	17.578345	18.983592	7.491359	18.120415	12.041780	8.739613	11.297012	14.348147	6.841104	4.570510	7.964122	13.307591	8.238842	8.122969	17.542425	8.793557	9.536446	11.726897	8.433977	13.015814	10.424572	19.125061	8.338962	12.644300	4.060420	5.187133	4.773125	11.666966	17.298269	7.978378	18.468841	11.784426	15.069712	19.521613	15.426115	16.905741	11.125843	16.184094	16.069754	18.020415	4.695727	4.243010	18.236298	13.668461	9.224606	5.924520	7.595201	4.001000	10.927592	6.220599	15.144807	4.883699	4.471450	15.779962	5.690583	19.157848	5.490469	11.531582	11.805540	14.475473	7.342485	15.881926	10.432792	8.552866	5.118660	7.494712
8.142760	8.782053	19.209766	5.989016	16.072703	12.928698	4.238252	10.055209	15.253191	6.600447	9.611521	17.061049	11.009474	4.607517	7.706025	13.165257	10.847807	6.955783	4.512262	13.976966	13.815183	13.165883	18.872281	9.555725	6.293075	10.115391	9.359297	8.237191	16.286504	12.999936	11.656843	18.796767	9.189382	9.293878	14.052562	4.159025	14.082771	18.988162	18.799292	7.521005	18.829743	18.061581	4.967172	11.686455	8.256987	12.792731	13.717093	16.376443	10.615736	9.776896	10.612034	10.136713	12.397965	8.963551	4.033557	12.572568	14.921515	12.959750	12.129093	14.647202	14.513229	7.574306	19.166015	4.172612	19.676376	5.289491	17.365633	5.645287	13.354739	11.696351	9.913775	4.093902	11.658226	4.808333	11.168466	12.103096	7.399247	13.138907	17.027375	8.498430	15.536978	14.255929
17.387462	10.952161	5.263299	8.223246	13.411331	13.627480	16.824696	9.853072	10.952676	19.590289	16.506253	5.796355	7.216478	4.578295	10.807578	13.036962	15.246666	9.831006	7.296454	10.135608	13.899261	17.298234	8.035018	4.951360	9.799085	8.970440	18.518287	7.160823	9.836547	6.418844	11.330173	3.969907	13.342595	12.005604	12.689335	8.971128	4.666362	10.801965	17.715286	17.599042	4.977515	5.275600	19.185485	3.956756	9.016999	8.577275	9.542761	7.867416	18.611795	7.742651	9.717467	11.617538	9.051023	5.538196	7.103470	6.391707	15.269401	18.863033	9.798917	13.997058	14.011319	15.786167	9.251781	15.265799	5.563383	18.504938	8.338562	7.833686	6.330073	11.026537	15.040338	18.312118	9.902517	19.644852	15.267218	12.907152	10.283792	19.205559	18.765029	11.394880	17.401842	4.963380
8.867237	14.968033	14.178413	12.897393	11.918008	19.325904	9.431025	3.962656	15.274820	5.329743	6.259143	8.932283	11.109598	6.629674	4.572741	14.075800	8.647142	15.193296	7.755018	18.356288	18.327786	17.547468	4.979161	17.787932	6.083606	10.324960	15.379930	4.039056	19.325068	17.084542	12.514951	12.051409	10.153034	14.684662	12.512304	15.862383	4.624927	11.524108	16.589858	4.155470	18.784936	4.549443	19.418794	9.001658	4.830843	15.639440	8.656880	10.707658	9.182529	4.213594	12.061786	5.734720	12.670039	19.249698	19.375105	8.336310	9.098264	13.999283	9.415407	8.702469	14.607872	18.079715	11.977019	16.819603	19.305136	13.146435	8.532328	7.605088	11.210924	12.841486	12.193396	13.684183	7.796811	7.320351	15.763858	4.691904	13.946256	18.875471	17.886989	13.698292	13.359914	19.626103
15.841166	14.656887	5.480208	13.420874	14.080160	10.960406	16.977036	17.844843	17.891920	9.798304	9.152228	8.805739	7.846006	5.562909	9.828928	4.104217	4.267963	16.195914	10.182528	17.478717	11.636743	10.521877	11.843333	16.353703	8.419467	5.471256	10.855696	11.775161	4.243916	8.376147	6.652950	5.677667	4.717238	10.778756	5.749796	14.884679	9.342375	6.954392	19.501745	14.881185	6.772881	15.368564	17.653194	15.726913	10.234251	10.488003	13.704184	7.712690	11.940411	16.194950	8.992933	9.763221	11.321124	4.293765	15.394106	18.817617	16.451625	17.230874	16.298929	16.680928	9.526063	17.824503	14.698578	19.234960	7.590250	18.808837	15.847157	12.343113	8.362560	9.148586	17.583223	4.792001	10.092202	4.423285	14.248304	11.861764	8.664453	12.508780	16.002568	13.278177	9.961240	16.033962
12.684995	13.378548	10.816234	15.707536	18.453421	5.616436	19.556127	9.628338	17.917508	16.131317	16.129559	9.684245	14.043325	15.476270	6.194983	15.038368	9.847580	6.598127	7.838669	18.072639	12.198228	6.450840	19.546387	5.941441	8.604024	16.083058	7.525354	13.027675	4.436515	16.215038	4.236741	17.440469	11.693391	17.143134	9.163565	13.810636	12.567858	13.482438	12.806536	9.708574	18.519709	7.493006	6.838280	5.412696	11.027213	16.996688	6.218688	16.600772	11.034751	6.058060	11.831716	19.433786	12.277673	7.405354	11.794788	5.735228	7.353200	10.769297	10.315372	6.746567	15.172765	8.152932	10.727739	10.086678	6.079587	12.296890	10.038007	9.966156	19.221339	19.600391	11.564183	7.169354	15.488991	16.555643	9.035399	9.904217	12.613875	12.331193	16.174526	9.259011	11.328575	19.508070
