11.651375	19.340871	8.140295	17.950057	9.525343	10.649688	10.456242	24.388835	10.768896	7.761251	12.738633	15.921271	13.138063	19.736490	5.462652	10.117108	8.892346	5.715897	7.116720	22.126311	10.074842	23.182493	21.079312	11.982929	7.841522	13.608414	11.061061	19.983554	18.879216	14.128300	22.723813	23.762350	8.052376	21.087614	11.383299	13.539259	13.234068	10.962607	13.197285	18.371822	17.898435	23.095408	10.997329	10.103599	23.311733	5.701171	6.366498	5.684514	10.314044	18.646148	5.229126	11.253606	9.298660	17.047930	17.993588	22.383215	17.890094	9.944097	5.795730	13.567268	19.183568	9.755786	10.651268	18.224432	22.399651	17.063169	23.325926	9.022402	11.179750	19.297337	17.669958	6.254154	15.430113	7.131938	13.359236	21.257048	6.137116	10.016873	24.226565	15.577852	22.857517	20.302364
8.153818	14.869080	24.593365	8.305947	9.526364	11.312198	9.934859	15.142873	17.276922	22.670248	10.717484	20.857622	7.122701	20.864500	13.585980	14.824969	11.941570	15.074411	17.091777	23.915055	23.977448	24.783737	16.667332	8.563302	11.287629	16.651792	22.144352	16.913164	7.822200	24.594692	6.457949	10.398956	16.528738	19.200809	21.431593	8.342834	12.503272	24.023865	13.231136	10.225306	20.771748	10.182303	24.497724	21.587867	10.275171	10.143646	16.632169	7.304282	16.331008	20.503413	10.835078	5.588588	24.715622	7.748094	6.171049	9.838094	8.594146	14.520808	18.002616	20.949458	10.549979	17.643273	12.483166	23.678990	24.031228	17.319876	24.561892	21.378214	18.439169	19.168256	10.704684	9.780424	23.687055	18.204953	13.986391	16.831692	6.181469	11.964047	16.961406	16.049185	17.460275	21.036272
5.697204	10.431219	6.826804	17.011696	18.306347	8.868563	13.976455	7.659453	12.493462	17.836846	23.984846	17.095995	17.250245	19.597551	11.917264	21.141429	16.751905	18.612851	19.455604	9.321651	21.082794	11.937731	19.928414	10.025933	19.034930	20.152769	12.716286	19.705566	9.458213	17.737972	21.708582	24.757623	21.297970	19.217795	8.401162	22.933819	14.380623	10.406616	5.064354	13.010861	9.952158	24.788706	5.024700	18.223292	11.193768	23.119546	17.133537	16.439148	18.863930	15.351524	17.432947	16.868315	15.080224	8.810284	7.299604	23.620473	13.119914	14.730686	13.541504	23.362396	14.040558	7.592507	14.990077	18.123324	20.428259	8.567164	12.177923	17.625307	7.692258	13.822958	19.934696	24.152220	19.664054	19.145518	21.842054	9.896818	16.471969	11.835678	22.551142	16.852454	18.867735	9.393310
18.118560	5.269906	6.495800	24.060907	8.984201	11.373749	14.483464	18.226277	12.133585	16.717455	10.008068	8.870619	19.231849	14.981196	24.378907	18.187754	11.683257	15.767560	20.414304	12.003003	8.481230	13.212299	14.385086	13.343507	7.429706	7.234815	12.215957	8.237431	13.535874	17.448207	14.580685	6.679310	17.315756	5.358705	14.682157	21.914002	18.600737	10.446928	6.032237	24.665759	5.058057	23.776811	9.695373	6.497815	16.369216	20.085919	7.000309	21.070922	20.509617	11.536962	17.311058	5.705446	21.559519	24.014952	22.322996	17.414751	6.341675	17.484961	23.636236	23.855052	5.968394	13.399895	10.442900	19.527640	17.575157	17.830995	5.518093	13.157915	13.127889	17.430017	19.346914	24.786368	15.691183	6.758982	7.169363	5.145038	18.619480	12.066293	19.237607	24.905648	23.184933	17.817398
20.367386	16.587852	20.537722	18.992624	8.604135	16.432009	8.778983	18.580226	19.976244	7.757490	19.386802	22.791214	19.345753	20.576282	24.210449	19.400830	10.777678	11.834732	18.905736	11.028747	5.285215	13.914557	11.023234	11.016386	13.163430	24.278390	19.016120	13.839640	11.699692	14.977999	22.238026	5.650332	16.062366	19.128274	6.374786	8.389676	13.909210	15.146241	5.100971	13.302542	5.324458	11.245441	20.146937	13.356773	6.889414	20.285156	8.074374	14.229296	9.937231	11.656615	6.796059	15.287218	19.470238	11.695016	19.148906	13.347950	5.463527	24.163817	13.462218	11.618335	9.493228	18.498820	14.276390	12.929900	8.325016	17.303170	21.997418	21.791812	16.772713	22.569209	18.796688	21.829016	17.133472	12.134521	21.507035	22.034303	12.025263	7.409689	15.701262	10.305927	23.951645	5.662495
5.356575	22.877943	22.701730	23.141093	17.402800	20.568977	6.645306	19.328324	8.618204	11.748510	6.432646	20.144819	19.649571	5.982053	19.490015	11.292900	11.786882	12.375433	13.329228	18.799996	20.147321	7.219078	16.444858	16.198403	21.446517	7.279129	17.336374	16.706514	14.486674	9.438257	14.863667	16.442546	19.236769	7.637804	13.054992	10.071576	21.415405	18.737968	12.147501	24.727120	11.681703	15.475557	13.566255	20.958846	23.048882	16.346540	9.546229	16.953422	10.819005	21.177260	16.904021	5.137657	22.182264	18.987521	12.300765	12.744422	17.466341	18.383979	15.229613	20.355070	13.946309	15.989858	15.482754	11.329361	14.328055	9.567328	5.161386	7.886254	5.859371	5.523634	8.675875	19.188791	22.452097	12.588904	16.163771	11.409782	23.371238	9.650835	13.460064	5.367223	24.121853	9.991590
8.193071	12.038311	19.355817	12.436910	10.082569	22.503130	15.570469	18.806740	23.828765	21.289329	20.768386	18.573487	22.461043	24.733615	9.973146	6.372403	5.770680	11.518900	11.679949	19.880818	6.461557	21.127314	23.548762	13.074256	22.412167	9.648195	16.948576	7.930190	18.852606	14.919960	18.923257	13.812045	14.047845	13.200532	19.422489	19.310836	15.021059	5.164886	22.696135	20.758154	17.501376	21.554914	9.587190	15.521645	8.882858	19.955017	15.855554	22.423058	15.338532	12.489915	23.968081	10.141999	8.637174	20.800517	13.321968	12.248014	24.617845	18.735714	6.041388	14.233589	11.304411	9.653325	8.053716	23.688605	16.288957	24.009968	14.259917	17.816489	16.072882	19.849013	5.770874	22.720073	23.158878	15.203530	6.500780	10.203300	15.493787	10.392507	5.196782	19.819354	21.492184	13.392674
18.329598	21.528376	23.644277	15.372880	8.212611	21.154685	24.895837	13.542233	20.704972	23.370063	9.667651	19.892816	11.370399	18.855273	11.224388	18.393937	12.510671	21.500120	15.998328	17.412110	13.628793	21.691154	7.719154	18.682147	17.581261	15.599062	6.370016	19.440222	18.746951	6.666813	22.808575	13.953109	10.117927	13.638648	12.670291	19.995191	21.947823	12.849425	10.430531	17.059258	11.569289	11.754396	20.679896	22.313217	18.845963	18.922344	22.145306	7.049736	5.688281	18.176877	18.205912	18.742276	23.933443	23.481599	12.486278	8.319011	15.693023	11.136066	12.775079	15.582047	21.543248	21.002810	21.236489	19.529041	14.185890	19.884064	8.862298	8.759679	10.911494	11.505612	21.792607	10.762507	9.646139	16.379060	13.495156	17.620784	21.943888	21.169880	24.640646	8.085112	7.425685	11.122722
6.574429	16.257814	14.539050	5.830762	22.091300	4.980266	24.504833	22.423101	9.559865	17.797279	22.804003	16.428152	9.294855	6.477566	15.452149	17.907681	22.004707	16.659492	22.977776	15.446757	17.451252	12.460362	13.794548	19.543926	21.767570	15.781388	5.376913	10.583694	12.715644	20.535538	21.515561	22.133371	5.911907	9.614319	5.106828	19.401082	9.876331	20.243709	17.891905	14.779314	21.543729	17.837896	7.180009	7.607220	8.241055	6.153890	12.241475	23.530438	18.759597	6.112361	8.259370	8.033167	11.525794	19.484613	11.704128	23.523827	16.096790	21.720237	8.933766	7.712504	19.307846	6.716505	15.888607	12.126353	10.687343	17.950059	7.190475	16.539002	10.064163	18.960059	21.187377	16.401347	16.573581	17.713160	16.212865	5.051069	5.559900	19.113173	7.485595	14.459456	7.922277	15.489113
20.797057	18.902938	22.071125	18.478025	9.843201	9.899948	12.277825	7.298702	10.623490	23.463129	11.186039	14.237405	10.277081	8.924159	17.664138	6.561314	9.085108	18.479680	10.294457	8.627099	24.637090	22.517981	17.009686	6.656505	24.060073	18.201772	17.368614	21.321910	9.591005	14.148772	10.690796	24.399134	8.156877	23.516453	13.481306	11.904413	22.117624	18.336261	14.142324	19.688084	22.643982	21.938381	14.457040	24.711351	14.160082	17.995819	19.890575	11.841001	6.281863	24.289818	21.003201	12.014658	15.635684	14.406386	10.483061	20.398338	16.982253	17.245192	22.529546	21.259246	10.968394	7.951706	6.414210	19.465899	13.163143	13.377601	17.199118	20.583053	23.182268	10.174304	22.262382	14.796985	18.101456	20.475701	5.334339	21.465132	13.799386	15.040468	17.935266	5.358011	17.512048	11.204426
16.283651	8.096385	23.432099	7.093666	13.805680	23.104748	12.996989	7.589679	24.209904	13.232947	10.328247	9.437932	17.712562	18.125947	11.021360	18.543222	10.573706	12.657878	11.874283	13.962587	7.985031	23.161047	16.188297	17.592029	24.838943	6.595803	18.606158	12.229854	15.989574	16.220770	18.535183	7.086685	24.069226	6.071231	10.233087	15.503412	17.635735	19.266408	14.917380	16.286489	5.869894	16.175667	11.060767	6.341876	12.216340	14.624198	13.941271	7.353571	7.478723	13.318207	11.198835	16.087258	16.129665	8.727850	16.456488	16.997738	21.437143	7.094896	6.029026	15.710074	23.248600	17.701216	22.961567	16.279312	7.530322	6.418903	14.188398	20.474717	19.637313	24.130323	5.052946	16.338146	7.340964	15.068736	8.660220	22.076015	15.026135	16.098341	9.734482	14.296287	14.311501	7.334988
23.547654	10.243005	8.250298	13.414099	21.274296	8.456366	10.670766	22.632093	21.418919	6.927515	19.563161	19.979692	22.432096	6.370068	11.992216	15.466132	18.103318	5.256300	9.173481	23.749994	16.521792	12.062394	21.108293	12.810931	8.650654	15.826142	7.705661	5.993521	22.399616	22.036378	13.890000	21.464327	13.438208	16.809698	11.909868	20.085633	7.252773	13.771219	15.707161	20.154923	23.426984	9.991302	20.555134	8.279153	7.873410	16.732304	24.561316	22.601312	10.056789	11.832617	18.149423	6.150183	16.164300	13.719559	8.872572	5.453350	19.694384	15.366554	11.804215	7.619456	7.889725	23.477980	24.010870	21.407920	22.966471	15.431452	7.233230	17.873362	16.493041	21.821612	24.868842	15.470950	23.905978	9.755991	16.710249	10.728333	18.978942	9.203018	21.861659	14.317818	8.769770	20.911127
5.197946	18.550374	18.845720	6.557704	20.395446	7.972113	5.018719	24.808607	11.400192	12.836166	8.140297	8.246756	10.911670	8.315189	23.357058	23.624961	5.532308	8.145065	15.687920	21.699660	9.314905	23.719438	8.837778	7.009285	8.364142	20.425179	14.506532	17.687240	20.112327	22.418990	5.192194	17.262044	8.347563	24.481913	13.017452	24.044268	17.050310	12.500580	18.147741	7.031624	15.531769	21.537106	16.196150	7.204725	13.324411	9.056994	13.151335	12.804879	18.161794	12.233685	11.205140	10.341051	18.694933	8.385222	5.421584	22.792199	19.880904	14.477172	22.183682	20.967531	14.522126	8.857460	15.088572	22.421769	16.378787	24.685567	5.437502	13.111955	24.895301	18.160629	5.433681	11.389625	4.999449	11.855610	18.620689	19.760388	18.262370	6.614378	16.757842	7.074205	14.352696	20.644447
8.165342	19.179001	20.192480	11.443139	8.229082	21.793717	19.390225	21.999687	22.514583	18.452883	8.731738	11.875052	17.931867	11.061717	18.411761	13.462796	23.403456	21.146314	8.127253	16.355441	22.193854	24.029904	21.952121	9.934226	13.633816	22.240678	15.242657	7.006269	21.963702	21.547613	14.606470	12.409672	11.449087	16.755546	24.404221	7.708596	10.855800	9.917334	13.506921	9.129066	19.414658	21.083533	8.474297	19.587559	12.386440	9.669059	23.121878	9.399602	14.687772	7.796764	5.270531	14.069363	23.418473	10.580036	6.697757	7.546315	19.839918	23.835499	5.328822	5.685306	22.579477	9.418473	13.690313	7.651368	6.724783	11.113901	10.788632	16.518339	11.156373	11.382894	8.965270	16.803880	17.056198	7.210723	22.468640	11.135718	15.914707	9.179039	17.355711	7.764138	16.979907	23.390010
20.922750	11.021892	6.616177	19.982049	15.580383	20.023108	12.757949	20.927357	20.455187	15.462053	7.659806	8.051817	5.270452	16.491776	19.198812	16.205584	16.759554	7.350295	6.626497	7.748738	13.799807	10.773261	6.033116	5.238277	22.863253	9.906831	11.298856	6.040589	21.147347	11.064621	9.521543	7.356378	19.955553	7.355717	15.846962	9.825302	13.444145	6.597790	7.029921	16.422280	17.312062	13.320887	7.883550	8.013886	15.750441	24.893760	13.258930	9.521473	9.492896	5.599554	13.327136	16.656665	18.884949	21.360623	10.851066	12.567548	9.559897	5.074656	5.930757	22.514883	10.634877	18.906320	21.629925	17.632055	13.701007	19.449905	23.427733	13.988549	10.995090	9.107293	10.269301	21.113294	7.744433	7.473009	18.891399	16.831820	11.534629	9.935008	17.176853	7.140886	11.770925	14.092180
22.197352	22.631280	7.402422	22.626790	6.275680	20.135266	7.027402	22.700624	9.092527	20.809742	15.946191	17.258170	16.237508	10.487161	21.519626	13.284111	5.880679	22.867187	14.927822	10.698957	12.663242	23.639880	8.538894	11.645449	21.048844	21.024799	12.886498	9.605906	11.654612	16.932993	22.890769	17.694300	13.886592	24.187337	9.300796	18.234380	14.048794	11.691029	7.288632	23.767737	16.281427	8.086154	7.296901	15.876663	20.333421	21.610847	17.208829	21.272658	22.015510	17.157903	12.605131	21.483422	24.403740	24.597179	6.409556	14.408301	9.538044	9.648952	8.778133	24.183503	19.995997	12.450269	11.780934	17.107884	23.875879	9.053842	16.657664	23.354779	5.428817	22.522231	18.518089	11.995170	19.837211	5.158683	17.609941	24.129959	19.866241	17.878489	21.366752	13.272921	23.728654	6.943470
7.542534	5.066737	16.581945	17.956094	23.069691	8.018530	8.234397	22.730511	22.440664	13.430621	15.153648	11.799018	23.627235	17.187919	5.910754	17.988056	22.660861	6.184972	16.745309	14.415895	22.382049	15.969801	13.404124	9.561821	16.036073	24.373713	12.176857	24.704373	5.151528	8.001075	5.217472	22.426629	16.800511	17.132521	9.580875	17.150664	24.651181	13.250936	5.788641	8.975688	6.741685	14.969625	22.781513	17.806325	22.275419	14.389180	10.478905	10.161296	10.095930	8.490143	21.129514	21.742739	6.542930	11.582545	9.669387	24.786109	9.383536	6.956721	7.195498	18.050759	12.366062	21.244357	10.021545	6.082752	12.755310	22.021675	19.644410	8.011780	21.731665	21.185262	7.166054	19.800692	6.595039	11.017539	8.236547	23.309816	21.516356	21.166482	10.907806	7.546193	23.128114	17.868923
6.106937	5.312375	23.901455	21.056733	14.726181	12.864446	5.358106	12.166606	13.896669	9.790732	16.682278	13.677171	9.035943	17.043608	23.282387	24.558390	11.697374	21.606143	7.372036	17.281724	8.664262	5.148724	23.434787	6.990984	18.580655	5.529718	10.915189	14.827492	17.488314	12.709571	16.040253	9.481418	8.272737	7.196625	21.992782	5.036743	17.708265	12.697871	16.156854	21.248488	23.799084	6.348308	20.768812	24.231736	10.267771	20.831093	23.317100	20.207045	20.835720	22.892961	10.419552	8.890081	7.464934	9.005094	16.503747	7.317084	13.411226	13.553122	8.952019	19.673960	11.444093	7.159282	7.321562	20.432868	10.878190	19.504927	10.301636	13.408947	7.869693	20.022545	12.944520	20.219296	8.762590	23.191685	13.316469	17.476276	16.639092	6.240809	9.926584	21.943121	24.374007	9.245854
10.655086	11.689810	12.898591	9.673806	14.100648	8.196314	12.177229	17.338230	9.013265	23.124398	21.303136	22.574729	14.085819	20.861888	21.677805	13.708212	16.822705	7.649395	13.457145	23.372695	11.167134	20.981040	15.742919	24.481793	18.074238	18.120744	14.115954	7.680292	12.998706	19.443466	14.451006	6.502023	23.965449	14.523080	9.856148	15.242864	20.879831	17.331000	18.264511	22.883447	10.818716	22.293839	24.435694	12.335086	23.235132	16.201503	13.699635	13.978334	16.731189	24.378501	8.769362	10.719997	6.713520	10.747706	9.130809	17.547893	8.245121	16.361864	19.922924	14.332339	20.993817	15.667858	8.247004	7.863553	17.539503	14.253626	7.891421	21.125824	22.980124	24.642487	24.874631	8.349796	12.863033	18.065647	11.171019	15.492207	8.400432	11.866860	11.452190	6.595577	14.730024	11.613480
5.145968	7.402529	21.613887	11.963253	11.234668	13.138205	6.231846	23.250386	7.553162	11.998311	17.493580	8.868413	6.530668	19.348847	10.181248	15.939054	20.764790	16.691322	18.016610	9.268107	5.027564	24.645846	22.715676	15.767231	24.635824	11.325846	19.557155	15.421882	9.963854	19.512902	22.760777	16.761525	10.245384	6.350754	17.400934	20.420270	21.903775	20.546238	8.875571	17.280333	18.112299	20.097019	23.621780	8.587728	18.308061	18.555769	22.111663	8.687653	16.452643	18.200268	11.763018	13.416447	21.961140	17.622545	14.883037	17.179661	11.115885	21.998351	14.236701	9.935791	24.265223	8.047547	10.426468	6.196272	6.018928	5.158084	13.417346	5.867770	11.091042	12.000265	16.396545	5.759872	23.092535	17.988800	11.204718	9.329916	6.269633	13.138084	17.426718	21.066401	4.993335	17.262435
18.814696	13.846124	17.515631	20.073477	14.185760	24.306129	8.621250	23.431186	14.987351	6.427077	10.643097	7.635529	13.451087	5.402406	21.279392	17.627334	16.910564	23.331508	14.708162	5.876836	17.854008	17.168964	24.049396	7.876400	17.293720	17.302985	10.433545	20.023922	8.335832	21.948156	13.938183	13.128870	15.973042	5.124561	22.937734	12.750814	13.645772	13.638679	6.326154	15.328934	9.756173	16.952849	16.698622	24.688718	17.639277	7.754726	6.676101	14.917683	9.728373	5.903276	24.159102	6.432064	16.930987	13.526168	16.872094	24.529400	16.582360	9.231947	18.339299	20.934075	17.911381	8.919736	18.019647	21.361649	5.755937	8.871016	17.476981	11.438044	6.662621	16.904307	12.788191	10.117444	5.446687	24.675765	16.006843	9.284072	11.438678	22.530782	7.325000	21.061025	20.249411	12.937580
14.081699	18.144730	19.006915	17.079472	7.633087	18.458309	8.873812	24.430643	9.820693	10.781132	8.371122	22.272090	10.689258	8.909568	7.778342	8.881397	10.132630	6.912770	5.912150	23.146861	9.375346	8.267407	17.224341	22.347682	17.239165	18.220787	15.732296	23.192545	9.571309	24.221024	11.915299	19.836200	22.298050	11.179743	22.758068	24.728426	8.413071	5.137895	17.108055	10.810907	13.853135	6.956991	19.957067	15.180133	17.450404	6.888055	6.318588	7.511688	9.224942	16.847119	6.784214	23.550519	5.724174	6.342307	8.602040	16.645957	24.093540	11.526441	7.740272	22.290489	23.773491	10.217168	20.941449	17.118669	6.939210	23.233397	18.730645	13.680264	24.784568	9.906644	21.374258	8.123247	12.519819	15.643553	17.415324	24.379852	10.055516	10.987914	5.743281	12.069724	7.258778	7.781288
13.580592	12.267920	18.352489	10.464425	23.100258	11.803584	18.725180	22.591346	20.344226	13.880353	9.388362	14.628003	5.115725	6.519909	15.051438	6.628349	24.424845	10.590903	19.896335	6.112154	12.660730	12.343473	11.701222	8.290680	16.263296	11.018329	6.284963	18.720655	17.016516	17.241064	23.372903	21.098854	11.356608	10.147245	15.721183	9.404021	5.132760	9.890233	15.566919	22.377475	13.828256	10.923288	8.450140	11.616031	19.813776	17.952568	21.512916	21.367943	14.021188	18.056552	11.896660	17.086997	16.137241	22.939556	22.945322	24.524299	17.185968	15.910120	5.562551	15.401257	7.807718	19.081500	5.470548	8.184570	12.436869	12.620525	22.363210	7.213495	23.099009	19.795069	13.000885	5.103930	22.954409	11.471415	6.767256	15.687947	20.117562	13.861294	22.849068	16.937031	16.979726	18.050844
24.853618	14.541036	14.472059	8.061112	9.298432	7.682565	7.906961	16.909425	11.681106	9.401285	21.427766	11.060608	11.880145	17.409132	7.320351	5.878210	14.306092	8.364964	17.425440	15.260184	7.570800	7.917805	24.089259	6.659396	13.601618	12.597885	21.449709	10.699268	10.193742	24.620320	12.165988	7.575944	19.891431	6.377531	5.928863	6.351789	11.799001	15.398488	14.971162	14.973402	16.384286	9.053206	6.600603	17.408381	10.646841	20.189456	13.627693	21.647079	19.723521	21.924232	9.291575	7.499682	12.642850	6.390542	9.992715	23.589816	7.493695	15.276636	8.928385	10.917879	14.317515	18.287671	20.161518	5.879012	16.361716	12.273896	24.868971	8.914451	10.325770	24.507089	12.234046	9.075133	5.977790	18.054983	14.563683	23.015990	14.483852	12.982651	22.066550	21.488655	11.620168	6.586817
20.121196	15.424083	19.356408	24.191903	7.160732	13.083569	23.867379	5.315823	18.479787	9.222359	9.081708	12.310258	21.575983	24.850804	11.304382	17.025639	16.069458	16.338589	11.807007	19.224466	20.470201	24.363117	12.172734	21.984648	15.768773	9.976942	17.709503	10.927493	16.101584	22.563447	24.875033	5.254625	24.869506	20.417285	8.450591	17.738999	10.725345	15.882896	12.795473	23.761180	15.509510	21.048409	16.098467	23.987944	9.247988	5.346985	24.428793	19.651996	8.911366	9.064949	7.498089	7.238388	21.541647	24.570645	22.327864	23.230417	9.545591	20.911935	21.618590	6.154241	18.284887	22.985745	5.241627	13.621997	20.872433	6.833837	6.545685	18.944257	22.805659	10.883047	10.843464	11.545590	5.439860	21.299232	13.895600	22.759083	20.575807	18.092595	24.126386	17.706013	5.188284	11.577819
20.511926	24.034358	20.020906	8.443467	20.939637	19.425660	23.919884	11.918256	10.870313	22.938367	9.448894	15.188560	14.736992	12.389968	13.555876	22.341445	13.523884	7.758873	15.483263	7.275012	13.693771	5.599356	16.119648	9.899314	10.422529	24.672001	23.860919	9.863184	5.525717	7.202104	18.504870	22.161645	12.290022	20.468371	14.970134	12.277083	12.318840	12.619527	22.497858	19.170661	13.666726	17.329100	20.795550	21.004160	14.965817	10.762241	11.937972	20.693070	17.893566	8.139646	14.615720	19.490060	22.316220	9.020976	12.998306	9.392176	7.564796	13.898664	17.380159	8.634366	22.917749	9.867199	23.955007	9.653982	16.882483	14.332389	10.833270	14.831589	24.726080	17.926171	21.340869	24.855835	10.154347	7.195435	17.519030	10.275713	17.017134	20.062293	14.847309	4.997507	12.739146	14.529045
7.281143	20.488542	9.249543	20.938239	22.770634	24.487747	24.770524	18.839823	9.549097	10.965872	16.917691	14.306491	9.396672	8.276053	11.933091	20.721742	21.887509	15.822343	11.531798	8.440012	5.462424	15.927256	21.872241	23.542918	14.345297	7.945571	19.893827	13.613117	15.784798	10.931293	6.680477	10.102905	24.426914	22.183918	12.313068	21.105047	21.336685	12.525899	11.780446	12.529132	17.553461	7.227366	22.168383	7.626080	23.175352	13.068076	18.311976	16.288783	21.926905	16.669662	12.188479	10.207976	11.457446	22.162123	8.761782	8.146062	10.043307	17.038966	7.811860	10.729075	23.153373	24.418142	7.154352	21.284396	7.565635	13.168883	19.020153	13.175784	14.347388	15.129425	22.604496	12.719449	13.789708	21.400734	12.059890	7.311982	21.694980	14.173038	21.939924	6.359333	22.796655	8.260286
8.227837	9.230481	22.827817	10.998149	16.784120	18.791192	11.789881	8.210263	21.498365	16.669322	13.966126	6.011083	21.091789	10.763007	5.593751	18.049555	19.503136	13.924800	19.943549	7.201143	14.004550	8.125542	6.325827	19.595183	11.006225	10.746488	13.556005	22.215592	22.112280	17.602199	24.025499	19.989253	20.038525	16.782787	8.878076	19.933317	14.861830	9.854731	22.202946	17.401282	18.209572	23.940548	18.590597	13.606299	12.133198	11.417373	23.279514	23.739882	5.081223	15.071137	24.490785	15.161084	21.991339	19.402954	13.351666	7.261057	12.052281	8.203351	11.028134	19.785334	17.120195	9.889406	11.246139	22.420200	11.789564	23.338627	18.523616	13.501585	9.706532	9.199074	11.948365	7.018521	24.782220	5.337262	5.417912	17.463713	13.861095	6.262551	6.685454	21.719559	23.566746	22.403750
14.614549	23.588634	15.180669	22.994031	14.262836	15.857753	8.906142	10.292580	8.084785	21.079941	8.980677	17.392207	16.657855	21.325266	21.152017	19.686357	22.450724	9.201285	8.837599	18.949563	13.664018	21.741923	13.471391	13.306706	20.338928	12.419980	5.005543	18.039195	21.575066	7.018265	15.778656	22.968162	24.087049	18.483392	18.200458	10.175789	22.173596	24.085141	15.078363	8.951000	10.414837	10.795606	12.396012	18.049550	22.053868	23.598285	11.888387	8.447340	22.165922	18.903633	12.078813	18.389778	18.095194	10.591537	14.357829	7.616642	10.303684	5.801557	11.455723	20.052067	12.474170	18.720242	5.961946	9.449844	15.251685	14.168659	7.370785	15.602960	22.812953	19.277610	13.652765	24.143214	8.829667	7.801614	12.491822	10.017040	12.619729	7.409781	22.176866	20.122244	23.578147	10.195064
21.813242	14.023787	20.336840	23.240243	9.978139	19.242737	22.230067	14.563362	15.849879	15.561376	14.535425	22.025573	18.278857	23.808448	8.837064	13.965211	21.701966	13.027129	22.904277	18.966673	11.053574	23.610672	9.001963	22.633261	23.856121	13.745492	8.703240	16.053669	21.242197	9.457846	17.036233	24.070862	13.201349	13.388650	15.746341	14.969190	15.595767	6.704852	20.469487	7.140305	9.868174	19.460286	15.547714	12.541633	13.803626	7.285157	12.675173	22.696478	8.910832	6.025794	7.912318	22.087139	22.666468	8.184572	18.446332	12.012094	18.173629	6.948627	12.235266	22.511658	13.766469	18.988768	9.824569	20.493510	6.335480	22.576176	16.062800	21.417570	17.172602	13.862802	15.931063	14.128762	22.080105	23.387745	13.716280	9.574656	10.080677	18.481910	24.117785	11.074621	24.653789	17.801978
14.503109	5.539844	15.162211	22.182120	9.075415	24.586039	19.227547	8.866376	21.340421	14.055027	16.308736	7.477882	19.388695	13.014432	15.989115	8.469357	16.558903	4.996158	17.492484	12.779095	16.669046	20.516125	15.509023	15.306855	13.542719	19.140959	19.523345	9.934407	23.837422	11.105179	5.527579	8.622666	15.070580	8.497265	21.592529	14.447316	22.968693	12.404488	13.182723	19.922051	15.610054	10.684248	15.534287	13.208445	16.851581	7.702636	15.452135	24.037019	18.831858	24.717558	22.121194	22.153628	24.251788	18.328588	24.072923	9.959908	22.376954	21.507489	24.832392	21.532127	16.332014	15.698850	16.995134	15.556764	21.783905	6.772485	17.839556	17.343980	13.250004	14.970972	22.027301	9.183345	13.014351	14.970874	17.406695	7.602788	7.273696	18.361816	11.500959	11.367806	9.873025	9.566343
24.802197	6.519615	6.404739	18.747252	21.501045	18.014453	23.580441	6.867143	21.761464	16.853181	15.400467	5.728756	22.724269	23.266164	19.200699	9.432952	10.610785	15.204554	21.078031	13.538072	18.195243	16.998532	23.377344	24.165361	6.754985	14.193342	20.719098	24.173265	24.212490	15.588679	21.030297	20.383411	16.433132	15.529129	21.741657	9.684399	12.793417	16.751274	12.429308	9.906175	7.743729	15.218668	18.089479	24.274606	7.249318	18.398148	22.318495	9.605803	20.255890	7.071404	5.210672	7.234510	18.260587	6.743716	12.320735	22.708125	6.171041	6.742079	11.570467	21.413462	16.705446	23.240823	12.322357	18.369915	14.108847	18.095754	14.086298	7.023539	15.170063	20.932644	18.752985	11.173447	23.524559	9.296083	14.031810	21.839303	21.152855	14.415291	16.653306	24.726415	5.643806	15.435747
24.136813	10.504980	23.503014	11.965018	15.874832	19.555701	6.903059	21.580427	12.424527	19.170096	7.420709	22.028326	19.210607	21.582619	20.457384	7.466868	13.055443	15.491270	14.449098	11.422255	13.599586	7.233854	24.292059	23.166915	22.392714	11.132609	21.462277	15.277297	12.938926	24.273730	5.483176	18.527162	7.126577	23.430922	7.290754	5.313432	10.611880	17.466252	14.074450	10.754627	23.394205	16.002200	14.704681	8.595440	14.727873	5.664472	21.678809	6.760380	22.234471	20.459230	5.550268	19.776453	8.196238	18.768564	5.919687	15.202714	9.406935	20.546622	17.380781	7.397058	7.512286	19.863121	19.339206	7.513284	8.562348	24.185764	8.351356	11.496077	20.502776	10.274544	5.633063	6.110966	13.718227	22.306408	18.314389	23.191344	11.200921	8.065777	14.169611	24.105505	22.718458	12.548476
12.117512	23.811751	23.092611	11.881146	16.803870	13.210835	9.854449	17.344427	8.393684	13.505142	12.879290	18.893992	8.714909	8.257947	24.059581	14.523773	5.641474	24.812107	16.471840	12.263852	7.207870	23.205422	24.741559	24.646737	17.117321	17.309216	21.921821	22.645145	10.051368	22.963201	23.161169	16.132020	8.291593	8.254572	8.747266	6.563588	11.088147	8.686975	13.639245	12.702319	14.898597	19.068596	23.958534	5.717968	9.372819	10.877109	7.398715	15.993567	12.847964	11.515837	24.384906	23.863182	12.201617	15.626405	17.799305	23.431189	6.540392	12.000662	21.711546	21.817896	9.178837	22.654324	24.741277	15.090275	16.865211	14.403577	16.014691	18.583787	7.535086	14.850631	20.187553	19.859095	4.988369	7.747777	18.722780	15.262483	8.503615	24.158797	7.155765	6.437076	12.988304	11.205351
5.877255	20.282219	10.755829	12.470731	20.348777	18.214734	21.186954	14.149220	19.731269	18.655338	7.945668	21.885198	13.879371	12.379447	16.014147	19.898413	16.543378	12.254221	11.010295	21.433651	18.576497	6.714123	7.959743	7.144854	6.861779	18.630423	21.976403	20.390419	21.773600	8.430493	16.335667	17.904442	10.237251	8.232907	13.670886	14.258667	23.818798	19.973743	17.628606	16.016698	22.394021	15.896079	19.115277	17.477061	9.609341	22.788956	21.361461	23.204826	11.092581	9.765030	23.700365	22.054756	10.948767	6.076928	17.225286	20.742978	8.518594	7.202499	22.226167	17.887728	6.870401	9.056753	19.193967	21.217906	16.645775	9.803689	8.041661	19.848371	20.132768	15.492480	14.607913	14.723468	11.713745	6.743546	7.413447	19.716323	22.275432	24.298365	17.657099	5.892776	14.825690	8.894446
12.363626	23.817252	7.814201	16.304488	15.856679	9.413703	16.639903	14.092329	13.392145	19.255057	10.987859	7.467478	10.450513	22.918455	23.570770	18.633292	9.003202	9.828448	20.767008	11.564503	23.868791	18.916890	11.226462	13.509588	19.186833	23.388397	8.444798	21.120763	12.961036	9.763102	24.640737	20.948141	16.627444	7.141360	9.906700	17.927055	21.251972	23.083512	9.875688	18.018749	9.185421	14.131283	7.524764	19.730856	16.362962	20.945211	12.368841	9.237843	18.934405	10.931696	12.089118	12.108504	24.395590	15.467489	19.568035	15.054966	17.911918	23.364592	6.204661	16.088013	9.352984	19.218771	14.316803	16.626927	24.327713	18.937363	21.454761	22.619012	9.081480	20.859706	10.397624	22.218722	8.409993	20.327371	17.403751	19.073456	14.191340	23.207529	5.760834	21.827640	19.517510	13.186245
21.890387	19.665858	9.738814	23.708438	23.515818	23.879583	16.965440	13.378000	13.968908	17.999453	21.842869	10.619653	19.000074	7.631756	17.577523	7.615505	5.396814	16.969335	22.775925	23.141724	19.551905	5.017060	10.462881	22.823561	8.856471	12.720751	21.066608	6.173211	22.726892	6.600645	5.994019	20.840932	7.441134	12.611485	21.021323	6.683208	22.742312	5.530236	16.363468	20.296076	14.559593	5.169962	14.467464	5.206280	8.544249	15.553450	6.714260	21.368759	16.695452	10.424345	9.683716	6.780944	18.379468	14.099865	19.675659	20.340713	24.484381	16.282353	22.989929	21.236404	10.307308	5.192457	24.069232	11.662718	16.853008	21.476579	21.522600	21.891871	12.433410	16.052492	5.594272	18.811621	7.336363	15.363157	9.321093	24.025987	5.484840	13.389719	22.391204	23.540336	18.603274	7.111125
12.207888	14.894573	14.377028	5.800371	21.208225	10.363596	19.132944	19.304648	15.233135	17.773584	13.798604	11.181422	19.902855	5.586460	16.363803	13.306582	15.143182	24.127700	5.323902	22.391613	7.175886	20.396727	9.437034	10.936288	15.646133	5.065079	14.079100	18.419200	15.101720	13.066373	14.648007	22.211484	16.721986	12.991898	22.918361	12.631059	16.182134	9.966787	9.986703	22.438232	24.896462	22.631868	8.818400	6.843544	16.274483	8.293376	21.191225	12.389395	24.503548	6.552496	16.315371	14.753723	14.196855	12.868134	5.487895	5.157872	14.403684	13.205795	17.801909	9.121925	14.702960	16.914897	21.031571	20.130883	24.044608	10.573719	23.858757	20.884669	5.462407	17.716405	24.437963	5.160955	10.126623	18.593650	20.994285	19.166689	19.439449	18.324945	19.243741	7.112439	19.169144	10.696737
7.122502	16.886254	20.494086	15.956374	20.650782	14.794553	23.380352	22.877693	15.692211	6.766038	13.143304	17.692906	15.743941	13.105276	14.673328	9.696797	21.593177	8.289815	21.981639	6.866630	16.861721	23.984386	10.064692	15.727269	9.061128	5.187244	12.778212	17.249848	19.178881	9.475033	21.046682	7.063178	16.330928	22.877456	13.425477	18.911425	19.655561	20.131151	7.293805	18.285463	19.761920	17.466260	13.972270	6.507338	20.303592	21.090195	15.635072	22.460209	15.856438	24.709847	9.513361	20.897469	18.605834	22.588837	20.873142	14.095057	12.524418	10.155440	6.766828	19.020646	5.915845	9.212401	11.963024	10.664743	16.182067	14.749279	13.210606	12.554669	8.723300	23.253759	21.052511	8.342442	18.060283	14.345057	14.755520	15.646783	5.615185	9.645958	12.996360	15.993328	24.205711	20.670941
15.099424	7.741075	5.262704	21.734139	16.699427	22.271162	7.054877	20.723089	5.252242	16.977213	19.322661	7.753322	19.739938	24.447854	13.253832	17.676857	13.257755	14.081529	5.473947	8.576910	21.734425	15.962564	17.741655	22.229422	14.470396	8.858135	18.733464	9.993630	20.640104	17.017664	15.361363	7.225806	19.740381	22.091099	10.203990	17.352851	11.390778	14.630156	10.550982	6.519055	5.577402	20.069727	11.300845	8.297579	20.149638	17.834822	21.210673	16.205086	17.764473	19.061624	9.142363	7.863426	12.903225	12.224092	6.054610	7.713749	5.832436	20.740996	20.836014	16.496370	8.885171	6.141048	21.752463	16.261517	6.270540	10.723956	16.121488	24.503026	16.454885	14.102039	5.622874	18.757135	11.212786	6.627460	7.438977	16.746877	17.593892	12.905221	17.830107	20.204541	22.268374	5.252682
7.640031	20.002251	12.177911	20.560828	6.492006	5.054687	11.951261	10.382876	16.299992	10.459250	7.748112	10.946280	21.361793	18.225779	8.079561	5.269637	17.648354	7.109647	21.302995	20.777867	5.495978	8.795625	24.546494	17.280999	6.162099	12.277942	10.520786	11.182868	11.283502	17.182531	15.907134	11.332387	19.901884	14.085781	8.373388	15.359296	21.445713	9.112535	13.534520	22.918530	10.983973	20.325299	22.926220	15.505787	7.013819	24.467291	11.291701	7.843208	9.428541	21.365136	23.966829	18.661014	14.755267	17.580460	17.223303	16.799398	16.205115	24.816451	8.142369	23.046717	10.824283	15.497932	24.549296	11.810287	9.107397	7.647283	23.222631	24.690037	6.842266	7.447020	20.316039	7.751876	17.652195	16.716161	9.788995	23.262228	7.729872	13.039083	9.609399	7.730803	20.845028	5.970014
13.694621	14.253776	17.797464	18.810676	15.474802	13.204163	10.234685	12.606037	6.936621	20.384159	24.843009	13.431831	14.039751	14.746509	20.720880	22.970734	21.630297	24.343612	24.087919	20.752785	17.511927	11.021368	13.871653	6.114086	23.455255	19.471762	8.567307	14.583991	6.531794	16.011755	12.054521	24.266833	11.018014	12.129545	14.065459	24.625205	10.482386	10.053488	5.893288	22.518178	9.104666	16.958844	5.682972	9.063874	7.127385	14.817810	16.286988	5.991401	21.350629	16.400913	9.272842	7.092823	13.588571	14.528917	21.124609	13.196570	16.155802	7.603170	18.720126	24.269307	16.071172	9.334192	17.040558	8.765662	16.671482	23.927972	13.465713	24.350945	20.941528	18.976765	16.723804	11.209533	14.396347	18.616762	18.187571	17.103271	17.743809	21.730283	6.435573	22.505080	9.006020	7.439929
7.516901	6.477792	10.354303	19.399196	20.648436	18.752289	15.484701	6.035069	16.910142	16.874457	24.896085	21.886461	14.997092	18.876420	8.567256	13.450436	5.382026	5.734889	14.268710	23.194793	16.877942	20.428390	7.064775	5.392139	23.678024	9.879652	18.861074	7.680176	15.522020	14.175785	20.649485	24.291315	14.133132	10.893032	20.789832	24.107468	8.263659	16.353646	6.675934	17.536044	14.982704	7.971122	5.689227	18.907090	5.459355	12.401070	18.693804	14.007843	16.008408	5.208633	6.051270	5.659206	23.525195	24.390590	12.939199	22.231647	16.049412	17.509848	9.233106	20.432412	10.374058	15.126097	16.028207	16.867757	19.585007	5.925344	16.550680	20.036969	24.512339	18.070738	6.678823	13.603909	9.517978	18.789594	5.328288	11.126949	20.814414	15.894277	7.294192	11.960610	24.368360	9.872672
6.963437	15.193880	8.192256	15.449424	21.680152	20.219220	21.843606	17.335648	19.037270	6.661684	18.800944	5.399764	22.898803	13.871924	14.589339	13.143020	21.374042	18.314535	19.306757	11.840945	13.901374	16.928505	17.924541	16.758033	4.988179	15.911767	15.191193	15.619259	8.426480	11.921010	22.207230	23.302275	8.218808	22.138190	13.770601	11.373550	21.157477	20.949411	18.151071	8.870206	10.018365	6.249377	23.939387	18.570439	15.385455	13.401271	18.944949	20.039815	20.811377	8.916357	12.214601	18.341260	8.229079	10.923726	10.658047	14.657156	13.526551	22.780546	8.081906	16.158351	17.238852	21.124670	22.294065	12.135579	6.033303	16.477673	5.034070	15.916225	6.088759	7.217665	6.963412	9.774394	5.804322	16.784770	16.644386	14.941129	9.625722	7.200373	4.988428	14.529181	11.920779	7.562710
8.914013	19.547163	7.650527	7.313206	9.899160	18.460148	6.936394	21.853771	10.790994	8.792040	13.723934	8.510589	6.874001	12.441703	9.934800	23.738393	20.821990	12.105483	10.423173	11.579807	12.251219	15.357247	23.467958	22.421241	12.955254	21.167949	24.557381	14.495740	20.773207	14.502061	12.380621	8.066149	11.570161	23.777614	7.395847	7.501808	18.520445	19.711577	5.650880	22.105073	18.076764	17.697827	13.693904	23.750272	24.243389	11.452906	15.543606	10.775447	20.666326	15.543722	6.091823	18.179968	19.496265	19.127426	20.321064	9.770171	12.969658	7.877845	18.952901	24.701388	21.804101	6.048254	17.703937	11.365552	15.888801	16.840926	14.853179	15.563043	14.562852	8.803312	5.978816	7.295496	19.592951	9.851454	20.366029	5.323805	5.638460	23.996041	14.695592	22.751557	8.068355	10.057801
22.824794	11.884331	10.328451	15.661620	15.863291	16.375289	18.204689	8.718009	23.367788	7.014419	19.117421	21.068637	5.200890	20.551425	19.280299	5.619502	13.903800	11.762839	15.712813	11.537299	17.826421	8.048160	23.050745	11.373785	6.036634	21.294834	9.209269	10.211165	22.395396	9.172478	16.218722	5.717557	9.038602	9.932412	11.271205	23.462054	14.234454	17.953211	19.840743	20.890095	11.107817	20.091675	16.295121	20.341145	19.716215	5.454339	21.017289	12.629462	23.474726	16.366895	21.550983	15.465542	19.459707	24.588603	21.161631	18.919642	13.939184	8.503431	7.470890	24.385056	20.214720	10.197751	12.696604	21.586735	19.028845	22.695994	20.823784	13.392566	6.650008	9.234856	16.203202	7.509975	18.766800	9.011382	21.173750	24.453484	5.431673	12.302508	8.142368	24.576255	16.822653	6.549554
24.634132	22.588270	8.650697	24.568851	21.626292	20.814007	21.033378	22.671872	19.342208	6.246784	5.817851	20.778128	8.068173	20.194296	14.468941	12.532004	9.180004	6.516389	5.143099	17.682204	7.590699	14.196639	10.193398	11.522540	19.746332	6.539554	14.135069	10.501604	14.352739	12.532839	5.953596	20.626618	12.198395	5.445320	20.375052	13.731933	6.492843	11.617590	24.474122	13.065320	15.585485	5.454354	6.894695	11.956274	5.713776	22.306448	17.206997	7.758323	8.779339	5.184707	16.137467	22.222879	10.048714	8.751545	11.181043	16.015917	20.836722	13.962905	15.030161	23.157401	19.753341	13.712803	5.451950	20.786630	12.065071	22.439933	10.885224	17.409101	21.392078	13.175243	9.012901	5.791474	19.935814	8.911002	22.065262	10.737173	16.022628	6.248363	11.166809	11.176822	5.863594	10.413440
13.666217	24.047106	12.257561	19.198728	12.694465	18.134462	9.377555	19.661814	11.848105	7.642785	5.929837	10.840138	5.853190	18.237873	17.610516	9.964591	19.835945	21.340719	21.052573	10.013765	23.765523	5.466690	20.906090	11.115945	17.321307	18.904094	18.527107	22.897938	18.991252	13.485565	6.338524	14.725271	10.121401	24.840337	19.810499	24.503515	23.246413	11.121526	24.399374	21.095103	11.630694	6.497891	8.713916	16.554373	8.401205	6.105925	18.145058	23.501385	11.511172	7.550148	20.040606	17.989030	13.813717	18.201825	12.049953	13.667022	24.479002	15.226456	17.145430	12.255164	10.879341	8.769103	8.126146	15.061779	12.758574	18.151448	5.880742	14.340780	7.201664	14.938545	19.987479	5.999318	7.936130	17.232037	13.490885	22.664390	23.658743	9.686216	5.105293	9.748907	16.585687	5.436061
12.498052	21.477886	13.614719	17.676994	7.348356	10.381472	14.062708	23.516872	18.482515	20.959552	13.477992	11.931007	15.581228	16.893130	18.247543	7.657848	8.093241	14.268575	20.521239	14.837402	16.199535	18.849816	12.052680	19.597621	13.763686	16.865339	10.348533	24.770053	12.923722	24.743614	20.214568	18.057691	11.197232	21.270886	21.103251	18.786256	17.203427	15.187566	22.085602	22.219974	23.240206	14.731250	11.452838	17.958024	18.694335	6.133200	5.842008	18.638500	6.290971	8.757205	17.573414	20.202205	16.863521	12.138542	11.518989	20.577720	10.134610	5.130583	10.990351	16.171909	15.514391	18.288599	23.955206	18.579782	9.544075	12.214454	16.073347	24.720545	18.337442	11.698425	21.674668	15.493036	8.906211	22.136208	17.593054	14.077771	22.979445	24.498027	12.483366	10.762316	9.510978	12.158784
5.261340	22.340546	12.689974	14.652182	23.456773	14.853569	11.346029	16.810429	20.963857	6.370446	20.535409	19.995081	8.705912	16.902643	13.367414	16.203847	11.825457	9.240335	16.436637	9.308758	21.202038	14.145290	23.165281	14.626905	20.064319	15.386172	15.424119	6.308224	19.282300	17.167624	22.645959	17.748034	16.309799	7.295606	20.018241	8.504383	6.531533	6.431629	17.799606	13.569764	19.688282	11.292136	14.121627	16.455740	15.860991	16.192785	19.955180	8.653412	19.923621	15.163878	18.188466	23.950356	9.226717	24.525934	18.389416	24.189673	23.095550	16.290731	18.294906	13.800011	19.908593	12.355291	5.421319	16.868821	16.539987	15.281444	13.584347	15.534705	10.736656	23.447982	11.835004	20.782926	9.522441	14.420656	11.227930	16.541151	16.173503	19.760169	8.687824	12.670761	24.455010	19.298223
13.643380	19.618474	10.481039	13.719962	15.556927	23.758397	15.695053	17.196437	19.166977	12.839785	23.570587	22.590892	6.237416	12.192892	9.687057	5.308071	20.939658	14.312049	24.124393	23.089467	9.633156	23.229609	11.768220	18.648085	5.635853	10.572019	12.325057	16.506434	24.830191	11.477635	22.606513	9.599092	21.504849	15.416067	17.213860	23.425287	17.886073	20.112823	16.274289	10.491239	12.781846	13.373718	19.818212	10.759376	18.488900	15.746753	13.075322	21.783934	21.779079	12.876650	5.657177	17.861641	17.212598	24.408830	14.047719	9.014424	22.642410	9.972869	7.843977	19.389905	12.107512	9.581333	16.865227	10.793629	12.574876	6.739314	21.884633	16.795895	21.113159	14.491074	9.891760	7.034339	6.270364	8.015433	16.173080	5.330217	16.709663	15.412015	15.252217	15.119540	9.479347	8.248652
19.183164	5.555483	23.417048	18.173668	14.108570	17.124128	8.702241	15.964184	6.138481	12.237423	22.894085	21.009042	21.536440	7.195149	16.816034	24.229602	15.917168	19.385722	7.281740	21.236641	14.335158	17.305698	12.475833	16.203738	7.805424	12.814199	21.010702	21.786551	8.972043	8.016713	20.301304	19.318617	7.012449	13.284754	11.609913	14.901262	17.358517	18.339303	21.475227	5.244373	12.124814	24.050373	20.891997	16.545044	17.130335	21.402802	8.432606	15.738129	7.117599	21.388079	15.337533	16.617938	5.983647	19.991704	24.502294	8.084048	13.811617	10.704879	16.632458	15.381110	10.307315	10.918019	6.302038	15.088533	8.226337	14.991738	9.638556	15.850769	19.105819	21.900961	5.806376	9.023497	12.928589	22.884137	19.728049	13.653044	9.439426	5.398682	7.967494	14.651293	23.419473	14.590918
9.250368	22.793206	6.880001	23.986737	15.341853	13.437132	24.701548	8.563684	23.548827	5.198036	12.827883	20.576204	21.387180	22.864909	8.778239	6.435409	19.120944	16.453149	7.137354	21.832955	12.572722	18.681366	19.759955	12.561855	15.727653	8.415806	21.146630	8.687626	13.652415	21.232431	12.956305	15.908154	8.506025	9.393122	12.483471	17.204314	6.974825	11.752857	16.515290	7.256199	24.371464	15.121049	12.200702	9.327781	14.620185	15.087270	5.867742	24.336795	12.623021	12.715594	6.204220	15.866307	11.770670	9.691947	9.751456	9.003149	19.322800	21.881736	10.052163	7.127029	16.199614	16.863003	20.693607	15.650431	15.024530	20.017345	12.830567	16.792491	6.675723	10.526369	11.297209	18.856121	19.337521	22.763829	13.599302	9.498394	18.836615	18.525262	16.178182	14.468346	19.481091	22.680375
16.950470	20.777183	8.394216	7.587505	9.973293	9.085734	19.000842	10.410762	12.254648	8.967436	23.279486	22.993935	20.169542	8.467817	7.151966	19.149826	22.753083	6.633895	7.725268	15.361773	16.834226	17.457073	19.201594	21.619678	21.475807	11.964238	10.101616	13.876880	23.688390	21.765340	4.982010	21.374472	22.220041	21.570776	9.958438	10.705325	9.506173	9.566621	12.511091	13.603319	23.026763	6.943052	13.298674	20.623386	15.643968	21.043956	19.338144	18.812225	16.516600	11.545469	6.464016	21.151540	11.236043	17.093290	22.222752	6.775432	20.345809	22.717912	23.371641	15.292389	21.565226	19.881493	5.433980	9.165721	7.200001	21.577062	8.891704	9.632372	11.019937	10.880442	16.728591	11.442951	18.744454	21.610250	15.649786	15.066339	19.227564	18.035290	5.798883	12.350703	10.503769	8.992156
7.313133	9.024493	11.757386	13.741162	6.149457	7.216036	9.930105	20.123123	13.096626	16.963246	15.470260	12.672514	18.366861	13.512333	19.192721	7.269843	23.063587	16.550653	18.696101	5.034778	19.758621	12.469153	16.608034	10.553493	23.602688	8.385430	23.852443	22.406414	12.348134	9.216797	9.600376	19.745155	13.012734	20.171032	13.648000	20.928944	22.238989	24.070467	9.433443	21.133328	16.934584	24.422923	18.037538	23.848429	14.344558	12.118043	21.934529	13.598223	21.234635	5.824152	14.843739	6.133900	22.488730	17.358398	8.581399	24.327353	23.648301	23.053475	21.061872	7.037895	7.187269	20.555344	20.275635	18.090766	11.514412	13.601236	21.838318	23.773434	22.283064	17.781174	14.121525	22.378329	7.509246	21.646445	23.064597	10.138710	19.912225	24.052811	16.851890	8.611304	5.703438	19.369640
20.729494	22.613361	15.188866	17.386452	14.630606	9.401022	18.875086	7.987498	10.022793	9.311583	12.106323	11.988947	6.373314	15.397357	12.473136	16.344406	8.396366	13.301505	8.954771	22.178930	11.741333	22.535307	13.857372	14.939586	17.337604	8.840329	10.525668	8.202391	13.695203	14.009392	18.072134	18.381902	6.821336	7.416341	18.652826	10.893447	22.037137	10.094167	9.624591	9.058975	19.727641	6.134672	12.233879	13.635825	24.583193	22.237873	22.713754	6.080371	8.129509	17.932330	16.260575	17.386002	18.800821	11.794051	15.483901	15.170395	11.864368	17.222904	12.285688	19.844492	16.951615	22.934624	6.159870	22.142553	22.137487	19.896534	20.245152	17.250359	24.083556	18.871022	7.814335	18.986563	5.571029	17.752432	10.061998	16.050246	16.855862	15.008323	8.911603	18.017593	17.437116	18.008207
24.353015	18.706188	10.073719	20.608116	22.485075	17.043302	17.421320	15.429533	24.132358	19.726867	23.074430	17.846372	19.350178	18.775978	22.072177	23.632158	12.884954	20.268024	6.930955	14.629353	11.312502	9.848703	10.461784	12.602261	21.452220	6.370756	6.587002	9.719698	14.094750	19.445154	21.362429	13.655832	8.101602	8.659606	19.384604	22.748217	15.925250	22.265860	20.335239	17.556261	19.553619	21.764659	6.618216	12.799799	16.014116	13.113755	15.350723	6.146718	16.745336	17.612115	24.456162	13.163970	14.188454	22.485840	17.944847	7.340147	9.691106	18.080687	19.991708	7.554316	19.388062	12.178484	10.327545	10.688920	7.946119	24.791473	17.227329	11.184071	15.244240	22.448821	17.034477	6.024897	15.407404	11.089097	13.027320	6.615558	12.912644	14.941580	20.856345	7.056048	20.161503	21.520017
22.883994	24.218737	14.336012	10.712734	5.018505	10.874763	11.348796	15.840174	19.834263	16.214765	9.995949	8.317771	17.688796	20.685377	23.079247	5.329944	11.421039	7.429053	16.624142	9.797700	8.081958	22.894491	5.867873	9.388627	18.146324	12.680012	17.636525	22.053677	9.083233	19.621488	14.294920	15.239101	22.436774	20.816348	21.929321	11.620319	15.259685	17.307323	6.105639	16.478576	18.517957	23.532377	14.658676	20.952157	21.197595	23.732038	18.994413	12.561815	22.677232	15.435772	10.702894	5.676510	11.288171	24.488065	22.694924	11.939087	8.514398	17.688443	5.380286	6.587010	23.526529	16.419443	14.100213	11.259048	13.467624	5.344971	17.017962	13.640937	18.966333	17.221007	10.847641	15.948835	5.598333	9.155156	16.397177	19.811141	12.408501	9.097440	23.825928	12.423306	6.945221	15.180320
23.210514	19.489875	5.200732	19.575840	17.249565	10.959542	20.641406	11.049382	7.002488	20.624480	21.698056	6.204928	9.791969	24.257680	17.682672	6.732492	10.553314	17.773747	14.723243	23.599755	14.147737	10.376773	10.136284	11.648375	19.534713	5.784154	20.695211	18.750781	21.614987	20.836666	9.879657	14.734005	13.974666	11.105211	10.671572	12.254560	17.932739	22.248894	12.455852	21.753596	6.707337	5.425335	17.189916	5.197922	24.776102	8.095125	6.815911	7.462612	13.620204	17.960979	12.086690	21.041139	9.282435	23.649859	11.623973	17.315050	5.997770	23.802116	15.067324	20.472394	10.458080	18.869896	6.264518	24.597461	15.634841	15.736981	23.242676	19.985527	6.349894	24.079053	10.142764	6.902226	21.887076	5.504238	18.064951	4.985949	17.247349	23.726293	16.548561	24.219323	15.954701	5.200751
13.818981	21.936499	5.967199	8.806196	6.827121	7.068494	19.025331	9.715606	11.534651	15.617017	16.599904	22.173156	9.110399	24.286674	10.603557	21.113362	15.456735	21.827829	5.276625	20.340661	9.664935	16.075234	19.822778	7.199987	15.619940	23.342216	20.252158	11.327206	6.823051	13.137371	12.704957	17.871773	15.464024	21.309174	17.143330	22.253786	5.403361	16.791969	13.458333	5.796159	8.435101	22.730432	22.151835	9.834130	21.882550	16.959470	19.356707	17.939105	18.872265	8.410127	18.023592	16.812110	16.796953	23.253944	20.829600	16.844400	5.936282	15.110159	8.706286	24.277941	13.983113	5.275937	17.956631	16.331798	14.551705	18.479181	12.645306	10.756023	14.964154	24.535462	13.554228	12.232624	7.876210	20.357874	22.031410	13.737084	5.410391	24.239163	17.853309	13.259076	13.175981	8.397318
6.175005	23.031132	19.399581	12.983892	12.397818	23.215853	10.500464	15.915166	10.693091	24.394235	7.024722	5.699429	11.045419	19.837773	18.486382	14.854520	13.847554	21.604031	5.198865	24.689548	23.512137	10.676801	6.597126	20.930839	24.415553	21.863507	24.014254	21.950756	13.243115	16.226148	9.002646	6.612628	12.782238	13.478384	17.660032	22.777486	6.706036	12.441590	5.017481	12.079435	7.969476	22.176950	10.272651	18.502514	24.238911	13.739569	14.769586	13.407038	11.325216	6.403556	16.587927	14.916601	22.894708	5.803608	14.528558	8.988175	20.094319	16.814617	9.148964	14.699783	7.680830	15.519578	6.619367	7.034714	7.791903	7.326173	15.036210	23.409220	17.846908	12.845538	21.758535	19.933645	24.402800	23.381207	17.703015	24.328801	13.474570	7.849801	14.802147	19.701259	10.451217	11.085749
23.452646	13.970832	13.818243	7.021043	5.616840	11.120639	21.794575	15.794493	22.850904	16.269792	6.621586	23.143970	20.827461	21.279779	10.757623	12.759660	14.859714	12.151867	12.057788	8.114968	15.761246	23.037492	12.562542	8.652893	15.318517	22.461005	9.574550	6.840187	6.199198	23.963009	9.831774	16.878957	8.265503	13.554520	9.712145	15.407841	20.192127	9.197918	5.018689	17.202748	16.072577	23.397146	6.217639	14.338132	11.544522	19.088104	14.888344	9.452969	14.149159	12.124287	21.548521	20.238341	19.858536	17.315974	6.625323	22.781803	24.630702	8.995950	22.625853	6.259515	15.655003	16.086541	24.776482	12.728837	23.226238	10.688116	7.008913	5.473018	17.936080	6.165019	17.288220	10.532207	7.934349	12.097372	15.957407	24.070379	10.057745	19.609429	24.757620	15.269413	11.100377	12.093086
24.654303	6.058286	20.619080	13.150629	5.692721	8.859101	18.836535	20.811307	19.546288	7.360488	20.109005	7.755444	10.318272	9.756477	11.175211	17.910998	20.649820	15.004876	10.771672	8.511708	19.901177	19.484733	12.533208	13.393805	10.766189	19.575110	15.855822	21.028612	17.553143	21.437438	17.372083	8.441480	20.535622	23.273431	24.028560	7.933715	8.339512	9.593252	17.062421	23.299601	24.770770	23.671397	21.637593	19.202232	8.380917	14.307707	17.481823	8.267837	11.281350	13.438692	9.217866	10.740017	11.009160	18.622045	11.187124	10.759486	8.380359	5.861644	11.356178	7.616155	13.726531	12.679308	8.271352	12.378019	7.278092	13.235543	11.594663	9.315142	7.995804	19.075282	7.966324	14.982906	6.019973	23.112670	18.409820	17.955855	11.187936	15.633973	21.843840	15.953426	10.465524	7.546072
22.876384	19.774788	6.339064	18.705987	14.590421	22.455600	13.803275	15.638541	23.373264	12.140955	18.790305	5.909599	21.034021	9.537420	23.852730	22.590250	23.430885	11.692376	20.532129	23.530746	14.352692	23.159392	10.595707	6.443448	19.122136	21.203473	8.919975	7.425599	21.520308	14.838398	14.809829	8.749419	21.574624	21.941563	10.589023	17.874864	17.794251	18.344565	10.261340	12.765989	5.374181	9.987308	22.619255	15.980874	11.591302	13.302789	24.561668	11.574116	8.470724	15.199313	19.971156	6.965102	20.294776	13.863716	20.903526	20.973316	6.442282	19.994731	16.375627	8.640648	15.862690	8.003415	19.998140	10.487952	17.933534	7.904154	20.802939	7.859952	20.011067	11.836721	15.528118	6.639273	15.804228	23.969514	13.101671	14.765969	16.979043	7.096297	13.612732	21.287322	17.713633	10.064795
15.960342	23.255704	23.473971	22.436541	18.027488	11.597827	20.566483	17.222942	13.874274	19.229318	7.329136	21.661006	19.810795	20.393828	22.004720	14.949287	20.984553	16.539629	7.481689	21.162475	14.285305	19.186337	21.859430	18.713654	7.112852	17.988614	16.891989	10.440077	22.251436	23.243542	23.341033	9.122704	18.744515	23.357648	16.344190	7.972737	8.487604	19.058339	24.305312	14.790723	6.783977	19.488384	9.240654	8.185316	16.077554	13.396251	6.557148	22.629267	14.144413	20.748680	10.115406	12.556730	14.281104	6.154861	17.117842	22.537887	21.618388	23.219745	23.275535	10.585300	16.895350	9.406172	24.601690	15.004830	8.214701	21.111717	6.359919	18.535565	15.710974	18.301225	12.170894	10.743458	11.675313	12.433579	19.589553	7.986671	17.606487	14.983049	14.821491	23.007951	18.399165	6.146369
13.454132	21.038120	17.711948	16.043873	13.858782	8.431575	6.296469	7.589175	10.313104	14.564467	7.687209	19.054555	14.430188	22.209701	10.595839	14.368072	8.010734	7.426059	22.676512	24.751047	14.332807	19.901092	10.178218	22.417226	18.319684	20.738319	5.048802	16.261792	16.167289	16.702753	8.044687	14.061957	24.414368	18.335019	6.502314	15.163718	12.860773	23.705913	8.219734	22.654927	19.009948	20.203323	24.294221	12.737075	15.943593	20.146655	13.968484	8.225648	14.182656	5.127393	7.619454	17.115370	22.348941	4.989055	22.175649	9.525370	13.243549	19.627560	24.599492	18.700066	24.203557	21.638818	18.600934	19.776275	6.713017	21.924647	18.412183	16.201120	22.519075	10.323401	14.194878	16.516883	19.771058	7.413609	8.915088	11.011739	16.220800	14.445133	22.469730	6.077600	6.809153	16.181824
24.406249	8.083315	24.026912	5.586019	10.455036	17.933338	12.846933	21.356391	20.658263	5.390015	5.999964	15.850494	21.095827	18.818846	19.762780	20.946044	22.185235	8.066941	24.783489	9.096613	19.836985	8.367022	24.281264	8.755680	9.299159	24.560906	22.222244	21.928091	6.510907	22.652787	10.312484	16.132287	21.867249	17.643596	16.282616	10.355360	20.254007	6.858398	15.914816	22.938402	18.911777	13.776442	24.563821	16.728533	9.090632	15.568102	17.519239	5.925723	7.638583	13.159009	6.788653	16.075887	14.905461	23.018594	10.948241	22.715232	10.059978	16.624236	12.216074	19.285049	19.293611	6.881192	22.009898	7.439719	7.446375	10.378388	10.289875	10.503122	19.885205	18.960444	6.357281	19.181197	14.007288	7.340304	9.564543	8.221214	7.843827	20.917820	17.937805	17.599868	15.506416	14.788508
14.098695	23.155801	15.638603	17.817821	16.715225	10.026802	12.305279	22.699921	23.604904	16.698131	12.625798	5.401793	21.625219	12.300651	16.156543	20.162679	7.947469	24.410745	19.067733	15.490274	6.319057	24.265333	10.605732	6.194823	5.890147	16.364917	6.953270	15.067912	12.903427	19.566733	13.968228	21.780358	5.311324	7.554791	8.592920	15.299937	11.791040	13.888249	12.080386	16.835908	18.355897	7.098163	11.962929	7.593639	21.073562	19.233381	16.735415	16.391504	7.351722	22.672431	5.466453	20.257816	21.660426	13.017182	19.346373	21.585142	23.695910	9.147148	14.793585	23.694606	20.241446	24.607301	18.919161	15.057630	7.295010	23.514710	23.804777	12.199341	20.002230	6.791267	9.754287	19.097502	19.856866	12.180242	14.820609	17.872455	5.816479	11.397229	5.195149	19.773347	19.248647	10.873523
16.119705	13.001999	7.691158	21.474067	7.859631	8.161345	17.553929	18.777252	5.600692	21.588265	21.801010	16.070075	18.534192	16.243829	6.792627	10.405607	18.852540	13.777326	22.052816	8.950317	20.399377	21.998475	21.397271	14.047347	10.118621	8.368319	6.649073	9.555972	15.017451	9.355829	22.223392	22.503000	20.750123	14.801661	18.454550	5.144095	18.807643	17.532182	14.240252	21.662689	13.462177	10.491073	16.823271	15.091318	11.053419	8.552777	5.232200	22.545104	7.585391	13.074124	20.094725	20.287141	5.979058	14.244204	13.623113	7.884997	18.096296	12.250195	5.702079	21.881520	17.160625	8.286911	12.183159	18.041942	6.900068	7.572224	22.580432	9.516052	12.382674	14.201331	15.244433	6.746063	10.062710	24.185840	5.291078	13.579564	24.635630	10.909309	5.051110	17.664840	12.604353	21.341701
8.614689	15.263290	19.858057	12.647811	8.218001	23.618930	10.255031	8.058142	9.117415	6.474207	22.168461	16.785010	9.729751	11.949011	23.714610	15.569585	18.513819	18.605012	19.316641	17.017233	6.771900	11.905515	14.994802	15.109569	18.322844	17.047191	17.636573	18.483150	5.347356	11.654214	20.753807	12.998181	18.084721	18.842227	23.214280	16.716831	19.373906	10.410917	22.809340	7.549535	11.744589	16.794005	12.084625	12.448036	10.865835	13.617393	20.186002	17.521170	22.516781	15.296518	13.266101	11.704723	9.068557	23.488633	21.261431	6.506335	11.272671	16.674033	14.387643	10.176881	9.231938	9.815509	5.093491	17.352886	15.116910	20.170532	24.452697	7.070729	9.110921	13.062338	10.807747	10.089644	16.084532	19.683069	15.452470	11.083079	21.870334	11.193726	23.023424	10.256089	23.459198	12.814477
14.366188	14.271448	18.995868	7.609393	24.735641	14.176607	16.772077	13.307859	12.756960	6.194188	18.983431	8.373689	6.080080	5.068298	16.193625	21.297863	17.943323	24.333382	22.060534	17.566457	15.062996	5.916585	5.108872	22.541354	20.936380	8.258251	8.516983	22.195753	11.835878	12.518403	15.664217	20.613123	20.189308	20.619846	7.930959	12.564345	7.660131	12.890387	7.386226	16.428406	24.907888	10.104794	7.973659	6.305017	21.985362	15.526016	24.151972	24.901562	21.815701	17.414663	11.171421	13.361871	14.108938	10.436070	7.707274	16.802853	22.600171	10.008689	8.282806	16.161913	18.648227	24.665177	8.660880	24.219145	16.283983	19.313602	22.045156	18.565610	14.314723	9.982928	9.047432	7.753785	18.132332	22.024586	24.771421	19.557840	14.020982	21.720674	9.849358	21.526736	8.616211	10.135438
11.668885	22.847531	17.911902	12.960092	15.893896	24.833515	6.180963	14.284154	16.599682	16.158601	13.069136	19.049444	19.178726	12.175951	18.279687	23.371454	15.814773	11.056024	14.910697	6.027784	6.642041	12.206938	16.603739	16.180453	13.845703	6.669231	15.209558	15.864943	14.069820	16.451758	7.186631	17.461543	5.000704	16.039035	8.356035	11.440375	21.547968	14.866445	8.593052	19.235683	18.419404	16.795132	13.264401	23.671881	6.455496	22.163671	7.578205	18.601386	23.025327	12.044833	9.420992	16.456512	21.432263	17.714979	5.255367	24.066781	23.511571	15.829073	21.771600	5.119914	18.830079	21.239730	12.294816	21.134611	16.764649	11.307936	7.068380	18.701756	23.342486	14.358890	8.156912	22.594099	8.606007	20.876640	9.751160	5.865264	15.976055	16.160995	16.117481	8.223328	11.167911	9.325519
9.068861	22.236197	17.008955	18.220305	7.767327	23.863782	22.018759	20.552102	18.677688	11.112130	11.959376	5.688985	20.150048	20.993953	19.631602	20.034734	5.930615	10.379911	20.966770	6.027454	5.938546	7.016207	9.953119	20.497433	23.442520	6.831888	20.970227	9.495482	9.508191	24.108750	9.676317	22.789562	13.457048	18.911819	22.169681	24.905167	16.585261	22.783316	9.589326	20.938526	20.888606	24.679731	16.817872	12.374074	22.155415	7.705029	20.896641	21.710235	7.209580	10.498088	8.978211	14.803924	23.959100	15.401250	24.223574	23.885197	9.030967	10.588411	13.628867	23.643331	8.473108	24.844804	12.664201	18.653242	24.208508	5.098865	9.955474	6.009860	5.573619	16.589275	24.211754	8.750604	16.926806	22.764722	9.917594	9.182319	19.589336	19.266308	5.710350	5.481936	11.763677	6.829871
21.741522	12.249379	8.593096	19.764162	20.620578	9.805072	15.712777	19.572583	21.424944	22.936243	17.587717	13.888810	16.226241	13.835520	12.426757	24.176159	23.006618	13.100106	6.603333	5.843263	7.547725	6.466111	12.517463	10.962135	9.277830	13.841725	9.711673	5.802988	21.794268	16.414628	8.141477	14.221528	22.469856	11.257570	11.900746	11.070401	16.230046	16.868694	16.117559	13.961019	16.807423	6.650879	5.423576	18.065238	10.511605	15.366088	16.764865	24.192173	21.401328	9.406426	19.173134	12.627468	13.817827	6.788027	18.471448	23.428601	12.407940	14.690613	17.683961	10.809842	15.576564	11.389716	21.412576	24.020396	18.930611	5.031118	8.638562	6.685038	18.478830	15.258605	22.688422	19.129370	10.336660	16.690910	5.379561	8.985981	5.824345	14.601107	8.287072	8.018952	9.236271	17.824234
15.239121	20.507210	8.728523	14.134133	10.632373	16.886233	14.091591	14.206096	15.808401	18.252606	11.117109	16.909028	5.573563	13.695408	21.829291	22.364355	12.870272	9.120633	8.127369	9.513687	6.227031	8.093683	7.770083	16.426144	13.959927	15.342836	20.870514	13.446507	18.076170	7.208266	11.006027	16.904909	10.335536	16.296996	17.352807	18.400918	15.033126	15.985361	15.051793	18.525983	8.921375	13.069146	5.864795	5.156749	11.380032	22.370440	12.565617	18.287253	15.563579	20.815048	15.855664	8.573548	6.970394	12.366260	5.882663	11.209192	15.414252	15.542103	5.903787	8.660727	10.306678	24.002027	11.074533	9.675775	16.157427	6.828175	18.060380	24.562074	17.051736	24.502999	8.605394	7.817014	24.631950	8.593353	23.632220	17.078112	18.999333	12.057489	23.015593	10.361245	19.269664	7.348966
14.182059	15.072890	20.703228	10.400634	16.231068	10.182910	23.177764	11.635061	23.330540	10.048482	6.071866	17.556480	20.778191	17.391611	17.424822	8.277049	21.001530	12.796374	19.657478	20.432546	6.023223	16.229149	10.352499	15.954691	9.721018	12.535315	15.254368	5.457806	5.807745	5.701430	7.476061	11.793256	7.843893	19.929209	21.724326	12.450175	13.718571	18.628223	13.059479	16.824030	8.527096	17.865173	17.392882	5.110959	7.419204	18.578491	16.462167	23.203952	5.253939	19.976078	16.380931	16.846499	12.988515	5.741966	12.977975	5.680906	23.326496	9.082248	24.382275	19.852250	20.538307	24.365211	16.595703	10.014899	21.919715	22.143494	21.554342	18.752925	13.706213	13.256803	20.889006	19.857569	16.335580	24.520719	8.520109	22.360645	5.937449	21.969856	17.690343	13.537690	8.141840	19.753118
23.950012	24.080772	12.603880	9.987765	11.693095	9.333769	16.183990	7.666523	5.974698	11.246558	9.809134	20.271526	14.844423	10.260102	13.054989	17.401629	22.205109	23.979923	9.465335	22.889739	15.212476	11.041869	14.271841	18.125397	8.644069	5.776328	10.062431	16.811184	10.409399	10.263053	22.159742	11.110000	12.048261	14.814782	10.655853	16.442673	13.169957	24.158597	10.535850	15.973453	5.132089	6.555117	6.032230	14.739090	21.851376	10.080436	23.329797	14.887441	19.036728	24.659439	19.486861	21.355615	14.055656	20.444182	20.299771	22.763440	5.934477	5.362699	23.036098	17.266960	11.654410	7.486432	9.596486	5.057042	13.805267	7.860377	19.131572	6.171884	5.651217	19.933766	7.190970	24.200007	6.938228	14.568101	14.914107	18.286209	9.277308	20.062546	13.180339	10.806009	6.468637	9.469570
10.288049	11.095470	24.265579	7.567889	20.303496	16.332646	5.356689	12.703455	19.268459	8.340121	12.143080	21.551769	13.908683	5.823068	9.736457	16.631417	13.704499	8.788907	5.702761	17.656599	17.452269	16.632208	23.839339	12.072611	7.951913	12.779464	11.824524	10.407314	20.573525	16.422619	14.726304	23.743965	11.609923	11.741901	17.752076	5.256626	17.790230	23.985694	23.747154	9.502777	23.785613	22.815432	6.277309	14.763704	10.432316	16.160921	17.328381	20.687117	13.411396	12.351947	13.406719	12.806393	15.662334	11.324700	5.098162	15.882857	18.849556	16.371864	15.322752	18.503101	18.333894	9.570096	24.210321	5.273787	24.854903	6.684395	21.936455	7.133763	16.870732	14.776203	12.524825	5.174376	14.728050	6.076696	14.109489	15.289918	9.348998	16.598138	21.509238	10.737256	19.626880	18.008927
21.964025	13.836297	6.651315	10.389702	16.942207	17.215201	21.253257	12.448158	13.836948	24.746176	20.851066	7.324559	9.118162	5.786161	13.653690	16.469382	19.260219	12.420289	9.219172	12.804998	17.558458	21.851332	10.151971	6.257338	12.379972	11.333402	23.392247	9.047871	12.427286	8.110758	14.313722	5.017772	16.855394	15.166786	16.030332	11.334270	5.897388	13.646601	22.378065	22.231249	6.290372	6.666851	24.234912	5.001163	11.392205	10.836837	12.056237	9.940291	23.510347	9.782714	12.276889	14.676662	11.435177	6.998508	8.975434	8.076485	19.288933	23.827659	12.379760	17.681975	17.699986	19.941604	11.688732	19.284384	7.030318	23.375387	10.535345	9.897691	7.998641	13.930234	18.999628	23.131858	12.510606	24.815088	19.286176	16.305434	12.992153	24.260265	23.703880	14.395447	21.982188	6.272519
11.203056	18.908308	17.911025	16.293108	15.056154	24.412260	11.915116	5.008614	19.295777	6.735233	7.909057	11.285210	14.035138	8.377034	5.779147	17.781425	10.925079	19.192813	9.798334	23.187644	23.151646	22.166112	6.292452	22.469815	7.687356	13.044148	19.428530	5.105107	24.411205	21.581440	15.810087	15.224637	12.827007	18.550413	15.806744	20.037864	5.845057	14.558661	20.956659	5.252137	23.729022	5.749721	24.529579	11.372829	6.105127	19.756288	10.937378	13.527492	11.601268	5.325547	15.237743	7.246715	16.005961	24.316012	24.474401	10.532500	11.494841	17.684785	11.895391	10.994956	18.453427	22.838335	15.130684	21.246824	24.386031	16.607646	10.780070	9.608974	14.163112	16.222497	15.403966	17.286816	9.851118	9.249354	19.913427	5.929648	17.617813	23.843367	22.594924	17.304636	16.877268	24.791409
20.011068	18.515334	6.925269	16.954260	17.786932	13.846710	21.445660	22.541694	22.601152	12.378986	11.562997	11.125385	9.913250	7.029720	12.417663	5.187404	5.394214	20.459111	12.864257	22.079279	14.700919	13.292852	14.961839	20.658397	10.637527	6.913962	13.714463	14.875739	5.363843	10.582814	8.406432	7.174658	5.961645	13.617288	7.265756	18.803032	11.803151	8.787150	24.634346	18.798620	8.557904	19.414175	22.299642	19.866767	12.929583	13.250070	17.312078	9.744874	15.084449	20.457893	11.361810	12.334677	14.302294	5.426802	19.446435	23.770298	20.782071	21.766256	20.589218	21.071679	12.035148	22.516004	18.567989	24.297399	9.590234	23.759210	20.018634	15.593057	10.565654	11.558398	22.211270	6.056069	12.750177	5.590384	17.999297	14.985117	10.946942	15.802294	20.214916	16.774034	12.584773	20.254566
16.024851	16.900802	13.664622	19.842294	23.310323	7.097324	24.703030	12.164320	22.633468	20.377525	20.375305	12.234930	17.740410	19.550206	7.828023	18.997140	12.441221	8.337190	9.903985	22.829397	15.410068	8.151169	24.690728	7.507802	10.870621	20.316574	9.508271	16.457654	5.607094	20.483264	5.354781	22.030972	14.772465	21.655441	11.577317	17.446526	15.876908	17.032015	16.178356	12.265658	23.394043	9.467416	8.640502	6.840002	13.931087	21.470482	7.857963	20.970443	13.940608	7.655091	14.947167	24.548515	15.510407	9.356711	14.900528	7.247357	9.290841	13.605341	13.032038	8.524670	19.166882	10.300895	13.552854	12.743200	7.682280	15.534678	12.681728	12.590982	24.280195	24.758934	14.609275	9.058646	19.566274	20.913445	11.415444	12.512753	15.935027	15.578002	20.432097	11.697864	14.311704	24.642334
