0.000000	18.977056	7.990039	17.612761	9.348678	10.451586	10.261828	23.928772	10.568521	7.618222	12.500702	15.622657	12.892515	19.365132	5.363449	9.929160	8.727751	5.611866	6.985979	21.709387	9.887700	22.745431	20.682350	11.759406	7.696963	13.353899	10.855115	19.607485	18.524203	13.863872	22.295496	23.314232	7.903796	20.690494	11.171209	13.286062	12.986690	10.758538	12.950608	18.026484	17.562123	22.660006	10.792598	9.915909	22.872206	5.597420	6.250062	5.581081	10.122341	18.295580	5.134376	11.043989	9.126318	16.727834	17.655461	21.961392	17.553940	9.759447	5.690176	13.313537	18.822752	9.574728	10.453136	17.881904	21.977516	16.742783	22.886129	8.855326	10.971541	18.934352	17.338002	6.139860	15.140863	7.000907	13.109471	20.856698	6.025053	9.830837	23.769596	15.285786	22.426651	19.920217
8.003304	0.000000	24.129402	8.152532	9.349679	11.101463	9.750386	14.859100	16.952460	22.242953	10.518088	20.464888	6.991847	20.471635	13.331892	14.547257	11.718835	14.791944	16.770845	23.464025	23.525229	24.316145	16.354493	8.404980	11.077364	16.339249	21.727084	16.595637	7.678009	24.130704	6.339769	10.205635	16.218541	18.839665	21.027915	8.188716	12.269828	23.570760	12.983814	10.035295	20.380651	9.993112	24.035585	21.181209	10.084209	9.955193	16.320001	7.169965	16.024581	20.117432	10.633441	5.486984	24.249328	7.605316	6.058339	9.655466	8.435236	14.248896	17.664317	20.554973	10.353778	17.311826	12.250105	23.232461	23.577983	16.994595	24.098529	20.975553	18.092547	18.807732	10.505533	9.598896	23.240372	17.862796	13.724669	16.515719	6.068561	11.740884	16.642960	15.748132	17.132317	20.640131
5.593529	10.237283	0.000000	16.692291	17.962257	8.704421	13.714922	7.518365	12.260205	17.501708	23.532486	16.774982	16.926292	19.228842	11.694993	20.743284	16.437454	18.262917	19.089602	9.148870	20.685767	11.715070	19.553396	9.839723	18.676948	19.773473	12.478780	19.334798	9.282828	17.404719	21.299622	24.290528	20.896839	18.856326	8.245931	22.501498	14.111384	10.213148	4.972746	12.767739	9.767355	24.321019	4.933848	17.880786	10.985292	22.683684	16.811809	16.130659	18.509209	15.063773	17.105510	16.551644	14.797646	8.647253	7.165376	23.175060	12.874712	14.454772	13.288264	22.921904	13.777803	7.452695	14.709217	17.782723	20.043711	8.408768	11.950682	17.294202	7.550544	13.564352	19.559558	23.696668	19.294077	18.785428	21.430550	9.713071	16.162855	11.614962	22.126118	16.536085	18.512941	9.219163
17.778051	5.174378	6.376899	0.000000	8.817854	11.161841	14.212264	17.883714	11.907189	16.403660	9.822199	8.706437	18.870112	14.700505	23.919033	17.845925	11.465447	15.471877	20.030023	11.779097	8.324473	12.965336	14.115762	13.094042	7.292998	7.101823	11.987991	8.085322	13.282741	17.120479	14.307631	6.556909	16.990553	5.261485	14.407168	21.501126	18.251034	10.252692	5.922174	24.200416	4.966569	23.328417	9.515466	6.378875	16.062061	19.707898	6.871789	20.674120	20.123518	11.321942	16.985945	5.601614	21.153402	23.562017	21.902322	17.087661	6.225712	17.156532	23.190522	23.405166	5.859548	13.149355	10.248741	19.160264	17.245009	17.495968	5.417833	12.911989	12.882536	17.102635	18.982983	24.318725	15.396956	6.635063	7.037619	5.051892	18.269419	11.841181	18.875761	24.435731	22.747824	17.482630
19.983999	16.276528	20.151087	18.635449	0.000000	16.123657	8.616548	18.230914	19.600314	7.614532	19.022112	22.361613	18.981845	20.188912	23.753787	19.035872	10.577135	11.614035	18.550217	10.823418	5.189396	13.654205	10.818010	10.811292	12.917398	23.820432	18.658497	13.580716	11.481570	14.697370	21.818972	5.547551	15.761062	18.768513	6.258192	8.234665	13.648959	14.862404	5.008664	13.053859	5.227890	11.035980	19.767753	13.107055	6.763007	19.903336	7.925375	13.962942	9.752713	11.439314	6.671433	15.000693	19.103956	11.476983	18.788751	13.098400	5.364308	23.708044	13.210490	11.401763	9.317176	18.151061	14.009138	12.688321	8.171238	16.978208	21.582951	21.381266	16.457865	22.143840	18.443249	21.417761	16.811745	11.908108	21.101918	21.619133	11.800933	7.273363	15.406842	10.114379	23.499918	5.559482
5.259395	22.446687	22.273834	22.704820	17.075938	0.000000	6.523554	18.964749	8.458835	11.529456	6.314949	19.765675	19.279870	5.872947	19.123356	11.082534	11.567097	12.144426	13.080035	18.446494	19.768130	7.086387	16.136260	15.894505	21.042554	7.145292	17.010778	16.392928	14.215413	9.263253	14.585218	16.133992	18.874939	7.497129	12.811028	9.884496	21.012035	18.385648	11.920840	24.260607	11.463924	15.185441	13.312543	20.564181	22.614367	16.039817	9.369166	16.635128	10.617674	20.778432	16.586669	5.044651	21.764273	18.630443	12.071182	12.506380	17.138267	18.038409	14.944187	19.971917	13.685351	15.689936	15.192500	11.118299	14.059818	9.389863	5.067928	7.740841	5.752604	5.423269	8.515406	18.827875	22.028962	12.353827	15.860533	11.197187	22.930577	9.471778	13.208377	5.269840	23.666881	9.806035
8.041808	11.813732	18.991717	12.204731	9.895280	22.079022	0.000000	18.453109	23.379381	20.888363	20.377353	18.224303	22.037737	24.266978	9.787943	6.255855	5.665604	11.304224	11.462202	19.506708	6.343308	20.729438	23.104717	12.829925	21.989793	9.469188	16.630374	7.783940	18.498100	14.640437	18.567405	13.553647	13.784951	12.953793	19.057118	18.947594	14.739609	5.071361	22.268346	20.367316	17.172634	21.148884	9.409346	15.230650	8.718443	19.579493	15.558192	22.000476	15.051029	12.256726	23.516040	9.953577	8.477444	20.408872	13.072914	12.019437	24.153415	18.383437	5.931151	13.967153	11.093826	9.474220	7.905110	23.241893	15.983332	23.557129	13.992979	17.481739	15.771377	19.475510	5.665794	22.291828	22.722266	14.918601	6.381784	10.013708	15.203323	10.199308	5.102649	19.446416	21.087351	13.142271
17.985064	21.122852	23.198410	15.084722	8.060975	20.756287	24.426107	0.000000	20.315148	22.929424	9.488273	19.518477	11.158555	18.500716	11.015328	18.048177	12.277086	21.095135	15.698245	17.085071	13.373888	21.282527	7.576927	18.330891	17.250996	15.306591	6.253513	19.074513	18.394460	6.544651	22.378642	13.692021	9.929963	13.383556	12.433662	19.618901	21.534302	12.609381	10.236607	16.738946	11.353653	11.535230	20.290550	21.892729	18.491584	18.566509	21.728020	6.920273	5.584776	17.835255	17.863737	18.389874	23.482063	23.038834	12.253158	8.165347	15.398760	10.928690	12.536452	15.289900	21.137441	20.607308	20.836531	19.161638	13.920364	19.509893	8.698275	8.597613	10.708400	11.291190	21.382045	10.562253	9.467171	16.071717	13.242799	17.289766	21.530442	20.771192	24.175782	7.935908	7.289053	10.915600
6.454028	15.952783	14.266790	5.724540	21.675043	4.890261	24.042558	22.000518	0.000000	17.462895	22.374158	16.119873	9.122585	6.359012	15.162479	17.571192	21.590101	16.346802	22.544617	15.157190	17.123466	12.227736	13.536483	19.176240	21.357486	15.485440	5.279345	10.386850	12.478150	20.148944	21.110282	21.716312	5.804139	9.435957	5.014410	19.036119	9.692973	19.862680	17.555717	14.502473	21.137913	17.502737	7.048062	7.467128	8.088878	6.041508	12.013022	23.086742	18.406865	6.000770	8.106843	7.884953	11.310987	19.118058	11.485920	23.080256	15.794830	21.311055	8.768380	7.570404	18.944661	6.593396	15.590616	11.900096	10.488522	17.612762	7.058329	16.228609	9.877224	18.603505	20.788355	16.093579	16.262529	17.380381	15.908691	4.959714	5.458844	18.753699	7.347822	14.188714	7.776177	15.198739
20.405477	18.547473	21.655253	18.130661	9.660476	9.716140	12.048679	7.164492	10.425887	0.000000	10.977710	13.970897	10.086083	8.758956	17.332293	6.441164	8.916837	18.132286	10.103128	8.467561	24.172293	22.093589	16.690319	6.534540	23.606278	17.859676	17.042404	20.920324	9.413089	13.883954	10.491910	23.938875	8.006304	23.073023	13.229214	11.682387	21.700866	17.991601	13.877628	19.317649	22.217188	21.525040	14.186344	24.245138	13.895048	17.657650	19.516279	11.620184	6.167040	23.831643	20.607691	11.790530	15.342515	14.136655	10.288136	20.014360	16.663409	16.921335	22.104933	20.858854	10.764215	7.805046	6.296864	19.099700	12.917118	13.127486	16.876140	20.195554	22.745211	9.985266	21.842864	14.519808	17.761273	20.090249	5.237583	21.060814	13.541229	14.758648	17.598251	5.260803	17.183103	10.995746
15.978127	7.946965	22.990278	6.963366	13.547403	22.669168	12.754131	7.449921	23.753252	12.985590	0.000000	9.262934	17.379793	17.785297	10.816171	18.194615	10.377053	12.421486	11.652831	13.701319	7.837735	22.724394	15.884591	17.261559	24.370298	6.474995	18.256352	12.001623	15.689657	15.916445	18.186730	6.956517	23.615257	5.960424	10.042928	15.212765	17.304431	18.904013	14.637906	15.980911	5.762927	15.872202	10.854827	6.225910	11.988367	14.350314	13.680409	7.218315	7.341080	13.069225	10.990262	15.785479	15.827078	8.566391	16.147669	16.678599	21.033359	6.964572	5.919025	15.415486	22.810277	17.368664	22.528717	15.973871	7.391696	6.301468	13.922824	20.089283	19.267846	23.675189	4.961556	16.031583	7.205948	14.786377	8.500050	21.660050	14.744588	15.796351	9.553830	14.028656	14.043579	7.200086
23.103629	10.052657	8.097944	13.163289	20.873617	8.300083	10.472262	22.205526	21.015482	6.800383	19.195108	0.000000	22.009341	6.253564	11.768516	15.176196	17.763099	5.161031	9.003525	23.302111	16.211728	11.837356	20.710779	12.571620	8.490666	15.529341	7.563692	5.884196	21.977481	21.621168	13.630116	21.060025	13.186937	16.494144	11.687738	19.707618	7.119439	13.513600	15.412629	19.775587	22.985260	9.805752	20.168167	8.126249	7.728242	16.418226	24.097964	22.175332	9.869991	11.611960	17.808325	6.037872	15.861052	13.462924	8.708354	5.354324	19.323829	15.078517	11.584099	7.479130	7.744246	23.035284	23.558014	21.004694	22.533528	15.142177	7.100268	17.537528	16.183525	21.410497	24.399626	15.180922	23.455121	9.574929	16.396591	10.528732	18.622028	9.032498	21.449781	14.049776	8.607511	20.517372
5.103791	18.201632	18.491346	6.437623	20.011524	7.825064	4.927981	24.340540	11.187780	12.596374	7.990041	8.094469	0.000000	8.161598	22.916667	23.179463	5.431777	7.994717	15.393755	21.290871	9.142253	23.272138	8.674222	6.880593	8.209618	20.040690	14.234892	17.354954	19.733803	21.996486	5.098149	16.937865	8.193354	24.020075	12.774204	23.590775	16.730169	12.267187	17.806675	6.902506	15.240581	21.131416	15.892294	7.072307	13.075310	8.889259	12.905534	12.565684	17.820461	12.005381	10.996446	10.148833	18.343434	8.230295	5.323164	22.362579	19.506792	14.206092	21.765664	20.572701	14.250188	8.693530	14.805834	21.999212	16.071449	24.219847	5.338779	12.866905	24.425581	17.819318	5.335031	11.177414	4.909078	11.634514	18.270606	19.388575	17.919119	6.493216	16.443277	6.944275	14.083989	20.255777
8.014608	18.818272	19.812428	11.229908	8.077132	21.383134	19.025469	21.585177	22.090255	18.105999	8.570204	11.653586	17.594917	0.000000	18.065661	13.211057	22.962181	20.748075	7.977246	16.048549	21.775642	23.576685	21.538518	9.749765	13.378816	21.821573	14.956982	6.877635	21.549878	21.141723	14.332925	12.178012	11.235743	16.441025	23.943865	7.566571	10.653768	9.733195	13.254341	8.959957	19.049437	20.686491	8.317672	19.219040	12.155223	9.489654	22.685972	9.225334	14.412676	7.653057	5.174992	13.806059	22.976912	10.383262	6.575005	7.407384	19.466588	23.385986	5.232171	5.581858	22.153913	9.243846	13.434235	7.510434	6.601515	10.906947	10.587880	16.208340	10.948610	11.170812	8.799284	16.488438	16.735945	7.078190	22.045188	10.928348	15.616218	9.008977	17.029746	7.621053	16.661108	22.948991
20.528774	10.816693	6.494980	19.606009	15.288268	19.646285	12.519649	20.533293	20.070126	15.172195	7.518711	7.903247	5.174914	16.182284	0.000000	15.901549	16.444957	7.215101	6.505104	7.605947	13.541642	10.572802	5.923036	5.143353	22.432278	9.722893	11.088376	5.930367	20.749089	10.858607	9.344951	7.221069	19.580019	7.220420	15.549764	9.642918	13.192762	6.476944	6.900836	16.114113	16.986930	13.071854	7.738189	7.866040	15.455084	24.424070	13.011078	9.344882	9.316850	5.497741	13.077984	16.344029	18.529827	20.958298	10.649124	12.332878	9.382574	4.982851	5.822629	22.090550	10.437057	18.550790	21.222465	17.300822	13.444726	19.084011	22.985995	13.726786	10.790402	8.938599	10.078452	20.715685	7.601724	7.335475	18.536154	16.515845	11.319653	9.750533	16.854299	7.009685	11.551444	13.828441
21.779073	22.204728	7.266234	22.200324	6.160975	19.756305	6.898365	22.272750	8.924115	20.417920	15.647101	16.934066	15.932864	10.292157	21.114270	0.000000	5.773506	22.436136	14.648150	10.499915	12.426748	23.194097	8.381037	11.428361	20.652464	20.628877	12.645747	9.427705	11.437349	16.615089	22.459269	17.361880	13.626773	23.731116	9.128412	17.891662	13.785882	11.473071	7.154614	23.319516	15.975945	7.936930	7.162725	15.578899	19.950682	21.203751	16.885665	20.872010	21.600698	16.835710	12.369744	21.078756	23.943393	24.133143	6.292299	14.138534	9.361137	9.469930	8.615716	23.727355	19.619691	12.217835	11.561263	16.786644	23.425597	8.886167	16.345009	22.914432	5.330260	22.097758	18.169962	11.771414	19.463933	5.065276	17.279129	23.674832	19.492409	17.542557	20.964310	13.024802	23.281178	6.816033
7.403675	4.975083	16.270734	17.618683	22.634780	7.870595	8.082347	22.302067	22.017746	13.179495	14.869670	11.579001	23.181693	16.865154	5.803007	17.650035	0.000000	6.071997	16.430983	14.145983	21.960248	15.670261	13.153504	9.384461	15.735270	23.913938	11.949636	24.238294	5.058258	7.853473	5.122944	22.003979	16.485133	16.810812	9.403151	16.828609	24.186116	13.003236	5.683222	8.809503	6.618096	14.689156	22.352096	17.471769	21.855652	14.119778	10.284059	9.972506	9.908386	8.333216	20.731596	21.333128	6.423130	11.366656	9.489976	24.318471	9.209575	6.829031	7.063255	17.711542	12.135234	20.844249	9.835419	5.971726	12.517060	21.606746	19.274808	7.863974	21.322266	20.786280	7.034373	19.428109	6.474246	10.812422	8.084455	22.870327	21.111062	20.767858	10.704783	7.407264	22.692088	17.533173
5.995450	5.216038	23.450684	20.660202	14.450353	12.624115	5.260896	11.939581	13.636657	9.609007	16.369154	13.421345	8.868609	16.723594	22.843420	24.095094	11.479296	0.000000	7.236428	16.957170	8.504015	5.055507	22.992914	6.862641	18.231335	5.429236	10.712024	14.549733	17.159822	12.472193	15.739370	9.305591	8.119955	7.064361	21.578404	4.945662	17.375579	12.460716	15.853748	20.848301	23.350266	6.232219	20.377771	23.774668	10.076950	20.438865	22.877471	19.826715	20.443403	22.461419	10.225838	8.725529	7.327554	8.838348	16.194027	7.182524	13.160470	13.299661	8.786286	19.303794	11.230844	7.027730	7.186916	20.048232	10.675731	19.137984	10.110170	13.158235	7.724596	19.645733	12.702662	19.838732	8.600468	22.754448	13.067520	17.148013	16.326791	6.126769	9.742269	21.529690	23.914226	9.074518
10.456881	11.471876	12.657609	9.494310	13.836747	8.044990	11.950002	17.012599	8.846364	22.688443	20.901908	22.149255	13.822201	20.469072	21.269433	13.451794	16.506904	7.508498	0.000000	22.932006	10.959166	20.585953	15.447705	24.019957	17.734573	17.780193	13.851761	7.538806	12.755816	19.077695	14.180425	6.383003	23.513458	14.251125	9.673175	14.957185	20.486673	17.005507	17.921218	22.452086	10.617391	21.873721	23.974737	12.104849	22.797067	15.897546	13.443380	13.716765	16.417132	23.918634	8.607111	10.520554	6.590467	10.547735	8.961667	17.218265	8.092866	16.054849	19.548012	14.064020	20.598486	15.374075	8.094713	7.718573	17.210034	13.986808	7.745910	20.727975	22.546920	24.177588	24.405306	8.195545	12.622729	17.726146	10.962977	15.201773	8.245215	11.645550	11.238786	6.474773	14.454123	11.397001
5.052804	7.266339	21.206733	11.740105	11.025412	12.892655	6.117978	22.812029	7.414100	11.774495	17.164987	8.704274	6.411102	18.984880	9.992078	15.640101	20.373825	16.378025	17.678045	0.000000	4.936657	24.180882	22.287514	15.471554	24.171051	11.114851	19.189217	15.132790	9.778828	19.145807	22.331756	16.446890	10.054990	6.234618	17.074107	20.035874	21.491094	20.159440	8.711295	16.955805	17.771909	19.718786	23.176342	8.428941	17.963938	18.206923	21.695018	8.526960	16.143897	17.858201	11.543688	13.165592	21.547365	17.291493	14.604219	16.857053	10.908894	21.583866	13.970206	9.751301	23.807517	7.899059	10.232622	6.083082	5.909119	5.064689	13.166474	5.760843	10.884525	11.776411	16.088869	5.655003	22.657188	17.650764	10.996033	9.156978	6.155044	12.892536	17.099400	20.669686	4.903080	16.938249
18.460914	13.587076	17.186617	19.695693	13.920236	23.847643	8.461823	22.989382	14.706544	6.309486	10.445121	7.494897	13.199571	5.304352	20.878616	17.296190	16.593087	22.891605	14.432678	5.769736	0.000000	16.846560	23.595805	7.731175	16.968937	16.978026	10.239564	19.647083	8.181847	21.534628	13.677380	12.883498	15.673440	5.031805	22.505339	12.512650	13.390544	13.383587	6.210487	15.041614	9.575107	16.634566	16.385186	24.222937	17.307906	7.611821	6.553762	14.638203	9.547837	5.795672	23.703419	6.314378	16.613121	13.273221	16.555351	24.066657	16.271141	9.060877	17.994581	20.539883	17.574821	8.754618	17.681024	20.959304	5.651143	8.706827	17.148704	11.224910	6.540539	16.586949	12.549314	9.929490	5.347789	24.210231	15.706597	9.112007	11.225532	22.106146	7.190288	20.664412	19.868273	12.695855
13.818159	17.803722	18.649468	16.758774	7.492501	18.111322	8.709570	23.969783	9.638396	10.580524	8.216464	21.852386	10.490401	8.744644	7.634987	8.717010	9.944386	6.785918	5.804377	22.710478	9.201541	0.000000	16.900881	21.926537	16.915423	17.878328	15.437285	22.755292	9.393768	23.764161	11.693066	19.462941	21.877851	10.971534	22.329098	24.261888	8.257614	5.044884	16.786812	10.609730	13.593954	6.829296	19.581504	14.895650	17.122635	6.761674	6.203065	7.373417	9.054005	16.530851	6.659814	23.106440	5.619985	6.226332	8.442979	16.333526	23.639107	11.311622	7.597643	21.870434	23.325161	10.027312	20.547116	16.797224	6.811854	22.795365	18.378465	13.424378	24.316960	9.722709	20.971673	7.973315	12.286060	15.350234	17.088223	23.919960	9.868743	10.783363	5.638728	11.844546	7.125329	7.637877
13.326607	12.038963	18.007520	10.269855	22.664764	11.583481	18.373104	22.165555	19.961280	13.620652	9.214309	14.354048	5.023137	6.400547	14.769409	6.506920	23.964095	10.393922	19.521929	6.000568	12.424284	12.113075	0.000000	8.137556	15.958161	10.813198	6.170082	18.368666	16.697019	16.917285	22.932210	20.701520	11.145026	9.958723	15.426384	9.229669	5.039848	9.706611	15.275061	21.955762	13.569548	10.719969	8.293976	11.399503	19.440945	17.615224	21.107688	20.965478	13.758802	17.717225	11.674782	16.766156	15.834509	22.507126	22.512782	24.061653	16.863240	15.611718	5.461444	15.112557	7.663802	18.722631	5.371195	8.033469	12.204691	12.384845	21.941769	7.080910	22.663538	19.422594	12.757953	5.011567	22.521696	11.257645	6.643178	15.393781	19.738938	13.601957	22.418363	16.619050	16.660930	17.711626
24.384693	14.268739	14.201076	7.912365	9.126094	7.541036	7.761154	16.591969	11.463337	9.226985	21.024160	10.854671	11.658582	17.082149	7.185728	5.771084	14.038274	8.210424	17.098146	14.974174	7.431402	7.771790	23.634908	0.000000	13.347232	12.362637	21.045686	10.500220	10.004333	24.155843	11.938975	7.436448	19.517119	6.260884	5.820771	6.235634	11.578985	15.109841	14.690663	14.692860	16.076844	8.885543	6.479703	17.081412	10.448793	19.809461	13.372810	21.239293	19.352410	21.511161	9.119367	7.361640	12.406744	6.273648	9.807139	23.144988	7.355767	14.990313	8.763102	10.714663	14.049479	17.943938	19.782056	5.771871	16.054704	12.044826	24.399753	8.749433	10.133843	24.044771	12.005735	8.907052	5.868765	17.715686	14.290954	22.582102	14.212644	12.740067	21.650765	21.083889	11.403561	6.466180
19.742503	15.134948	18.992297	23.735595	7.029152	12.839060	23.417258	5.219420	18.132391	9.051471	8.913502	12.080494	21.169552	24.381933	11.093796	16.705968	15.768018	16.032018	11.586839	18.862870	20.084853	23.903544	11.945592	21.570425	0.000000	9.791667	17.376793	10.724094	15.799532	22.138188	24.405699	5.159389	24.400278	20.032946	8.294419	17.405726	10.525800	15.585013	12.556458	23.313084	15.218747	20.652037	15.796475	23.535524	9.076612	5.249987	23.967968	19.282249	8.746407	8.897062	7.360077	7.105327	21.135870	24.107115	21.907097	22.792441	9.368540	20.518165	21.211346	6.041852	17.941206	22.552435	5.146638	13.367223	20.479416	6.708491	6.425832	18.588005	22.375782	10.680495	10.641667	11.330406	5.341092	20.898078	13.635608	22.330094	20.188445	17.752581	23.671327	17.373370	5.094313	11.362021
20.125783	23.581054	19.644125	8.287430	20.545339	19.060229	23.468762	11.695966	10.668004	22.505960	9.273687	14.903916	14.460958	12.158684	13.302362	21.920419	13.270980	7.615889	15.193000	7.141254	13.437628	5.497547	15.817252	9.715519	10.228758	0.000000	23.410922	9.680078	5.425312	7.069735	18.156995	21.744048	12.060644	20.083058	14.689654	12.047952	12.088912	12.383866	22.073850	18.810091	13.411099	17.003643	20.403999	20.608632	14.685420	10.561993	11.715306	20.303473	17.557347	7.989402	14.341998	19.123401	21.895674	8.853927	12.755423	9.218051	7.425512	13.638614	17.053728	8.474689	22.485735	9.684016	23.503216	9.474864	16.565541	14.064069	10.631667	14.553751	24.259587	17.589330	20.938921	24.386868	9.965689	7.063194	17.189952	10.084741	16.697625	19.684723	14.569172	4.907173	12.501204	14.256976
7.147268	20.102845	9.078137	20.543967	22.341424	24.025798	24.303183	18.485561	9.371980	10.761741	16.600079	14.038666	9.222461	8.123208	11.710518	20.331598	21.475138	15.525614	11.316876	8.284041	5.363225	15.628528	21.460161	23.098984	14.076732	7.799027	0.000000	13.358512	15.488786	10.727821	6.558055	9.915228	23.966125	21.765895	12.083251	20.707595	20.934817	12.292023	11.560784	12.295195	17.223727	7.094516	21.750656	7.485628	22.738426	12.823863	17.967779	15.983161	21.513783	16.356779	11.961037	10.018295	11.243942	21.744516	8.599675	7.995695	9.856767	16.719041	7.667866	10.529459	22.716866	23.957520	7.022894	20.883525	7.426335	12.922747	18.662453	12.929518	14.078783	14.845909	22.178454	12.481883	13.531736	20.997644	11.834900	7.177519	21.286280	13.907757	21.526554	6.243034	22.366949	8.107742
8.075911	9.059439	22.397517	10.793403	16.469054	18.437858	11.570039	8.058672	21.093413	16.356445	13.704790	5.901424	20.694590	10.562744	5.492049	17.710361	19.136227	13.664252	19.568243	7.068793	13.742481	7.975566	6.210166	19.226519	10.801325	10.546540	13.302489	0.000000	21.695624	17.271535	23.572364	19.613075	19.661408	16.467746	8.713752	19.558206	14.583415	9.671786	21.784561	17.074449	17.867327	23.489032	18.241087	13.351824	11.906810	11.204633	22.840602	23.292192	4.989293	14.788732	24.028778	14.876964	21.576988	19.037956	13.102046	7.127564	11.827436	8.051892	10.822816	19.413045	16.798721	9.705800	11.036664	21.997672	11.569727	22.898588	18.175383	13.249106	9.526412	9.028630	11.725501	6.889653	24.314656	5.240450	5.319563	17.135689	13.601761	6.148097	6.562936	21.310391	23.122358	21.981536
14.340850	23.143828	14.896176	22.560562	13.995843	15.560350	8.741284	10.101286	7.935587	20.682968	8.814397	17.065547	16.345196	20.923615	20.753670	19.315955	22.027614	9.030799	8.674048	18.593209	13.408442	21.332328	13.219488	13.057943	19.956083	12.188124	4.915056	17.700199	0.000000	6.889402	15.482761	22.535187	23.632740	18.135926	17.858387	9.986722	21.755770	23.630868	14.795820	8.785286	10.221212	10.594721	12.164613	17.710356	21.638325	23.153295	11.666667	8.291229	21.748242	18.548155	11.853462	18.044097	17.755130	10.394544	14.089025	7.476370	10.112178	5.695892	11.242252	19.674692	12.241280	18.368261	5.853223	9.274619	14.965838	13.903461	7.235200	15.310414	22.382937	18.915001	13.397404	23.687834	8.666267	7.657815	12.258597	9.831000	12.384064	7.273453	21.758978	19.743531	23.133541	10.005630
21.402287	13.761352	19.954035	22.802080	9.792841	18.880793	21.811165	14.290639	15.552626	15.269624	14.263234	21.610569	17.935291	23.359451	8.673522	13.703892	21.293132	12.783697	22.472520	18.609992	10.847771	23.165446	8.835277	22.206671	23.406216	13.488363	8.542250	15.752531	20.842130	0.000000	16.716360	23.616861	12.954594	13.138325	15.451062	14.688729	15.303359	6.581965	20.084153	7.009115	9.684972	19.094194	15.256222	12.307457	13.545389	7.151205	12.438451	22.268683	8.745883	5.915854	7.766408	21.670961	22.239245	8.033471	18.099573	11.788015	17.832070	6.821092	12.006932	22.087386	13.508940	18.631667	9.642199	20.107718	6.219636	22.150674	15.761487	21.014159	16.850128	13.603436	15.632262	13.864325	21.664062	22.946770	13.459707	9.397051	9.893424	18.134472	23.662890	10.868416	24.188674	17.467504
14.231535	5.439169	14.878070	21.764132	8.907329	24.122216	18.865893	8.702275	20.938481	13.791995	16.002734	7.340256	19.023968	12.771242	15.689207	8.312826	16.248131	4.905850	17.163912	12.540392	16.356174	20.129902	15.218269	15.019956	13.289456	18.780956	19.156051	9.749943	23.387873	10.898392	0.000000	8.463213	14.788186	8.340202	21.185782	14.176805	22.535708	12.172927	12.936324	19.547155	15.317373	10.485486	15.243052	12.961555	16.535229	7.560725	15.162466	23.583664	18.477749	24.251227	21.704367	21.736183	23.794338	17.984074	23.618884	9.774957	21.955251	21.102364	24.363872	21.126532	16.025568	15.404476	16.676045	15.265099	21.373509	6.648309	17.504367	17.018239	13.002322	14.690476	21.612265	9.013201	12.771162	14.690381	17.079758	7.462780	7.139963	18.016669	11.286626	11.156011	9.689731	9.388897
24.334252	6.400259	6.287574	18.394756	21.096043	17.675928	23.135791	6.741161	21.351496	16.536798	15.111783	5.624480	22.295943	22.827506	18.839557	9.258049	10.413425	14.919605	20.681094	13.284897	17.853271	16.679378	22.936567	23.709558	6.631142	13.927674	20.329005	23.717312	23.755789	15.296406	20.634270	0.000000	16.124758	15.237992	21.332067	9.504702	12.554441	16.436834	12.197274	9.722249	7.601034	14.933450	17.749524	23.816721	7.116050	18.052308	21.897907	9.427604	19.874629	6.941528	5.116274	7.101524	17.917370	6.620088	12.090771	22.280108	6.058332	6.618482	11.354808	21.010130	16.391880	22.802649	12.092362	18.024613	13.844789	17.755679	13.822671	6.894576	14.885771	20.538479	18.400379	10.965358	23.080975	9.123789	13.769222	21.427851	20.754492	14.145391	16.340734	24.259916	5.541149	15.146390
23.681555	10.309637	23.059841	11.741837	15.577103	19.187790	6.776392	21.173911	12.192584	18.809537	7.284173	21.613271	18.849276	21.176062	20.072281	7.329451	12.811470	15.200854	14.178553	11.209422	13.345238	7.100880	23.833841	22.730150	21.970710	10.925298	21.058014	14.990961	12.697175	23.815862	5.383582	18.178862	0.000000	22.989123	7.156695	5.217075	10.414498	17.138180	13.811048	10.554524	22.953106	15.702042	14.429263	8.436505	14.452013	5.561421	21.270417	6.636434	21.815484	20.074092	5.449395	19.404333	8.044915	18.415661	5.811770	14.917800	9.232528	20.159817	17.054338	7.260972	7.374004	19.489349	18.975423	7.374983	8.404044	23.729573	8.197076	11.281836	20.116807	10.083594	5.530611	5.999402	13.461618	21.886050	17.970146	22.754113	10.992308	7.916941	13.904395	23.650844	22.290243	12.314170
11.891423	23.362691	22.657263	11.659563	16.488427	12.963900	9.671509	17.018678	8.238597	13.252595	12.638676	18.538697	8.553696	8.105447	23.605796	14.251804	5.538862	24.343974	16.162728	12.034972	7.075392	22.767923	24.274771	24.181757	16.795902	16.984138	21.508796	22.218328	9.864674	22.530320	22.724514	15.829387	8.138451	0.000000	8.585437	6.443394	10.881685	8.526296	13.384141	12.465080	14.619482	18.709973	23.506675	5.613898	9.199063	10.674671	7.262598	15.693575	12.607947	11.301220	23.924918	23.413141	11.973924	15.333413	17.464882	22.989385	6.420640	11.776801	21.302530	21.406853	9.008779	22.227332	24.274494	14.807505	16.548599	14.133900	15.714295	18.234407	7.396369	14.572430	19.807595	19.485399	4.898209	7.605005	18.370751	14.976430	8.346431	23.703120	7.024280	6.319295	12.745612	10.996654
5.770147	19.900455	10.555703	12.237907	19.965744	17.872391	20.787940	13.884393	19.360010	18.304594	7.799122	21.472871	13.619689	12.148364	15.713762	19.523967	16.232902	12.025525	10.805317	21.029933	18.227256	6.591059	7.812929	7.013578	6.735900	18.280154	21.562337	20.006593	21.363401	8.274703	16.029151	17.568015	10.047012	8.080884	0.000000	13.991753	23.369604	19.597861	17.297439	15.716264	21.971993	15.597945	18.755763	17.148783	9.431075	22.359397	20.959120	22.767338	10.886034	9.583795	23.253429	21.639196	10.744962	5.966013	16.901809	20.352430	8.361125	7.070123	21.807339	17.551619	6.744357	8.889022	18.832953	20.818303	16.333346	9.621717	7.893285	19.474879	19.753854	15.202041	14.334340	14.447692	11.495354	6.619921	7.277049	19.345350	21.855665	23.840027	17.325388	5.785372	14.547964	8.729810
12.132844	23.368087	7.670162	15.998567	15.559296	9.239167	16.327587	13.828587	13.141753	18.892878	10.783308	7.330050	10.256208	22.486427	23.126305	18.282968	8.836493	9.646004	20.376002	11.348958	23.418643	18.561159	11.017363	13.256957	18.825955	22.947409	8.288736	20.723011	12.718864	9.581904	24.175871	20.553680	16.315365	7.010150	9.722763	0.000000	20.851719	22.648337	9.692343	17.680143	9.015238	13.866798	7.386244	19.359605	16.055926	20.550806	12.137960	9.066660	18.578340	10.728216	11.863570	11.882586	23.935398	15.177527	19.199888	14.772870	17.575348	22.924058	6.091311	15.786220	9.179605	18.857285	14.048780	16.314858	23.868815	18.581241	21.050642	22.192694	8.913278	20.466932	10.204328	21.800036	8.254595	19.944747	17.076871	18.714740	13.925710	22.769989	5.655946	21.416410	19.150327	12.939779
21.477961	19.295847	9.558079	23.261348	23.072400	23.429230	16.646916	13.127878	13.707519	17.661215	21.431349	10.422123	18.642757	7.491196	17.247330	7.475255	5.298867	16.650738	22.346615	22.705440	19.184066	4.926354	10.268341	22.393343	8.692560	12.483160	20.669889	6.060461	22.298517	6.479744	5.884685	20.448516	7.304208	12.375977	20.625468	6.560733	0.000000	5.429745	16.056423	19.914049	14.286942	5.076340	14.196569	5.111966	8.386290	15.261848	6.591194	20.966279	16.382076	10.230539	9.504031	6.656606	18.033984	13.835979	19.305461	19.957834	24.022496	15.976854	22.556539	20.836447	10.115734	5.098406	23.615263	11.445300	16.536629	21.072043	21.117186	21.479417	12.201298	15.751376	5.492560	18.457897	7.201435	15.075184	9.148323	23.572842	5.385214	13.139374	21.969229	23.096451	18.253523	6.980491
11.980076	14.615534	14.107857	5.694729	20.808806	10.170948	18.773094	18.941524	14.947641	17.439652	13.540462	10.973181	19.528325	5.484897	16.056751	13.057821	14.859403	23.672616	5.227345	21.969631	7.044018	20.012780	9.262053	10.732721	15.352765	4.973456	13.815610	18.072959	14.818731	12.822193	14.373670	21.792936	16.408104	12.749138	22.486335	12.395178	15.878546	0.000000	9.801241	22.015361	24.426720	22.205305	8.655214	6.718012	15.969134	8.140200	20.792130	12.158122	24.041298	6.432513	16.009242	14.477370	13.931119	12.627733	5.388211	5.064481	14.134005	12.958956	17.467437	8.952952	14.427575	16.597338	20.635520	19.752005	23.591108	10.377065	23.408801	20.491419	5.363209	17.383564	23.976963	5.067505	9.938493	18.244082	20.598944	18.806195	19.073755	17.980500	18.881778	6.981780	18.808603	10.497738
6.991651	16.569241	20.108283	15.657091	20.261992	14.517421	22.939517	22.446443	15.397964	6.641984	12.897657	17.360512	15.448708	12.860354	14.398508	9.516863	21.186418	8.136708	21.567473	6.740658	16.545175	23.532034	9.877743	15.432354	8.893314	5.093292	12.539526	16.925902	18.818155	9.299327	20.650343	6.933458	16.024503	22.446210	13.174450	18.555798	19.285746	19.752268	0.000000	17.941771	19.390077	17.138188	13.710817	6.388216	19.921421	20.693027	15.341915	22.036919	15.559060	24.243663	9.336925	20.503975	18.256034	22.163094	20.480111	13.831263	12.290570	9.966761	6.642759	18.662937	5.808001	9.041703	11.739881	10.466353	15.878480	14.473010	12.963675	12.320244	8.561928	22.815338	20.656061	8.188331	17.720885	14.076496	14.479133	15.353402	5.513074	9.466993	12.753514	15.693340	23.749139	20.281766
14.816479	7.598431	5.167314	21.324692	16.385975	21.851476	6.925315	20.332920	5.157051	16.658466	18.959194	7.610444	19.368514	23.986666	13.006077	17.344770	13.009925	13.817992	5.374529	8.418329	21.324973	15.663162	17.408332	21.810532	14.199445	8.694192	18.381230	9.808036	20.251517	16.698145	15.073424	7.092986	19.368948	21.674847	10.014386	17.026941	11.178545	14.356159	10.354762	0.000000	5.476011	19.692015	11.090327	8.144324	19.770402	17.499723	20.811207	15.901060	17.430714	18.703133	8.973001	7.718449	12.662155	11.995971	5.944120	7.571625	5.726182	20.350486	20.443691	16.186790	8.720712	6.028910	21.342667	15.956415	6.155934	10.524437	15.819057	24.040786	16.146097	13.838112	5.520617	18.404450	11.003947	6.506049	7.302092	16.432521	17.263386	12.664113	17.495098	19.824259	21.848742	5.157483
7.499313	19.625825	11.950670	20.173752	6.373177	4.963263	11.728341	10.189861	15.994157	10.264778	7.605333	10.742523	20.959445	17.883225	7.930463	5.174114	17.316810	6.979041	20.901769	20.386653	5.396140	8.632874	24.083425	16.956459	6.049560	12.048794	10.325142	10.974599	11.073315	16.859868	15.608789	11.121268	19.527373	13.822164	8.218687	15.071397	21.041766	8.943741	13.281413	22.486500	0.000000	19.942714	22.494045	15.215095	6.885041	24.005732	11.081358	7.698616	9.253722	20.962725	23.514812	18.310162	14.478884	17.250211	16.899863	16.484041	15.901089	24.348235	7.992073	22.612244	10.622851	15.207389	24.086174	11.590055	8.938701	7.506427	22.784804	24.224231	6.716759	7.309982	19.933631	7.609025	17.320578	16.402391	9.607304	22.823646	7.587440	12.795422	9.431132	7.588354	20.452534	5.861138
13.438462	13.986956	17.463077	18.456970	15.184700	12.957355	10.044495	12.370633	6.809314	20.000452	24.374286	13.180682	13.777011	14.470293	20.330753	22.537710	21.222830	23.884411	23.633594	20.362050	17.182984	10.816179	13.612118	6.002463	23.012992	19.105452	8.408908	14.310874	6.412207	15.711415	11.829633	23.809096	10.812888	11.903227	13.802228	24.160635	10.287474	9.866753	5.785874	22.093782	8.936022	0.000000	5.579569	8.896008	6.996441	14.540235	15.981401	5.882117	20.948495	16.093154	9.100992	6.962538	13.334433	14.256850	20.726784	12.949907	15.852716	7.463155	18.368147	23.811523	15.769700	9.161172	16.720602	8.603482	16.358563	23.476696	13.213918	23.891604	20.547194	18.619893	16.409888	11.000756	14.126808	18.266753	17.845746	16.782120	17.410445	21.320910	6.317820	22.080934	8.839257	7.303026
7.378530	6.359234	10.161833	19.034269	20.259690	18.399696	15.194411	5.924952	16.592673	16.557669	24.426351	21.474110	14.716099	18.521461	8.408859	13.198932	5.284361	5.630496	14.001605	22.757496	16.561087	20.043839	6.935025	5.294281	23.231514	9.696232	18.506407	7.538693	15.231019	13.910452	20.260719	23.833112	13.868612	10.690290	20.398390	23.652770	8.111051	16.046788	6.553598	17.206642	14.701985	7.824091	0.000000	18.551546	5.360215	12.169575	18.342326	13.745712	15.708133	5.114274	5.940845	5.556255	23.081598	23.930494	12.697443	21.812714	15.748354	17.180945	9.062013	20.047785	10.181211	14.842644	15.727554	16.551096	19.216538	5.817320	16.240065	19.659882	24.049921	17.731141	6.556432	13.349479	9.341453	18.436290	5.231648	10.919747	20.422504	15.596177	7.160068	11.737513	23.908688	9.689385
6.835619	14.909134	8.041009	15.159807	21.271734	19.838658	21.432072	17.010066	18.679243	6.539619	18.447424	5.301760	22.467150	13.612384	14.316120	12.897378	20.971461	17.970289	18.943592	11.620129	13.641273	16.610686	17.587730	16.443465	4.898023	15.613334	14.906499	15.326403	8.270766	11.698668	21.788763	22.862930	8.067055	21.721040	13.512993	11.161646	20.759025	20.554926	17.809941	8.706033	9.832300	6.135174	23.487894	0.000000	15.097057	13.150705	18.588683	19.662674	20.419524	8.751303	11.986661	17.996505	8.077129	10.720399	10.459785	14.382644	13.273596	22.351148	7.932763	15.855217	16.915115	20.726843	21.873942	11.909146	5.923220	16.168450	4.943039	15.617707	5.977618	7.085000	6.835595	9.592980	5.698605	16.469691	16.331984	14.661202	9.447143	7.068038	4.898268	14.257109	11.698441	7.423466
8.749004	19.179415	7.509608	7.178719	9.715368	18.113125	6.809092	21.442043	10.590198	8.629357	13.467215	8.353272	6.747889	12.209433	9.750328	23.290731	20.429935	11.879624	10.229390	11.363970	12.022580	15.069387	23.025453	21.998694	12.713192	20.769297	24.094105	14.224306	20.382082	14.230506	12.149515	7.917307	11.354508	23.329205	7.259785	7.363725	18.172273	19.340694	5.548089	21.688554	17.737051	17.365340	13.437758	23.302385	0.000000	11.239489	15.252193	10.574947	20.277239	15.252306	5.980625	17.838288	19.129487	18.767680	19.938560	9.588838	12.727322	7.732593	18.596484	24.235365	21.393320	5.937886	17.371333	11.153800	15.590806	16.524777	14.574930	15.271259	14.290138	8.640414	5.869771	7.161347	19.224330	9.668571	19.982667	5.227249	5.535905	23.543467	14.420348	22.322711	7.919470	9.870984
22.394552	11.662688	10.136473	15.367957	15.565782	16.068018	17.862537	8.556738	22.927193	6.885629	18.757867	20.671880	5.106678	20.164529	18.917639	5.517309	13.643652	11.543513	15.418174	11.322272	17.491482	7.899660	22.616195	11.161877	5.926487	20.893764	9.038630	10.021424	21.973341	9.002541	15.914436	5.613495	8.871218	9.747985	11.061253	23.019662	13.968001	17.615854	19.467397	20.496741	10.900980	19.713545	15.989378	19.958258	19.345243	0.000000	20.621511	12.393612	23.032092	16.059785	21.145028	15.175617	19.093626	24.124731	20.763101	18.563858	13.678362	8.346250	7.333397	23.925065	19.834244	10.008266	12.459474	21.180099	18.670980	22.268208	20.431694	13.142166	6.528167	9.063730	15.899213	7.371737	18.413930	8.844517	20.774988	23.992189	5.333061	12.072892	7.992072	24.112618	16.506853	6.429628
24.169392	22.162538	8.490709	24.105355	21.218901	20.422104	20.637292	22.244546	18.978367	6.132630	5.711876	20.386909	7.919292	19.814209	14.198018	12.298012	9.009923	6.397095	5.049989	17.350014	7.450922	13.930907	10.003996	11.307796	19.374786	6.419818	13.870512	10.306325	14.084032	12.298831	5.845032	20.238288	11.970764	5.346447	19.991518	13.475062	6.373998	11.401033	24.012432	12.821159	15.293273	5.355310	6.768188	11.733260	5.609786	21.886089	0.000000	7.615350	8.616898	5.090804	15.834730	21.804114	9.862070	8.589634	10.972810	15.715498	20.444386	13.701631	14.748537	22.720817	19.381661	13.456297	5.352952	20.395249	11.839981	22.017029	10.682631	17.082118	20.989153	12.928986	8.846006	5.686002	19.560655	8.746050	21.649502	10.537403	15.722081	6.134180	10.958847	10.968669	5.756747	10.219842
13.410599	23.593559	12.028802	18.837624	12.457375	17.793649	9.203708	19.291880	11.627152	7.502014	5.821726	10.638404	5.746541	17.895089	17.279693	9.779551	19.462690	20.938773	20.656122	9.827788	23.317344	5.367411	20.512431	10.908952	16.995998	18.548607	18.178808	22.466301	18.634103	13.233392	6.222622	14.449460	9.933372	24.371665	19.437730	24.041266	22.808132	10.914427	23.939110	20.697840	11.413887	6.378950	8.552722	16.243687	8.245973	5.994457	17.804043	0.000000	11.296644	7.411144	19.663450	17.650990	13.555287	17.859728	11.825152	13.411389	24.017220	14.941089	16.823475	12.026450	10.676859	8.606858	7.976160	14.779553	12.520262	17.810312	5.773567	14.072300	7.069304	14.658668	19.611335	5.889883	7.789767	16.908431	13.238610	22.237206	23.212601	9.506484	5.012904	9.567979	16.274405	5.337366
12.264707	21.073326	13.360083	17.344904	7.213200	10.188484	13.799531	23.073434	18.135066	20.564874	13.225964	11.708474	15.289097	16.575985	17.904575	7.516790	7.943882	14.001472	20.134918	14.559453	15.895615	18.495363	11.827827	19.228911	13.506210	16.548724	10.156173	24.302722	12.682262	24.276786	19.834094	17.718342	10.988690	20.870272	20.705833	18.433016	16.880366	14.902941	21.669454	21.801264	22.802043	14.455326	11.239422	17.620576	18.342847	6.021212	5.735572	18.288077	0.000000	8.595187	17.243299	19.821967	16.546941	11.912052	11.304311	20.190322	9.946329	5.037712	10.785753	15.868516	15.223534	17.944848	23.503410	18.230479	9.367053	11.986517	15.771833	24.254157	17.992759	11.480327	21.266356	15.202587	8.741351	21.719095	17.262564	13.814306	22.546254	24.035882	12.250301	10.562066	9.334588	11.931908
5.165976	21.919537	12.452970	14.377765	23.014481	14.575313	11.134650	16.494862	20.569097	6.253935	20.148818	19.618792	8.544871	16.585317	13.117493	15.899845	11.604937	9.069104	16.128196	9.136223	20.802737	13.880538	22.728547	14.352970	19.686710	15.097761	15.134984	6.192899	18.919601	16.845246	22.219127	17.414589	16.003777	7.161454	19.641511	8.347185	6.411951	6.313951	17.465178	13.315985	19.317843	11.081784	13.857326	16.146935	15.563526	15.888994	19.579653	8.493372	19.548695	0.000000	17.846624	23.498654	9.055746	24.063257	18.043742	23.733407	22.660145	15.985072	17.951034	13.541842	19.533953	12.124669	5.322904	16.552140	16.229575	14.995029	13.330290	15.243461	10.536895	23.005857	11.614302	20.391616	9.345832	14.150653	11.018803	16.230718	15.870079	19.388360	8.527128	12.434123	23.993686	18.935221
13.388198	19.249366	10.286152	13.463320	15.265260	23.310355	15.400752	16.873510	18.806478	12.599924	23.126125	22.165110	6.123442	11.965365	9.507309	5.211816	20.545360	14.044117	23.669372	22.654178	9.454435	22.791649	11.548791	18.297479	5.533348	10.375397	12.095011	16.196662	24.361713	11.263746	22.180433	9.421021	21.099774	15.127085	16.890600	22.983596	17.549997	19.734289	15.968943	10.296157	12.543090	13.123678	19.445296	10.559183	18.141329	15.451466	12.830971	21.373538	21.368775	12.636087	0.000000	17.526030	16.889362	23.948386	13.784827	8.847501	22.215645	9.787671	7.699370	19.025155	11.881614	9.403600	16.548615	10.592782	12.340066	6.615770	21.472317	16.480605	20.715552	14.219729	9.708108	6.905170	6.155761	7.867558	15.869665	5.233539	16.396017	15.123111	14.966359	14.836213	9.303559	8.096330
18.822356	5.454510	22.975514	17.832108	13.844518	16.802579	8.541270	15.664751	6.026392	12.009048	22.462522	20.613420	21.130763	7.062913	16.500359	23.772575	15.618632	19.021052	7.147853	20.836680	14.066786	16.980687	12.242912	15.899738	7.661553	12.574826	20.615049	21.376105	8.805927	7.868813	19.919177	18.955226	6.883697	13.036409	11.393503	14.622096	17.032499	17.994584	21.070717	5.149332	11.898586	23.596764	20.498607	16.234536	16.808668	20.999673	8.276777	15.443007	6.986842	20.985230	15.050049	0.000000	5.874511	19.615480	24.040068	7.934864	13.553227	10.505724	16.320284	15.092795	10.115741	10.714801	6.186831	14.805796	8.074440	14.710847	9.459732	15.553499	18.746486	21.488334	5.700620	8.856401	12.687036	22.452763	19.356852	13.397678	9.264399	5.300699	7.820532	14.376893	22.977893	14.317669
9.078946	22.363567	6.753774	23.534341	15.054286	13.185882	24.235523	8.405355	23.104780	5.103879	12.588249	20.188835	20.984349	22.433902	8.615819	6.317659	18.761322	16.144393	7.006220	21.421625	12.337954	18.330126	19.388149	12.327294	15.432731	8.260297	20.748385	8.526933	13.397060	20.832550	12.714223	15.609790	8.348795	9.218978	12.250405	16.881237	6.846790	11.533721	16.205350	7.122799	23.911732	14.837693	11.973027	9.154883	14.346378	14.804558	5.760816	23.877724	12.387293	12.478101	6.090878	15.568741	0.000000	9.512106	9.570480	8.836441	18.959330	21.469475	9.865453	6.996093	15.895693	16.546433	20.304000	15.356981	14.743014	19.640632	12.590882	16.477265	6.553391	10.330618	11.086760	18.501549	18.973770	22.334750	13.344960	9.322243	18.482415	18.176998	15.874669	14.197434	19.114602	22.252887
16.632232	20.385983	8.239118	7.447789	9.788088	8.917451	18.643510	10.217215	12.025944	8.801409	22.840575	22.560468	19.789927	8.311316	7.020553	18.789653	22.324208	6.512360	7.582925	15.073827	16.518204	17.129176	18.840435	21.212414	21.071286	11.741071	9.913964	13.617245	23.241682	21.355299	4.891972	20.971883	21.801329	21.164444	9.773515	10.506162	9.329873	9.389169	12.277498	13.348901	22.592670	6.815623	13.050064	20.235117	15.350641	20.647669	18.974381	18.458490	16.206635	11.330287	6.345720	20.753201	11.026761	0.000000	21.803989	6.651199	19.962833	22.289708	22.930973	15.005765	21.158999	19.507370	5.335324	8.995913	7.067673	21.170610	8.727120	9.453666	10.814775	10.677940	16.414584	11.229724	18.392011	21.203165	15.356348	14.784025	18.865910	17.696368	5.693269	12.120168	10.308448	8.825658
7.178647	8.857378	11.538163	13.484116	6.037159	7.083402	9.745722	19.744394	12.851868	16.644764	15.180245	12.435843	18.021618	13.259649	18.831731	7.136183	22.628792	16.240038	18.344580	4.943734	19.386841	12.236359	16.296325	10.357224	23.157614	8.230499	23.402607	21.984149	12.117648	9.046015	9.422280	19.373632	12.769576	19.791389	13.392730	20.534850	21.819916	23.616474	9.258530	20.735337	16.616649	23.962210	17.698573	23.398670	14.076007	11.891944	21.521261	13.343902	20.834712	5.718056	14.565670	6.021899	22.064896	17.032383	0.000000	23.868462	23.202357	22.618873	20.665243	6.908657	7.055184	20.168373	19.893998	17.750786	11.299822	13.346857	21.426885	23.325104	21.863151	17.447098	13.857226	21.956600	7.371022	21.238670	22.629783	9.950351	19.537516	23.599155	16.535532	8.452067	5.599645	19.005277
20.339203	22.187150	14.904216	17.059902	14.356601	9.226728	18.520152	7.840155	9.836643	9.138994	11.880447	11.765309	6.256748	15.108732	12.240267	16.037724	8.241227	13.052841	8.788985	21.761003	11.522416	22.110584	13.598109	14.659689	17.011985	8.676725	10.329930	8.050951	13.439032	13.747231	17.732510	18.036372	6.696227	7.279888	18.302130	10.690697	21.621913	9.906657	9.446034	8.891202	19.356452	6.022656	12.005571	13.380786	24.119424	21.818822	22.285629	5.969390	7.979459	17.595372	15.955492	17.059460	18.447303	11.574129	15.193626	0.000000	11.643105	16.899472	12.056392	19.471075	16.633355	22.502288	6.047374	21.725319	21.720350	19.522124	19.864096	16.926403	23.629314	18.516165	7.670293	18.629503	5.469760	17.418903	9.875101	15.749173	16.539428	14.727115	8.746640	17.679009	17.109600	17.669801
23.893635	18.354475	9.886598	20.220139	22.061310	16.723294	17.094105	15.140294	23.677185	19.355692	22.639428	17.511053	18.986185	18.422934	21.656285	23.186523	12.644232	19.886531	6.803756	14.355371	11.101762	9.665873	10.267264	12.366930	21.048149	6.254239	6.466362	9.539327	13.830962	19.079351	20.960069	13.400412	7.952083	8.499448	19.019955	22.319435	15.626559	21.846275	19.952465	17.226473	19.185748	21.354631	6.496981	12.560701	15.713731	12.868671	15.062987	6.034472	16.431009	17.281261	23.994816	12.917929	13.922879	22.062061	17.607650	7.205147	0.000000	17.740900	19.615484	7.415232	19.023347	11.951232	10.135585	10.490069	7.799565	24.323733	16.903813	10.975780	14.958534	22.025748	16.714638	5.914974	15.118588	10.882617	12.783883	6.494374	12.671394	14.661645	20.463635	6.926465	19.782042	21.114653
22.452623	23.761918	14.067623	10.513429	4.927771	10.672369	11.137364	15.543106	19.461041	15.910555	9.810311	8.164130	17.356481	20.295927	22.644153	5.233272	11.208230	7.292357	16.312126	9.615842	7.932814	22.462920	5.760944	9.214569	17.805285	12.443198	17.305206	21.638137	8.914998	19.252322	14.027315	14.953494	22.013930	20.424401	21.516152	11.403709	14.973685	16.982281	5.994177	16.169336	18.169832	23.088644	14.384135	20.557620	20.798378	23.284498	18.637204	12.327255	22.249804	15.146415	10.503777	5.573230	11.077894	24.026110	22.267158	11.716400	8.357008	0.000000	5.282654	6.466369	23.082907	16.111331	13.836321	11.049327	13.215793	5.248012	16.698437	13.385801	18.609659	16.897611	10.645764	15.649695	5.496544	8.985550	16.089488	19.438360	12.176864	8.928934	23.376598	12.191386	6.817751	14.895833
22.772918	19.123219	5.106523	19.207545	16.925625	10.755531	20.252794	10.843659	6.873926	20.236191	21.289297	6.091572	9.610221	23.800118	17.350473	6.609077	10.357049	17.439812	14.447471	23.154737	13.882938	10.183874	9.947971	11.431231	19.167202	5.678822	20.305574	18.398217	21.207812	20.444331	9.696237	14.458028	13.713167	10.898423	10.473052	12.025858	17.595773	21.829633	12.223312	21.343779	6.584402	5.326843	16.867113	5.103767	24.308655	7.945729	6.690906	7.325277	13.365464	17.623474	11.861189	20.644906	9.110402	23.203885	11.407294	16.989861	5.888364	23.353240	0.000000	20.087005	10.263631	18.515061	6.150027	24.133420	15.341688	15.441880	22.804467	19.609420	6.233775	23.624896	9.954327	6.775575	21.474713	5.404243	17.725464	4.895836	16.923451	23.278862	16.237986	23.762492	15.655449	5.106542
13.560450	21.523194	5.858376	8.643243	6.701902	6.938673	18.667532	9.535314	11.319675	15.324204	16.288350	21.755339	8.941646	23.828559	10.406334	20.715752	15.166978	21.416596	5.180969	19.957783	9.485609	15.773684	19.449775	7.067659	15.327071	22.902108	19.870968	11.116186	6.697910	12.891836	12.467667	17.535969	15.174128	20.907830	16.821415	21.834431	5.305289	16.476753	13.206679	5.690598	8.279224	22.301989	21.734424	9.651577	21.470274	16.641061	18.992591	17.602017	18.517385	8.254726	17.684893	16.496510	16.481642	22.815520	20.437399	16.528185	5.828049	14.827010	8.545238	0.000000	13.721453	5.180295	17.619209	16.025357	14.279204	18.131795	12.409154	10.555893	14.683789	24.072603	13.300745	12.004340	7.730988	19.974668	21.616295	13.480115	5.312184	23.781954	17.517857	13.011221	12.929710	8.242160
6.062220	22.596955	19.034647	12.741284	12.166385	22.778155	10.305207	15.616668	10.494161	23.934069	6.895736	5.595712	10.839771	19.464484	18.138860	14.576245	13.588478	21.197066	5.104692	24.223752	23.068790	10.478182	6.476292	20.536708	23.954980	21.451593	23.561333	21.537179	12.995565	15.921721	8.835947	6.491499	12.543475	13.226347	17.328265	22.348146	6.583126	12.209322	4.926766	11.854072	7.822476	21.759061	10.081737	18.154683	23.781707	13.482552	14.492930	13.156361	11.114234	6.286413	16.276601	14.637142	22.463133	5.697904	14.256499	8.821753	19.716138	16.498970	8.979476	14.424459	0.000000	15.228623	6.498110	6.905537	7.648289	7.191439	14.754471	22.967835	17.511578	12.605568	21.348623	19.558528	23.942471	22.940356	17.370429	23.869883	13.222607	7.705083	14.524870	19.330573	10.256898	10.879332
23.010433	13.709406	13.559726	6.892127	5.514698	10.913557	21.383976	15.498296	22.420165	15.964533	6.500287	22.707642	20.435302	20.878995	10.557462	12.521328	14.581340	11.925123	11.832838	7.965195	15.465683	22.603195	12.327968	8.492863	15.031395	22.037700	9.396947	6.714719	6.085952	23.511065	9.649267	16.562083	8.112859	13.301032	9.531918	15.119016	19.812081	9.027496	4.927951	16.879700	15.771077	22.955991	6.104041	14.069703	11.329358	18.729108	14.609425	9.277684	13.884333	11.898069	21.142614	19.857414	19.484851	16.990767	6.503952	22.352381	24.166028	8.829379	22.199404	6.145118	15.361465	0.000000	24.309028	12.491092	22.788341	10.489281	6.880228	5.373617	17.599050	6.052425	16.963543	10.336344	7.788019	11.871667	15.658103	23.616387	9.870929	19.240494	24.290525	14.983227	10.893681	11.867463
24.189178	5.947726	20.230894	12.904842	5.589131	8.695139	18.482336	20.419456	19.178557	7.225100	19.730544	7.612526	10.126489	9.575405	10.967089	17.574446	20.261048	14.723734	10.571244	8.354370	19.526679	19.118176	12.299193	13.143381	10.565865	19.206829	15.558456	20.632617	17.223414	21.033648	17.045806	8.285481	20.149027	22.834635	23.575366	7.787398	8.185458	9.415293	16.742049	22.860306	24.303425	23.225013	21.229987	18.841061	8.226073	14.039858	17.153454	8.115149	11.071203	13.187413	9.047064	10.540192	10.804203	18.271936	10.978774	10.559290	8.225526	5.754834	11.144605	7.475892	13.469763	12.442507	0.000000	12.146963	7.144275	12.988137	11.378543	9.142485	7.848303	18.716531	7.819385	14.702183	5.910144	22.676939	18.063757	17.618448	10.979571	15.340836	21.432302	15.654199	10.270933	7.407145
22.445159	19.402700	6.223151	18.354277	14.317181	22.032397	13.545044	15.345318	22.932564	11.914419	18.436987	5.801874	20.637924	9.360525	23.402888	22.164480	22.989087	11.474392	20.145600	23.087044	14.083985	22.722770	10.398634	6.325545	18.762491	20.804144	8.754852	7.288970	21.114939	14.560430	14.532406	8.587549	21.168219	21.528162	10.392077	17.539001	17.459925	17.999746	10.070642	12.527536	5.276665	9.801835	22.192932	15.681123	11.375246	13.054100	24.098309	11.358388	8.314167	14.914464	19.595324	6.837253	19.912773	13.604332	20.509916	20.578376	6.324401	19.618449	16.068350	8.480852	15.565193	7.855768	19.621794	0.000000	17.596552	7.758400	20.411247	7.715041	19.634473	11.615986	15.237000	6.517636	15.507846	23.517446	12.856817	14.489383	16.660260	6.965946	13.358134	20.886394	17.380845	9.877845
15.660982	22.817246	23.031351	22.013702	17.688715	11.381647	20.179300	16.899509	13.614690	18.867630	7.194346	21.252954	19.438021	20.009936	21.590114	14.669206	20.589399	16.229224	7.343990	20.763928	14.017883	18.825469	21.447594	18.361798	6.982185	17.650582	16.574866	10.245972	21.832126	22.805316	22.900948	8.953716	18.392071	22.917246	16.037512	7.825676	8.330725	18.699911	23.846842	14.513665	6.659582	19.121756	9.069417	8.034201	15.775960	13.145780	6.437077	22.202753	13.879677	20.358023	9.927490	12.322266	14.013762	6.042460	16.796413	22.113116	21.211149	22.781973	22.836699	10.388426	16.578163	9.231779	24.137569	14.723689	0.000000	20.714138	6.243609	18.187105	15.416369	17.957232	11.943787	10.543568	11.457655	12.201464	19.220997	7.839343	17.275741	14.702323	14.543846	22.574217	18.053305	6.034130
13.202557	20.641944	17.379191	15.742921	13.599493	8.275764	6.181368	7.449426	10.121419	14.291723	7.545592	18.696199	14.160004	21.791187	10.398763	14.099072	7.862948	7.289420	22.249097	24.284078	14.064480	19.526595	9.989105	21.994755	17.975339	20.347859	4.957490	15.956685	15.863984	16.389239	7.896253	13.798794	23.953818	17.990382	6.383288	14.879548	12.620513	23.258871	8.067963	22.227924	18.652442	19.823064	23.835962	12.499173	15.644553	19.767476	13.707103	8.073764	13.917192	5.034582	7.479129	16.793988	21.927772	4.898882	21.757784	9.348705	12.995990	19.258279	24.135412	18.348469	23.747026	21.231189	18.251227	19.404158	6.589974	0.000000	18.066075	15.897170	22.094662	10.131520	13.929181	16.206912	19.399041	7.277208	8.750059	10.806733	15.916475	14.174664	22.046258	5.966672	6.684277	15.878242
23.945854	7.934145	23.573749	5.484465	10.260645	17.596360	12.606936	20.954147	20.269330	5.292197	5.890517	15.553229	20.698551	18.464984	19.390920	20.551624	21.767188	7.918084	24.315901	8.928123	19.463711	8.212442	23.823252	8.593690	9.126807	24.097562	21.803491	21.514947	6.391718	22.225824	10.120811	15.829649	21.455264	17.312143	15.977112	10.162870	19.872782	6.732583	15.616325	22.505994	18.556144	13.518722	24.100422	16.414526	8.922256	15.276221	17.190157	5.817691	7.497892	12.913062	6.664168	15.774324	14.626215	22.584657	10.744446	22.287079	9.873119	16.312219	11.988106	18.922299	18.930697	6.754942	21.595194	7.302821	7.309349	10.185459	0.000000	10.307814	19.511011	18.603883	6.241021	18.820426	13.745167	7.205300	9.387131	8.069415	7.699223	20.523937	17.600742	17.269249	15.215711	14.511492
13.834832	22.719248	15.345378	17.483046	16.401472	9.840576	12.075609	22.272060	23.159787	16.384705	12.390017	5.303751	21.217849	12.071070	15.853443	19.783195	7.800889	23.950264	18.709126	15.199877	6.203526	23.807625	10.408468	6.081661	5.782794	16.057844	6.825646	14.785569	12.662353	19.198612	13.706852	21.370030	5.215007	7.415698	8.434034	15.013169	11.571175	13.628397	11.855005	16.519854	18.010862	6.967776	11.739787	7.453805	20.676710	18.871615	16.421277	16.083924	7.216501	22.245094	5.367178	19.876518	21.252385	12.773939	18.982453	21.178536	23.249058	8.977694	14.516472	23.247780	19.860460	24.143073	18.563386	14.775483	7.160870	23.071313	23.355850	0.000000	19.625805	6.666732	9.573257	18.738327	19.483213	11.952957	14.542981	17.536638	5.710530	11.184874	5.101047	19.401286	18.886590	10.671153
15.817307	12.759046	7.549465	21.069579	7.714726	8.010687	17.224185	18.424183	5.498857	21.181600	21.390289	15.768624	18.185757	15.939064	6.668066	10.212159	18.498036	13.519589	21.637293	8.784616	20.015380	21.583988	20.994247	13.784462	9.930645	8.213715	6.527249	9.378723	14.736070	9.182396	21.804617	22.078894	20.359438	14.524394	18.107635	5.050966	18.453995	17.202853	13.973689	21.254605	13.210450	10.295995	16.507458	14.808528	10.847619	8.394656	5.137391	22.120195	7.445715	12.829795	19.716536	19.905283	5.870009	13.977566	13.368317	7.739608	17.756211	12.021576	5.598311	21.469263	16.838380	8.133859	11.955818	17.702894	6.773459	7.432799	22.154850	9.339565	0.000000	13.935510	14.958724	6.622390	9.875799	23.729647	5.195147	13.325599	24.170861	10.706257	4.959754	17.332982	12.368982	20.939737
8.455387	14.977221	19.484381	12.411611	8.066262	23.173547	10.064453	7.909452	8.948528	6.355718	21.750733	16.469927	9.549189	11.726135	23.267402	15.277677	18.165774	18.255228	18.953288	16.697722	6.647734	11.683468	14.713853	14.826431	17.978439	16.727109	17.305254	18.135689	5.250352	11.436958	20.363052	12.755300	17.744856	18.487919	22.776612	16.403048	19.009461	10.217367	22.379393	7.410542	11.525610	16.478750	11.859163	12.215645	10.663612	13.362706	19.806073	17.192051	22.092412	15.009816	13.018112	11.486505	8.900601	23.045734	20.860997	6.387233	11.062690	16.361066	14.118270	9.987794	9.060867	9.633312	5.001327	17.026976	14.833632	19.790898	23.991416	6.940865	8.942158	0.000000	10.606631	9.902220	15.782805	19.312729	15.162794	10.876714	21.458290	10.985250	22.589395	10.065491	23.016860	12.575099
14.097224	14.004291	18.638631	7.469259	24.268966	13.911258	16.457240	13.059074	12.518679	6.081037	18.626431	8.218982	5.969105	4.976615	15.889818	20.896735	17.606155	23.874376	21.644864	17.236475	14.780746	5.808728	5.016415	22.116516	20.542144	8.105746	8.359545	21.777505	11.615159	12.284670	15.370504	20.225050	19.809316	20.231645	7.784694	12.329736	7.519030	12.649562	7.250347	16.120122	24.437928	9.917081	7.826579	6.189753	21.571125	15.234938	23.696425	24.431723	21.404699	17.087574	10.963371	13.112056	13.844879	10.242041	7.565274	16.487430	22.174212	9.822809	8.129832	15.858711	18.297618	24.199845	8.500697	23.762317	15.978453	18.950307	21.629779	18.216577	14.046740	9.797539	0.000000	7.610898	17.791560	21.609601	24.304063	19.189888	13.758600	21.311484	9.666515	21.121244	8.456880	9.947141
11.451350	22.416856	17.575332	12.717937	15.595804	24.364973	6.068064	14.016754	16.288133	15.855462	12.824902	18.691185	18.818003	11.948748	17.936105	22.930789	15.518189	10.850174	14.631351	5.917806	6.520351	11.979144	16.292112	15.876897	13.586663	6.547023	14.924514	15.567402	13.806507	16.143029	7.054558	17.133561	4.910310	15.738176	8.201665	11.227196	21.142071	14.587943	8.434163	18.873873	18.073158	16.479856	13.016445	23.225488	6.337364	21.746035	7.438666	18.251671	22.591261	11.820130	9.246316	16.147692	21.028572	17.382164	5.160116	23.612859	23.068235	15.532217	21.361439	5.027246	18.476004	20.839710	12.065346	20.736595	16.449954	11.097283	6.938561	18.350127	22.902373	14.090065	8.006339	0.000000	8.446870	20.483543	9.570190	5.758385	15.676396	15.857810	15.815126	8.071488	10.959928	9.152664
8.900900	21.817178	16.689603	17.877856	7.624182	23.413730	21.603886	20.165193	18.326517	10.905210	11.736302	5.585467	19.770804	20.598619	19.262244	19.657690	5.822490	10.186952	20.571955	5.917482	5.830269	6.887384	9.768298	20.111566	23.000500	6.706579	20.575345	9.319387	9.331853	23.654027	9.496773	22.359992	13.205418	18.556185	21.751930	24.435259	16.273987	22.353865	9.411441	20.544249	20.495281	24.214121	16.502163	12.143093	21.737936	7.563072	20.503163	21.301244	7.077070	10.302876	8.811978	14.526614	23.507231	15.112551	23.766662	23.434737	8.863728	10.391477	13.373961	23.197482	8.316505	24.376047	12.427688	18.302538	23.751883	5.006599	9.770608	5.900224	5.472301	16.277924	23.755067	8.588711	0.000000	22.335626	9.733450	9.012195	19.220784	18.903915	5.606424	5.382365	11.544334	6.704600
21.331934	12.020775	8.434206	19.392277	20.232364	9.623074	15.418138	19.204350	21.021392	22.503876	17.257330	13.628948	15.921812	13.576674	12.194772	23.720151	22.572909	12.855282	6.482381	5.736804	7.408767	6.347776	12.283748	10.758075	9.105885	13.582761	9.531455	5.697296	21.383675	16.106607	7.991198	13.955322	22.046381	11.047877	11.678790	10.864277	15.925544	16.552015	15.815202	13.699781	16.491913	6.529021	5.325118	17.725745	10.316135	15.078059	16.450166	23.735860	20.998227	9.232029	18.812517	12.391656	13.559319	6.663553	18.124210	22.986847	12.176314	14.415463	17.351738	10.608686	15.284522	11.177503	21.009261	23.567358	18.574618	4.940144	8.478805	6.562528	18.131451	14.972626	22.260780	18.769587	10.144526	0.000000	5.281943	8.819600	5.718246	14.327664	8.134017	7.871009	9.065118	17.489336
14.953513	20.121157	8.567050	13.869594	10.434601	16.569220	13.827863	13.940185	15.511938	17.909540	10.910094	16.591580	5.472246	13.439234	21.418031	21.942892	12.629830	8.951685	7.977359	9.337245	6.113254	7.944315	7.626885	16.117903	13.698709	15.055251	20.477534	13.195078	17.736469	7.075781	10.801130	16.587540	10.143424	15.991218	17.026898	18.055025	14.751446	15.685524	14.769757	18.177705	8.756226	12.824912	5.757925	5.063379	11.168005	21.948862	12.330984	17.943527	15.271785	20.423126	15.558301	8.415030	6.842443	12.135428	5.775452	11.000421	15.125305	15.250718	5.796174	8.500548	10.115116	23.549339	10.868330	9.496242	15.854310	6.702936	17.720980	24.098708	16.731567	24.040759	8.446270	7.672921	24.167251	8.434458	0.000000	16.757440	18.642030	11.832545	22.581713	10.168642	18.907207	7.213798
13.916606	14.790452	20.313437	10.207281	15.926547	9.993707	22.740792	11.418171	22.890655	9.861843	5.961048	17.226688	20.386971	17.064962	17.097540	8.124185	20.606052	12.557341	19.287626	20.047917	5.913332	15.924665	10.160063	15.655440	9.540622	12.301260	14.968469	5.358696	5.701963	5.597674	7.338469	11.573349	7.699288	19.554176	21.315067	12.217743	13.461955	18.277996	12.815430	16.508203	8.369464	17.529495	17.066209	5.018462	7.282696	18.229212	16.153240	22.766481	5.158716	19.600152	16.073552	16.530244	12.745819	5.637438	12.735480	5.577542	22.886689	8.914032	23.922337	19.478685	20.151661	23.905598	16.284229	9.828900	21.506730	21.726242	21.148324	18.400320	13.449832	13.008991	20.495673	19.483903	16.029066	24.058141	8.362611	0.000000	5.829194	21.555915	17.357999	13.284522	7.991554	19.381443
23.498316	23.626583	12.368517	9.802283	11.475098	9.160757	15.880367	7.525300	5.865732	11.037075	9.627058	19.889966	14.566341	10.069427	12.811025	17.074789	21.786682	23.527656	9.289814	22.458258	14.927376	10.836289	14.004676	17.784757	8.484207	5.671145	9.875525	16.495602	10.215878	10.072322	21.742180	10.903121	11.823493	14.537265	10.457633	16.134117	12.923801	23.702924	10.339918	15.673844	5.039189	6.435085	5.922167	14.463016	21.439694	9.893188	22.889927	14.608538	18.678712	24.194216	19.120263	20.953386	13.792613	20.059331	19.917673	22.334368	5.826278	5.265402	22.601827	16.942688	11.437151	7.348642	9.418465	4.965573	13.546998	7.715457	18.771747	6.059159	5.548419	19.558647	7.058814	23.743544	6.810891	14.295287	14.634696	17.942503	0.000000	19.684971	12.933985	10.604926	6.350253	9.293968
10.096842	10.888868	23.807866	7.428547	19.921327	16.026188	5.259507	12.466194	18.906025	8.186054	11.916504	21.145799	13.648442	5.716993	9.555767	16.319263	13.448151	8.626284	5.598981	17.324898	17.124464	16.320039	23.389753	11.847378	7.805249	12.540754	11.604022	10.213833	20.186208	16.114446	14.450473	23.296198	11.393512	11.522973	17.418554	5.161352	17.455981	23.533318	23.299326	9.326543	23.337052	22.385368	6.162574	14.487160	10.238358	15.857738	17.002938	20.297633	13.160636	12.121389	13.156049	12.567169	15.368657	11.113727	5.005909	15.584975	18.495109	16.064659	15.035549	18.155259	17.989279	9.392578	23.753662	5.178185	24.385954	6.561898	21.523151	7.002697	16.554015	14.499421	12.290970	5.080670	14.452187	5.965786	13.845419	15.003342	9.175695	0.000000	21.104080	10.537484	19.257612	17.670508
21.550195	13.577436	6.529448	10.196556	16.624127	16.891916	20.852979	12.215765	13.578075	24.279300	20.458456	7.189856	8.949261	5.680790	13.398311	16.160317	18.897942	12.188427	9.048345	12.565801	17.228628	21.439650	9.963358	6.142983	12.148879	11.122263	22.951186	8.880310	12.195291	7.961065	14.045759	4.927052	16.538969	14.882557	15.729638	11.123115	5.789897	13.391357	21.956340	21.812324	6.175388	6.544688	23.777784	4.910759	11.179945	10.635166	11.831317	9.755715	23.067034	9.601142	12.047762	14.401778	11.222098	6.870021	8.809254	7.927445	18.926108	23.378295	12.148671	17.349790	17.367458	19.566335	11.470818	18.921646	6.901225	22.934647	10.339423	9.713926	7.851085	13.669582	18.642320	22.695761	12.277022	24.346898	18.923404	15.999495	12.749387	23.802653	0.000000	14.125925	21.568011	6.157875
10.994403	18.552741	17.574473	15.987404	14.774034	23.951750	11.692886	4.918069	18.932822	6.611767	7.763210	11.074990	13.772486	8.222264	5.673910	17.447344	10.721725	18.831821	9.616465	22.750484	22.715172	21.748429	6.177427	22.046342	7.545736	12.800391	19.063044	5.012722	23.950715	21.174905	15.513593	14.939306	12.587390	18.201670	15.510313	19.660760	5.738563	14.286027	20.562036	5.156949	23.281540	5.645045	24.066833	11.160938	5.993675	19.384553	10.733790	13.274519	11.385022	5.228958	14.952162	7.113496	15.705732	23.857338	24.012706	10.336632	11.280624	17.352546	11.673537	10.790270	18.106533	22.407834	14.847144	20.846669	23.926021	16.295945	10.579481	9.430714	13.898020	15.918140	15.115215	16.962166	9.668242	9.077951	19.538696	5.821541	17.286851	23.393704	22.169065	0.000000	16.560426	24.323670
19.634474	18.167259	6.798179	16.635950	17.452746	13.587651	21.041714	22.116850	22.175174	12.147911	11.347481	10.918213	9.729189	6.900638	12.185851	5.093449	5.296317	20.073975	12.623930	21.663252	14.425572	13.044353	14.681518	20.269461	10.439656	6.787088	13.457925	14.597060	5.266525	10.385986	8.251101	7.042813	5.852928	13.362603	7.132174	18.449472	11.583056	8.624560	24.169602	18.445144	8.399685	19.048962	21.879413	19.492925	12.688010	13.002387	16.986945	9.564023	14.801790	20.072780	11.150130	12.104447	14.034548	5.328283	19.080607	23.322028	20.390778	21.356197	20.201601	20.674863	11.810629	22.091650	18.218910	23.839079	9.412332	23.311151	19.641896	15.300700	10.369154	11.342970	21.792726	5.945552	12.512025	5.488746	17.661062	14.704352	10.743172	15.505948	19.834436	16.459161	0.000000	19.873330
15.724262	16.583512	13.409035	19.468918	22.870823	6.966953	24.236976	11.937339	22.206874	19.993945	19.991766	12.006602	17.407111	19.182400	7.683721	18.639879	12.208960	8.183180	9.720101	22.399068	15.121201	8.000705	24.224909	7.369605	10.668306	19.934156	9.331931	16.148812	5.505138	20.097667	5.257635	21.615866	14.495754	21.247495	11.361527	17.118830	15.579140	16.712222	15.874840	12.036744	22.952947	9.291855	8.480708	6.714538	13.670419	21.066062	7.713090	20.575558	13.679758	7.514086	14.667125	24.085407	15.219626	9.183261	14.621376	7.114126	9.118648	13.350884	12.788512	8.367084	18.806385	10.109443	13.299397	12.505181	7.540756	15.243435	12.444882	12.355865	23.822203	24.291815	14.335676	8.890880	19.198161	20.519646	11.202741	12.279128	15.636150	15.285933	20.047476	11.479776	14.043779	0.000000
