18.688301	31.019274	13.057889	28.788948	15.278969	17.081984	16.771771	39.114253	17.273148	12.450050	20.431843	25.535560	21.072373	31.653694	8.763986	16.227931	14.263888	9.170094	11.416471	35.486041	16.160152	37.179748	33.807060	19.219986	12.578774	21.826634	17.741666	32.049889	30.278958	22.660330	36.444202	38.109613	12.916901	33.820373	18.258412	21.715736	21.226329	17.583784	21.167342	29.465295	28.706166	37.040097	17.639464	16.206268	37.386998	9.146478	10.213406	9.119767	16.543740	29.905208	8.389502	18.050434	14.915458	27.342285	28.858754	35.898015	28.692790	15.950488	9.298114	21.760652	30.767021	15.648511	17.084517	29.228939	35.924373	27.366723	37.409759	14.472446	17.931998	30.949462	28.339777	10.033249	24.747933	11.440874	21.427048	34.092080	9.845565	16.067194	38.854035	24.984850	36.658612	32.561137
13.079575	23.848254	39.442241	13.323531	15.280606	18.144392	15.935675	24.287311	27.709499	36.358306	17.190701	33.451556	11.426062	33.462586	21.790658	23.777516	19.153661	24.177526	27.412598	38.354494	38.454548	39.747523	26.731954	13.736228	18.104994	26.707033	35.514972	27.126172	12.547788	39.444368	10.360057	16.679907	26.509702	30.794669	34.371983	13.382683	20.054414	38.528982	21.221626	16.401438	33.313846	16.332479	39.288869	34.622585	16.481403	16.270489	26.675566	11.717247	26.192620	32.883541	17.379277	8.965939	39.638293	12.428951	9.899981	15.780501	13.785690	23.289760	28.873231	33.598825	16.922089	28.296985	20.022171	37.975936	38.540790	27.778382	39.391770	34.286383	29.573294	30.742467	17.170175	15.688021	37.988869	29.197701	22.432763	26.995523	9.916691	19.189707	27.203535	25.740685	28.003526	33.738041
9.140117	16.731644	10.951558	27.284180	29.360299	14.225749	22.416829	12.286805	20.038683	28.607400	38.466412	27.419362	27.666721	31.430889	19.114684	33.906673	26.867576	29.851812	31.203262	14.952326	33.812645	19.147506	31.961465	16.081721	30.528663	32.321243	20.396006	31.604104	15.171319	28.448845	34.816165	39.705646	34.157703	30.821907	13.476218	36.780971	23.064958	16.692190	8.125272	20.868390	15.963415	39.755492	8.061681	29.227111	17.954477	37.078805	27.479566	26.366034	30.254446	24.621908	27.959703	27.054253	24.186847	14.132291	11.709746	37.882098	21.043268	23.626323	21.719336	37.468243	22.519626	12.179449	24.042285	29.066800	32.763024	13.742421	19.532680	28.268173	12.339411	22.170679	31.971539	38.734815	31.537535	30.706004	35.030203	15.874672	26.418667	18.983852	36.167306	27.028817	30.260547	15.067240
29.059162	8.454897	10.420756	38.588383	14.411187	18.243097	23.229875	29.231898	19.461579	26.812331	16.053073	14.229046	30.844445	24.028044	39.098332	29.170121	18.739427	25.289068	32.740645	19.252176	13.604616	21.191419	23.072115	21.401825	11.918379	11.605850	19.593673	13.213657	21.710308	27.984174	23.385779	10.715034	27.771774	8.597297	23.548501	35.145579	29.832386	16.756835	9.677380	39.558333	8.115173	38.132803	15.551631	10.423987	26.253891	32.214042	11.229793	33.793605	32.893490	18.504827	27.764241	9.153334	34.577127	38.514689	35.801447	27.930523	10.173599	28.043114	37.907375	38.258272	9.575001	21.492249	16.750376	31.318779	28.187753	28.598017	8.852892	21.104208	21.056059	27.955004	31.028964	39.751742	25.166588	10.842799	11.500890	8.254658	29.862442	19.353669	30.853678	39.943021	37.183660	28.576213
32.665406	26.604498	32.938560	30.460821	13.801708	26.354587	14.082097	29.799494	32.038166	12.444017	31.092931	36.552288	31.027102	33.000395	38.828191	31.115425	17.287230	18.982335	30.321486	17.689848	8.479447	22.317569	17.681007	17.670025	21.113051	38.937142	30.498500	22.197431	18.765784	24.022918	35.665189	9.064954	25.761822	30.678352	10.226697	13.457800	22.308994	24.292712	8.183991	21.336134	8.542377	18.037341	32.311891	21.423099	11.051960	32.533541	12.952178	22.822288	15.939479	18.696704	10.902256	24.518785	31.226728	18.758285	30.711437	21.408950	8.765390	38.753412	21.592192	18.635317	15.227470	29.668951	22.897809	20.738560	13.354111	27.751592	35.279346	34.949634	26.900944	36.196277	30.146616	35.009296	27.479461	19.463081	34.492962	35.338496	19.287873	11.886280	25.182751	16.530724	38.413170	9.084457
8.593881	36.691367	36.408790	37.113358	27.911360	32.988680	10.660505	30.999154	13.824269	18.844068	10.319482	32.308495	31.514309	9.596904	31.258443	18.113446	18.905603	19.849409	21.378927	30.151920	32.312508	11.580614	26.375191	25.979973	34.395914	11.676913	27.804838	26.794786	23.235023	15.139317	23.839573	26.371483	30.852335	12.252089	20.939159	16.154915	34.346022	30.052451	19.483895	39.656731	18.736936	24.820808	21.759027	33.613879	36.965488	26.217527	15.312463	27.190730	17.353502	33.964132	27.111511	8.242822	35.575768	30.452638	19.729672	20.441126	28.013254	29.484791	24.426410	32.645656	22.368486	25.645547	24.832349	18.171915	22.980658	15.346298	8.280874	12.650505	9.400171	8.861779	13.916751	30.775396	36.008476	20.191735	25.924436	18.300880	37.482421	15.480210	21.588738	8.610955	38.686118	16.026649
13.142521	19.308797	31.043242	19.947996	16.172545	36.090314	24.973010	30.162734	38.216118	34.143846	33.308455	29.788687	36.022822	39.667146	15.997072	10.222875	9.257944	18.475862	18.734122	31.885141	10.365843	33.884038	37.767102	20.970051	35.944444	15.475976	27.182960	12.720962	30.236286	23.929846	30.349584	22.153179	22.531311	21.172549	31.150158	30.971110	24.091969	8.286486	36.399818	33.292047	28.069437	34.569741	15.378148	24.894715	14.248673	32.004127	25.430176	35.961909	24.601073	20.032995	38.439526	16.267848	13.854691	33.359981	21.367286	19.645079	39.481496	30.048836	9.692056	22.829172	18.131906	15.484203	12.919049	37.991355	26.125187	38.506697	22.871392	28.574756	25.778686	31.834137	9.258255	36.438205	37.141879	24.384582	10.428743	16.366150	24.850041	16.669564	8.337634	31.786576	34.469147	21.480670
29.397583	34.527185	37.920271	24.656154	13.173855	33.927930	39.927288	21.720505	33.206764	37.480537	15.507177	31.904381	18.237725	30.240562	18.003579	29.500759	20.066279	34.481873	25.659131	27.926289	21.859313	34.788218	12.382542	29.962936	28.197541	25.018862	10.219047	31.178595	30.066857	10.694994	36.580128	22.379391	16.229244	21.875117	20.322247	32.068550	35.199816	20.609510	16.730540	27.360450	18.556668	18.853507	33.166551	35.785765	30.225634	30.348120	35.516502	11.309056	9.125808	29.152678	29.199240	30.059359	38.383981	37.659397	20.027163	13.344480	25.169538	17.861946	20.490287	24.991576	34.551034	33.684381	34.059112	31.321025	22.752682	31.890346	14.215702	14.051141	17.501818	18.454554	34.950909	17.262901	15.472679	26.269677	21.645011	28.260922	35.193505	33.952297	39.518061	12.969397	11.911931	17.840547
10.546846	26.075245	23.319013	9.354292	35.429896	7.990427	39.300269	35.961977	15.334329	28.543951	36.572797	26.348401	14.909356	10.391516	24.783270	28.720992	35.291035	26.719381	36.851461	24.774624	27.989058	19.985603	22.125121	31.344896	34.910760	25.311242	8.626495	16.976154	20.394976	32.935057	34.506635	35.497363	9.484418	15.421652	8.193384	31.115829	15.841818	32.467076	28.695694	23.704304	34.551805	28.609084	11.517962	12.203044	13.219469	9.872465	19.634593	37.737717	30.087137	9.805868	13.248840	12.886096	18.486918	31.249782	18.772896	37.727115	25.817026	34.834856	14.330309	12.371878	30.966315	10.774681	25.483180	19.449982	17.142367	28.788950	11.534746	26.526161	16.143028	30.408599	33.980354	26.305417	26.581613	28.409057	26.003165	8.103967	8.919936	30.654135	12.008005	23.191375	12.708273	24.842547
33.354432	30.316999	35.397545	29.635603	15.788691	15.879690	19.692884	11.708300	17.039972	37.629780	17.942083	22.835292	16.484465	14.314903	28.330444	10.525816	14.573003	29.638258	16.512331	13.838534	39.512358	36.114129	27.280956	10.678465	38.587046	29.192600	27.856538	34.196094	15.384267	22.693159	17.147905	39.130769	13.084479	37.715290	21.622802	19.094077	35.472111	29.408269	22.682819	31.576070	36.316185	35.184674	23.187501	39.631444	22.711296	28.862333	31.900787	18.992388	10.077683	38.955469	33.685008	19.270866	25.077590	23.106271	16.814778	32.715041	27.236964	27.658617	36.132674	34.095605	17.593065	12.755466	10.289917	31.219771	21.112592	21.456499	27.584733	33.011253	37.179388	16.319652	35.704246	23.732642	29.031733	32.839102	8.558222	34.425766	22.132879	24.123094	28.765228	8.596183	28.086551	17.971568
26.116678	12.987474	37.580019	11.379502	22.142973	37.055075	20.846145	12.174914	38.827317	21.224530	16.566516	15.138796	28.408097	29.071007	17.678001	29.740154	16.960138	20.302343	19.045759	22.394591	12.808906	37.145357	25.963766	28.214809	39.836052	10.581122	29.841080	19.615957	25.645092	26.015841	29.727262	11.368306	38.601724	9.739911	16.413917	24.865476	28.284897	30.899864	23.925708	26.121228	9.417045	25.943512	17.741195	10.173922	19.594287	23.455557	22.360407	11.796289	11.996984	21.361255	17.962603	25.801740	25.869744	14.000100	26.393842	27.261797	34.380882	11.381474	9.672232	25.196882	37.285757	28.389903	36.825468	26.109719	12.079728	10.297443	22.756704	32.837524	31.494652	38.699700	8.106978	26.204066	11.776072	24.168424	13.891648	35.405387	24.100109	25.819513	15.614348	22.929716	22.954112	11.766489
37.765324	16.429822	13.234292	21.515028	34.119739	13.564745	17.115784	36.297120	34.351658	11.113060	31.375742	32.043696	35.976401	10.219131	19.234878	24.805695	29.034718	8.433077	14.714719	38.089799	26.498564	19.347417	33.853535	20.547779	13.876306	25.383010	12.360905	9.615294	35.924317	35.341823	22.278189	34.424475	21.553689	26.960254	19.102823	32.213584	11.634648	22.087711	25.192211	32.324699	37.571816	16.026187	32.966482	13.280564	12.629909	26.836143	39.390845	36.247759	16.131203	18.978943	29.108653	9.866521	25.925284	22.004867	14.232178	8.749069	31.586172	24.646010	18.933397	12.222665	12.656072	37.653594	38.508144	34.334021	36.833333	24.750080	11.603308	28.665959	26.452458	34.997421	39.883998	24.813420	38.339938	15.648840	26.800775	17.208100	30.438880	14.762084	35.061642	22.964242	14.067323	33.537356
8.339501	29.751624	30.225245	10.520026	32.710404	12.788191	8.052091	39.787405	18.285502	20.588247	13.057893	13.228611	17.502102	13.338351	37.459682	37.889295	8.875688	13.065538	25.161356	34.801859	14.941509	38.040799	14.176381	11.244187	13.416853	32.758084	23.266867	28.367490	32.256390	35.955385	8.330278	27.685641	13.390266	39.263515	20.878959	38.561702	27.346102	20.050097	29.105955	11.280010	24.910950	34.541184	25.976359	11.557597	21.371203	14.527919	21.093656	20.538075	29.128492	19.622101	17.972713	16.587049	29.983440	13.450657	8.698129	36.553868	31.885278	23.219784	35.578042	33.627807	23.291873	14.207944	24.200234	35.959842	26.269238	39.590097	8.723656	21.030506	39.926428	29.126624	8.717528	18.268555	8.021189	19.015815	29.864382	31.692018	29.289777	10.610909	26.877097	11.348294	23.020173	33.109705
13.098054	30.759697	32.384926	18.354372	13.200269	34.952689	31.098419	35.282985	36.108678	29.595285	14.006334	19.046993	28.759778	17.742718	29.529342	21.593119	37.534088	33.914505	13.036975	26.231801	35.594354	38.538667	35.206708	15.934660	21.867369	35.669441	24.447326	11.239351	35.225279	34.558034	23.427129	19.904316	18.363910	26.873415	39.138927	12.365611	17.412507	15.907571	21.663879	14.643494	31.137601	33.813830	13.593499	31.414866	19.867061	15.509435	37.082545	15.077329	23.557505	12.506998	8.455899	22.565818	37.558169	16.970289	10.744617	12.105376	31.819553	38.226916	8.549375	9.121037	36.212744	15.107592	21.957967	12.273839	10.787956	17.826401	17.304795	26.493026	17.894510	18.257762	14.380829	26.950924	27.355544	11.567215	36.035004	17.861387	25.525035	14.723631	27.835846	12.454678	27.233203	37.512524
33.555996	17.678855	10.613794	32.047475	24.988908	32.113318	20.462818	33.563383	32.806206	24.799153	12.287371	12.916004	8.455773	26.450430	30.791467	25.991489	26.879842	11.791034	10.630344	12.429983	22.133555	17.280146	9.678790	8.404177	36.667811	15.890729	18.122997	9.690774	33.916163	17.747375	15.272876	11.800790	32.004987	11.799730	25.416397	15.759987	21.563210	10.584308	11.277279	26.338985	27.765850	21.365553	12.646169	12.855178	25.261616	39.923957	21.266197	15.272764	15.226938	8.983524	21.375573	26.714848	30.288152	34.258174	17.404916	20.157488	15.334381	8.141791	9.514645	36.109159	17.058232	30.322422	34.690030	28.278996	21.975118	31.194123	37.573018	22.436224	17.635875	14.608579	16.471991	33.861555	12.423079	11.987821	30.298495	26.995729	18.501085	15.935914	27.549028	11.455224	18.880013	22.602407
35.599963	36.295816	11.874627	36.288616	10.067768	32.293177	11.273240	36.407017	14.584901	33.374774	25.575522	27.679429	26.042683	16.821352	34.513154	21.306577	9.434340	36.674119	23.942453	17.160992	20.310944	37.913219	13.697087	18.678799	33.758202	33.719643	20.668960	15.408161	18.693493	27.157971	36.711935	28.378812	22.272724	38.791128	14.918883	29.244892	22.532833	18.751890	11.692152	38.118252	26.113110	12.971068	11.705412	25.464027	32.610941	34.659436	27.600305	34.117113	35.308359	27.518639	20.217756	34.455097	39.138156	39.448356	10.282454	23.109343	15.299337	15.477190	14.080735	38.784980	32.069843	19.969417	18.896064	27.438427	38.291671	14.522864	26.716449	37.456028	8.709729	36.120943	29.699850	19.239616	31.815212	8.276538	28.243533	38.699117	31.861764	28.674180	34.268002	21.288633	38.055578	11.138645
12.099311	8.129092	26.595026	28.798629	36.998858	12.862625	13.208793	36.454944	35.990141	21.541523	24.304591	18.925063	37.892942	27.566774	9.482568	28.849883	36.343253	9.922308	26.856999	23.121520	35.896145	25.613383	21.499032	15.337467	25.719659	39.090003	19.530971	39.620254	8.265065	12.834635	8.370813	35.967635	26.945522	27.477936	15.368021	27.507030	39.534955	21.253377	9.286746	14.397536	10.815061	24.009489	36.536731	28.558458	35.725153	23.078680	16.808114	16.298792	16.193970	13.618909	33.887565	34.870940	10.496334	18.577924	15.509960	39.751326	15.051565	11.159894	11.542800	28.950434	19.834383	34.071729	16.074685	9.758387	20.458585	35.318246	31.506033	12.851801	34.853182	33.976962	11.495584	31.756648	10.579897	17.671873	13.212240	37.383925	34.507910	33.946847	17.495905	12.105179	37.092545	28.658840
9.797171	8.523001	38.332684	33.770853	23.619099	20.633597	8.596335	19.514532	22.288883	15.704551	26.755921	21.936894	14.494162	27.335354	37.339940	39.386153	18.762066	34.651893	11.825899	27.717200	13.898129	8.260568	37.584329	11.214839	29.800183	8.871534	17.507744	23.781563	28.048491	20.385237	25.726362	15.208531	13.270274	11.544608	35.271912	8.080995	28.401207	20.366475	25.913345	34.078353	38.168522	10.184236	33.309139	38.862327	16.469536	33.409014	37.395605	32.408282	33.416433	36.715451	16.712935	14.260256	11.974872	14.444691	26.469626	11.737778	21.510420	21.737968	14.359580	31.553420	18.355901	11.484725	11.744958	32.770414	17.448412	31.282356	16.523843	21.506767	12.623948	32.112416	20.762005	32.427927	14.055809	37.194488	21.358468	28.029186	26.686667	10.011848	15.922405	35.192275	39.090474	14.830777
17.090640	18.749936	20.688352	15.517046	22.615986	13.147722	19.531568	27.807814	14.457796	37.086585	34.165988	36.205129	22.592207	33.458396	34.766812	21.986671	26.981112	12.270675	21.584057	37.484758	17.911767	33.649471	25.249553	39.263321	28.988085	29.062664	22.640531	12.320222	20.848899	31.183798	23.177825	10.430736	38.435306	23.293404	15.809452	24.447659	33.487170	27.796220	29.293209	36.700194	17.353039	35.754692	39.189396	19.784709	37.264161	25.984945	21.972916	22.419842	26.834355	39.097681	14.066668	17.194732	10.769894	17.239166	14.646290	28.144032	13.225990	26.242101	31.952663	22.987529	33.669960	25.129184	13.229009	12.614103	28.130577	22.861303	12.658792	33.881647	36.855226	39.521013	39.893282	13.393847	20.631332	28.974308	17.917997	24.847508	13.475048	19.033855	18.368886	10.580760	23.625262	18.627532
8.256149	11.874798	34.664311	19.188433	18.020065	21.072601	9.997477	37.288622	12.116355	19.244652	28.056935	14.225509	10.476671	31.032065	16.330788	25.564078	33.302688	26.770424	28.895673	14.866462	8.066275	39.526399	36.431154	25.288540	39.510327	18.166279	31.366111	24.734735	15.982171	31.295145	36.503479	26.883003	16.433637	10.188159	27.908366	32.750212	35.129180	32.952216	14.236987	27.714969	29.049120	32.231842	37.884194	13.775399	29.363047	29.760274	35.462551	13.935639	26.387675	29.190189	18.867333	21.518793	35.221171	28.263745	23.870636	27.553530	17.829583	35.280843	22.834163	15.937170	38.916028	12.909158	16.724025	9.940430	9.656039	8.275578	21.520235	9.413640	17.789745	19.247785	26.297716	9.240613	37.035490	28.851075	17.972036	14.965581	10.058072	21.072406	27.949715	33.786356	8.011384	27.686268
30.175493	22.207829	28.092296	32.194090	22.752473	38.981625	13.829155	37.578555	24.037915	10.310551	17.071415	12.248441	21.574342	8.667375	34.127912	28.271424	27.122003	37.418711	23.590204	9.428177	28.634922	27.536376	38.569924	12.634704	27.736436	27.751295	16.735374	32.114623	13.371455	35.200349	22.355456	21.057631	25.618580	8.221820	36.787249	20.451376	21.886542	21.875168	10.148709	24.585682	15.649131	27.189813	26.782131	39.595149	28.290577	12.439585	10.709889	23.926193	15.604550	9.470577	38.745850	10.318548	27.154755	21.694744	27.060313	39.339665	26.595692	14.808477	29.413141	33.574156	28.726925	14.307810	28.900543	34.259819	9.234303	14.229682	28.030317	18.346200	10.688272	27.111970	20.511314	16.228471	8.738386	39.574377	25.672785	14.892064	18.347217	36.134657	11.750471	33.777735	32.476221	20.750876
22.585599	29.101128	30.483739	27.392866	12.244524	29.603987	14.234166	39.181297	15.752596	17.292769	13.428046	35.719814	17.145438	14.291505	12.477457	14.246330	16.252823	11.089414	9.484808	37.122608	15.038432	13.261727	27.625180	35.841035	27.648953	29.223093	25.232518	37.195868	15.352681	38.845150	19.111533	31.813590	35.761444	17.931986	36.499134	39.658825	13.495316	8.243202	27.438702	17.340515	22.219072	11.160327	32.007415	24.347062	27.987698	11.049781	10.136576	12.049847	14.797243	27.020262	10.883260	37.769919	9.183368	10.174612	13.798348	26.697677	38.640715	18.487955	12.416407	35.749319	38.127480	16.388388	33.585981	27.455723	11.131813	37.261379	30.040709	21.941853	39.748856	15.890429	34.280040	13.030550	20.080950	25.090209	27.931443	39.099847	16.129162	17.624367	9.214007	19.359171	11.644278	12.482182
21.782019	19.677000	29.434293	16.784893	37.047875	18.932386	30.031945	36.231777	32.628267	22.262719	15.059306	23.461660	8.207650	10.459417	24.140686	10.633313	39.171999	16.987716	31.910023	9.805537	20.306916	19.798158	18.768237	13.299049	26.084036	17.673141	10.082656	30.024688	27.291909	27.651997	37.485092	33.838397	18.215608	16.276260	25.214697	15.084416	8.234968	15.864112	24.967317	35.888810	22.179175	17.520732	13.554761	18.631623	31.777631	28.792974	34.502394	34.269912	22.488563	28.959724	19.081643	27.404933	25.881892	36.790171	36.799417	39.331484	27.563644	25.517678	8.924186	24.701659	12.524564	30.603344	8.776649	13.128888	19.947929	20.242442	35.865936	11.571661	37.045871	31.747633	20.852393	8.188736	36.813989	18.399715	10.856066	25.161399	32.264786	22.232155	36.645063	27.164446	27.232912	28.950571
39.859585	23.322199	23.211585	12.930910	14.915093	12.323867	12.683712	27.120176	18.735978	15.080028	34.365845	17.740940	19.055160	27.921513	11.743016	9.430380	22.945439	13.418171	27.947665	24.475433	12.144639	12.701101	38.633849	10.683100	21.815736	20.206138	34.401034	17.161490	16.350822	39.485466	19.513541	12.152889	31.902159	10.231098	9.511608	10.189819	18.925036	24.697219	24.011954	24.015546	26.278057	14.521844	10.588819	27.920309	17.077419	32.380076	21.857550	34.717539	31.632896	35.161984	14.904096	12.030594	20.278243	10.251963	16.028454	37.832937	12.020994	24.501816	14.321680	17.512058	22.963757	29.330350	32.335274	9.431668	26.241864	19.686584	39.884205	14.299335	16.562544	39.303887	19.622679	14.557007	9.590068	28.957209	23.358516	36.912741	23.230497	20.823153	35.390207	34.463488	18.638257	10.566711
32.270613	24.738263	31.044189	38.798451	11.487049	20.984985	38.278040	8.528531	29.638430	14.793101	14.567551	19.744895	34.603528	39.855073	18.131858	27.306539	25.773195	26.204777	18.937875	30.832605	32.830282	39.073012	19.524359	35.258869	25.291012	16.003159	28.403193	17.527475	25.824713	36.187038	39.893926	8.430392	39.885063	32.745425	13.555484	28.450492	17.203308	25.474021	20.522992	38.107738	24.875256	33.757503	25.819715	38.471379	14.834200	8.578501	39.178330	31.518198	14.294388	14.540676	12.028040	11.611579	34.548466	39.405806	35.809254	37.256600	15.311440	33.538652	34.671853	9.873028	29.325885	36.864241	8.409548	21.848416	33.475307	10.962837	10.500752	30.383260	36.575452	17.456200	17.392726	18.518663	8.727437	34.159727	22.287168	36.500762	32.999633	29.017523	38.693387	28.397596	8.324007	18.570347
32.897194	38.545809	32.109787	13.544059	33.583075	31.155244	38.362238	19.116276	17.435781	36.788265	15.156375	24.360576	23.636436	19.872718	21.742384	35.831033	21.691081	12.446236	24.833166	11.670310	21.963514	8.983207	25.853681	15.878675	16.717708	39.568341	38.267681	15.820736	8.865118	11.553393	29.678653	35.542704	19.712444	32.827347	24.010304	19.691695	19.758657	20.240841	36.081859	30.746323	21.920144	27.793173	33.352016	33.686546	24.003383	17.262475	19.147891	33.187678	28.698358	13.056848	23.441962	31.258516	35.790581	14.470159	20.848257	15.065422	12.135011	22.292082	27.875051	13.850187	36.755201	15.827174	38.418561	15.485256	27.076972	22.987609	17.376377	23.788133	39.655063	28.750644	34.226496	39.863140	16.287648	11.542700	28.097747	16.482272	27.292900	32.176156	23.813341	8.018074	20.432665	23.302969
11.680142	32.859695	14.836693	33.580834	36.519285	39.272870	39.726335	30.215787	15.317062	17.589019	27.133433	22.946080	15.072632	13.275593	19.140064	33.233656	35.103095	25.376918	18.496546	13.538519	8.763621	25.545158	35.078611	37.757731	23.008309	12.745627	31.906001	21.834176	25.316711	17.533568	10.716907	16.205156	39.175318	35.578420	19.749401	33.848330	34.219787	20.090698	18.895281	20.095884	28.152962	11.593904	35.553508	12.233287	37.168297	20.960140	29.369326	26.124907	35.166271	26.735690	19.549609	16.373648	18.377314	35.543469	14.054513	13.067137	16.109584	27.327911	12.531207	17.209290	37.133051	39.161250	11.476818	34.135936	12.136357	21.121796	30.504967	21.132863	23.011662	24.265746	36.252864	20.401078	22.117359	34.322497	19.343402	11.729596	34.794353	22.732072	35.187149	10.201916	36.561013	13.250308
13.198272	14.806126	36.610985	17.640780	26.919236	30.137802	18.910411	13.170090	34.479059	26.735144	22.400265	9.643458	33.827068	17.263703	8.974219	28.948503	31.279485	22.333994	31.985737	11.551853	22.461882	13.034230	10.148184	31.427092	17.653731	17.237213	21.742591	35.629214	35.463541	28.231118	38.531603	32.059027	32.138041	26.917098	14.241003	31.969328	23.836627	15.807180	35.608934	27.908925	29.205109	38.395374	29.816125	21.823243	19.460959	18.313052	37.335332	38.073584	8.152323	24.172274	39.277741	24.316514	35.269598	31.118832	21.414909	11.647931	19.331199	13.159006	17.688865	31.732021	27.458170	15.862786	18.038459	35.957325	18.909902	37.430127	29.708714	21.655322	15.569526	14.755760	19.164558	11.258998	39.745091	8.562910	8.692241	28.009040	22.231836	10.046715	10.724887	34.833769	37.795942	35.930945
23.440084	37.831040	24.347922	36.877527	22.876074	25.433702	14.286012	16.509320	12.968873	33.808070	14.405536	27.894372	26.716756	34.201475	33.923652	31.573300	36.006274	14.759306	14.176095	30.391768	21.915802	34.869631	21.606903	21.342811	32.619770	19.920846	8.030961	28.931890	34.602058	11.258587	25.306861	36.836045	38.630306	29.644209	29.190493	16.322032	35.561868	38.627246	24.183862	14.357946	16.705373	17.315979	19.882411	28.948496	35.369870	37.846517	19.068377	13.550270	35.549561	30.318115	19.373747	29.494089	29.021692	16.988732	23.028406	12.218152	16.527126	9.307459	18.374551	32.159758	20.007745	30.024027	9.564660	15.157898	24.461805	22.725050	11.823892	25.025112	36.587149	30.917828	21.897756	38.720372	14.163375	12.514776	20.036053	16.067460	20.241166	11.886428	35.567112	32.272294	37.814224	16.352942
34.984000	22.492732	32.616422	37.272356	16.005079	30.861905	35.652426	23.358000	25.421075	24.958429	23.313200	35.324496	29.316216	38.183538	14.175236	22.398798	34.805556	20.894478	36.733598	30.419205	17.729660	37.866381	14.439670	36.298993	38.259987	22.046454	13.960635	25.747876	34.068265	15.170730	27.323527	38.604347	21.173858	21.474218	25.255040	24.008791	25.013578	10.755995	32.829137	11.454292	15.828737	31.210770	24.936520	20.115930	22.139679	11.686579	20.330076	36.400368	14.293531	9.667049	12.692302	35.423224	36.352243	13.128892	29.584781	19.266755	29.147470	11.146915	19.624637	36.103988	22.080093	30.454638	15.758812	32.867661	10.163666	36.207450	25.762518	34.349494	27.542210	22.234574	25.551264	22.661070	35.411945	37.508893	21.999609	15.358048	16.169510	29.641833	38.679594	17.763411	39.539136	28.551486
23.261379	8.887772	24.318323	35.575537	14.557460	39.430492	30.837547	14.222241	34.225778	22.542827	26.156904	11.995636	31.095965	20.874117	25.644355	13.585577	26.558075	8.015911	28.055177	20.496727	26.734703	32.903927	24.874474	24.550276	21.721285	30.698693	31.311892	15.934950	38.230001	17.812415	8.868105	13.831426	24.171382	13.630331	34.630061	23.171908	36.836896	19.896002	21.143990	31.951262	25.036489	17.137404	24.914989	21.185238	27.027418	12.356054	24.783249	38.550077	30.203015	39.641398	35.477835	35.529847	38.894482	29.395965	38.607653	15.975843	35.887975	34.493690	39.825547	34.533200	26.194233	25.178883	27.257621	24.951032	34.936954	10.864452	28.611747	27.817034	21.251884	24.011648	35.327267	14.730537	20.873987	24.011492	27.917605	12.195936	11.668200	29.449250	18.447093	18.233566	15.836516	15.344718
39.777125	10.458946	10.274730	30.067340	34.483357	28.892213	37.817902	11.016247	34.900968	27.029983	24.700393	9.190715	36.444934	37.313923	30.794493	15.130810	17.019599	24.386224	33.805006	21.713832	29.182130	27.263069	37.492214	38.755887	10.836388	22.764632	33.229417	38.768563	38.831465	25.002212	33.728459	32.691105	26.356387	24.906717	34.869205	15.534034	20.519695	26.866564	19.935804	15.889676	12.421951	24.408858	29.012526	38.931074	11.629107	29.507512	35.794230	15.407997	32.486611	11.343802	8.359908	11.605361	29.286918	10.818317	19.761696	36.419046	9.899968	10.815692	18.558556	34.342908	26.793073	37.273287	19.764296	29.462237	22.629134	29.022588	22.592975	11.267046	24.330913	33.571861	30.076533	17.921889	37.728290	14.911325	22.505597	35.025791	33.924995	23.120552	26.709461	39.655601	9.054487	24.756967
38.710108	16.849928	37.693740	19.191263	25.461090	31.363779	11.073841	34.610655	19.928138	30.745417	11.903952	35.328912	30.810382	34.614170	32.809728	11.977973	20.939882	24.846005	23.174765	18.320881	21.812477	11.604309	38.959062	37.154767	35.913248	17.856401	34.421188	24.502876	20.753034	38.929670	8.796899	29.714400	11.432278	37.578132	11.695554	8.524696	17.021353	28.013112	22.573974	17.250265	37.519252	25.665339	23.584621	13.787765	23.621813	9.087627	34.768421	10.845040	35.659488	32.812689	8.904489	31.717779	13.147601	30.101516	9.496893	24.383273	15.089089	32.952831	27.876049	11.866024	12.050806	31.856762	31.016605	12.052407	13.734698	38.788607	13.396350	18.439263	32.882519	16.480398	9.037259	9.803632	22.002731	35.774848	29.373195	37.193941	17.965947	12.938391	22.726577	38.659902	36.435615	20.126904
19.435805	38.188834	37.035612	19.056765	26.950907	21.189071	15.806728	27.817751	13.464228	21.661025	20.657401	30.302653	13.979347	13.246557	38.586257	23.294515	9.050749	39.793018	26.418460	19.670477	11.562640	37.216517	39.679886	39.527829	27.453561	27.761286	35.158119	36.318050	16.122511	36.828089	37.145553	25.873520	13.300512	13.241144	14.031236	10.529462	17.785102	13.934553	21.876075	20.373609	23.895588	30.582651	38.424217	9.173415	15.034381	17.446679	11.868681	25.651496	20.607166	18.470951	39.107952	38.271309	19.570676	25.062710	28.547199	37.578559	10.492264	19.248423	34.820918	34.991464	14.723307	36.332769	39.679433	24.202965	27.049275	23.101767	25.685369	29.805204	12.087368	23.818669	32.377025	31.850304	8.003420	12.428443	30.028096	24.479120	13.640513	38.745362	11.479084	10.326586	20.832217	17.973052
9.428850	32.528831	17.252192	20.002231	32.635565	29.213387	33.979676	22.693878	31.645322	29.919944	12.745782	35.099389	22.261143	19.855847	25.684498	31.913355	26.533179	19.655033	17.660258	34.375283	29.793514	10.770862	12.768354	11.461588	11.007645	29.879991	35.245646	32.702343	34.920430	13.523254	26.200091	28.715799	16.420594	13.206402	21.926814	22.869388	38.200135	32.034155	28.273465	25.688588	35.915345	25.495162	30.657509	28.030445	15.413670	36.548666	34.259517	37.215562	17.792212	15.663334	38.010214	35.371295	17.561591	9.749048	27.626696	33.267711	13.664535	11.554027	35.646172	28.688995	11.021471	14.527532	30.783697	34.029312	26.697384	15.725328	12.899718	31.833107	32.289170	24.847946	23.429443	23.614749	18.788319	10.818045	11.892307	31.621355	35.725174	38.969175	28.319157	9.453739	23.778672	14.267255
19.830476	38.197655	12.534960	26.150093	25.431979	15.099942	26.687967	22.602646	21.479822	30.881662	17.624278	11.978951	16.762584	36.756333	37.802394	29.884592	14.441658	15.765032	33.306246	18.548992	38.280304	30.339373	18.006906	21.668155	30.772257	37.509938	13.546194	33.873531	20.788490	15.660243	39.518207	33.596712	26.667988	11.455985	15.890518	28.752062	34.083941	37.021021	15.840787	28.899103	14.733867	22.665114	12.070816	31.644659	26.243862	33.592014	19.838839	14.817931	30.367460	17.534214	19.390271	19.421359	39.125085	24.807869	31.383557	24.146344	28.727787	37.471764	9.953882	25.802950	15.002572	30.823474	22.962615	26.667159	39.016237	30.372203	34.409136	36.276143	14.567185	33.454898	16.677770	35.634232	13.490381	32.601239	27.912884	30.590444	22.761422	37.219895	9.242155	35.007088	31.302535	21.149638
35.107710	31.540428	15.621295	38.023160	37.714271	38.297610	27.210003	21.457140	22.404727	28.868160	35.031510	17.033819	30.472768	12.242389	28.191548	12.216329	8.658408	27.216250	36.527771	37.114371	31.357691	8.049430	16.782418	36.604160	14.206359	20.403166	33.786687	9.903449	36.449140	10.588886	9.616094	33.424792	11.936706	20.227945	33.714069	10.721286	36.473869	8.872365	26.244673	32.551054	23.351957	8.294625	23.204218	8.352865	13.705675	24.945718	10.771082	34.271221	26.777047	16.720620	15.532938	10.878017	29.477557	22.614731	31.556145	32.622634	39.267472	26.114597	36.870950	34.058975	16.532938	8.330698	38.601734	18.706491	27.029706	34.444123	34.517922	35.110090	19.942383	25.745988	8.975054	30.170562	11.768693	24.640561	14.951432	38.532386	8.799568	21.475932	35.910827	37.753589	29.836454	11.407499
19.580733	23.889134	23.059193	9.305557	34.013787	16.623202	30.685840	30.961187	24.432057	28.505952	22.131624	17.934678	31.920480	8.962527	26.245211	21.342611	24.287807	38.695494	8.541486	35.911483	11.511351	32.712458	15.137357	17.541578	25.094346	8.126433	22.581432	29.541272	24.221317	20.957411	23.493739	35.622626	26.819596	20.837982	36.756183	20.259335	25.953883	15.986875	16.018812	35.986242	39.928290	36.296759	14.145307	10.978403	26.101975	13.303371	33.986525	19.871800	39.298209	10.511674	26.167544	23.663266	22.770264	20.639511	8.804467	8.275238	23.101939	21.180990	28.551376	14.632044	23.581862	27.128952	33.730503	32.286148	38.562246	16.960159	38.264214	33.494928	8.763594	28.414261	39.193035	8.280182	16.243189	29.821021	33.670709	30.739954	31.177356	29.390122	30.863515	11.409606	30.743891	17.157432
11.425743	27.083020	32.868584	25.591852	33.119865	23.728741	37.497037	36.690967	25.168237	10.854114	21.080778	28.376577	25.251192	21.019795	23.534343	15.553915	34.631100	13.297661	35.254044	11.015424	27.043677	38.465673	16.143876	25.224457	14.534549	8.322339	20.495312	27.666083	30.759505	15.198292	33.754734	11.330610	26.192492	36.690586	21.533274	30.330609	31.523915	32.286578	11.700447	29.326809	31.694474	28.013124	22.410117	10.439258	32.563106	33.824513	25.076609	36.021485	25.431594	39.629031	15.259756	33.515455	29.840559	36.227754	33.476443	22.607021	20.088323	16.289401	10.855380	30.505758	9.490732	14.777132	19.188066	17.106125	25.953777	23.656139	21.188704	20.136834	13.992804	37.294031	33.764082	13.382054	28.965707	23.007924	23.666148	25.095387	9.008591	15.472389	20.845136	25.651112	38.820593	33.152191
24.217636	12.417695	8.443348	34.857149	26.783421	35.718326	11.317298	33.235817	8.426570	27.228883	30.990073	12.437334	31.659223	39.208897	21.258022	28.350841	21.264312	22.585326	8.782100	13.758050	34.857608	25.601778	28.454751	35.651391	23.208919	14.209027	30.045228	16.029920	33.102740	27.293750	24.637685	11.591403	31.659933	35.429575	16.367257	27.831260	18.270404	23.465112	16.923698	10.458049	8.948001	32.188077	18.126186	13.310112	32.316223	28.604155	34.017712	25.990690	28.491342	30.571470	14.664819	12.613899	20.695783	19.606717	9.713258	12.373874	9.356976	33.264533	33.416904	26.457796	14.252382	9.851871	34.886534	26.081183	10.059526	17.201080	25.856632	39.297371	26.391271	22.618217	9.020922	30.083188	17.984974	10.631888	11.933246	26.859512	28.217797	20.698984	28.596594	32.404267	35.713856	8.427276
12.255659	32.079871	19.532661	32.975613	10.414671	8.109768	19.169202	16.654120	26.142883	16.776594	12.428980	17.557602	34.260050	29.231098	12.960496	8.454465	28.305133	11.405128	34.165761	33.323659	8.817429	14.108785	39.367077	27.716037	9.885628	19.693072	16.875275	17.936997	18.098376	27.558132	25.512890	18.176768	31.918922	22.592146	13.431680	24.634370	34.394626	14.616985	21.708137	36.756453	17.618048	32.597915	36.768786	24.869285	11.251458	39.240066	18.111524	12.581477	15.123736	34.265412	38.437519	29.929047	23.665741	28.196257	27.623515	26.943737	25.990737	39.799984	13.061215	36.962016	17.361966	24.856688	39.371571	18.943134	14.608746	12.267289	37.244114	39.597265	10.976353	11.946145	32.583066	12.435015	28.311292	26.810257	15.701766	37.307612	12.399729	20.913647	15.413764	12.401222	33.431360	9.577599
21.964877	22.861545	28.544247	30.169046	24.819597	21.178372	16.416479	20.219209	11.127662	32.692305	39.842573	21.543462	22.518331	23.651697	33.232275	36.840169	34.690627	39.041732	38.631701	33.283438	28.086356	17.678014	22.248767	9.808635	37.617152	31.229173	13.742650	23.391081	10.478477	25.680662	19.334791	38.918609	17.672635	19.455101	22.559556	39.493299	16.813696	16.125909	9.454560	36.114444	14.604366	27.199426	9.117295	14.538952	11.433574	23.766036	26.122029	9.611895	34.242148	26.304721	14.874056	11.378150	21.794813	23.302764	33.879699	21.166196	25.911657	12.196549	30.023840	38.922577	25.775944	14.972437	27.330463	14.060735	26.738608	38.375208	21.597796	39.053492	33.586109	30.435390	26.822513	17.979757	23.090174	29.858084	29.169828	27.431031	28.458205	34.850966	10.324176	36.093440	14.446176	11.934773
12.058206	10.391878	16.608301	31.112805	33.116102	30.075416	24.835471	9.681922	27.121327	27.064102	39.927687	35.101415	24.053535	30.274475	13.742569	21.573298	8.634694	9.200549	22.885494	37.199472	27.069691	32.763233	11.333172	8.650912	37.974388	15.847144	30.249866	12.320037	24.895317	22.736478	33.117784	38.957869	22.668078	17.472213	33.342847	38.663050	13.255717	26.228923	10.709622	28.125032	24.030463	12.786600	9.127326	30.323657	8.758699	19.890522	29.981629	22.467164	25.675295	8.356639	9.707903	9.079183	37.729308	39.117068	20.753472	35.654958	25.741049	28.083023	14.810335	32.769684	16.639979	24.260410	25.707044	27.053357	31.410775	9.505966	26.544888	32.135546	39.312306	28.982474	10.714255	21.819409	15.267159	30.135239	8.548520	17.847325	33.382267	25.492272	11.701068	19.184195	39.081420	15.835951
11.170664	24.369107	13.141214	24.778901	34.770575	32.427806	35.032692	27.803673	30.532415	10.686769	30.153441	8.663138	36.724819	22.249202	23.399657	21.080322	34.279693	29.373428	30.964568	18.992298	22.296429	27.150773	28.748029	26.877403	8.003116	25.520320	24.364798	25.051251	13.516818	19.120692	35.615804	37.371833	13.183794	35.505091	22.086720	18.242777	33.932406	33.598749	29.111295	14.228384	16.069586	10.025589	38.393513	29.783800	24.676319	21.494456	30.384369	32.140110	33.377397	14.302391	19.591497	29.416286	13.200263	17.521435	17.095388	23.508410	21.695357	36.535180	12.964256	25.915745	27.648449	33.879796	35.755053	19.464778	9.679090	26.427813	8.076707	25.527469	9.768020	11.578348	11.170625	15.678351	9.311893	26.920278	26.695157	23.963792	15.439939	11.550618	8.003516	23.303187	19.120320	12.131667
14.298633	31.350087	12.272490	11.731558	15.878428	29.606936	11.127298	35.048993	17.308584	14.103036	22.011883	13.651698	11.027245	19.955682	15.935579	38.071196	33.394415	19.416515	16.718742	18.573533	19.650218	24.631085	37.637523	35.958995	20.779219	33.949199	39.384536	23.249561	33.316186	23.259697	19.857729	12.938988	18.558066	38.134092	11.864083	12.034003	29.703629	31.613744	9.065832	35.451984	28.992136	28.384469	21.963726	38.090246	38.881015	18.370034	24.929933	17.283652	33.144791	24.930118	9.772934	29.157636	31.268466	30.676990	32.591125	15.671579	20.802317	12.637021	30.397121	39.615467	34.969341	9.703065	28.394266	18.229952	25.483492	27.010331	23.822755	24.961102	23.357183	14.121111	9.591713	11.703159	31.423513	15.801925	32.663230	8.541329	9.045915	38.484364	23.570047	36.488693	12.942526	16.132826
36.606137	19.061873	16.566843	25.119181	25.442583	26.263630	29.197278	13.984319	37.476890	11.252420	30.660947	33.789942	8.344222	32.960534	30.922140	9.015514	22.300318	18.867047	25.201275	18.505367	28.590684	12.910140	36.968476	18.243155	9.684432	34.152675	14.772109	16.378763	35.917549	14.713110	26.012557	9.172756	14.498426	15.931750	18.078656	37.628056	22.830559	28.794006	31.820875	33.503629	17.816645	32.223274	26.135071	32.623326	31.621181	8.750655	33.707600	20.256774	37.648376	26.250169	34.563437	24.804747	31.209841	39.434603	33.939069	30.343786	22.357061	13.640218	11.984422	39.108194	32.420590	16.357252	20.364444	34.620770	30.518906	36.399593	33.397292	21.480497	10.668046	14.813141	25.987669	12.047100	30.098686	14.454775	33.958502	39.217926	8.714309	19.732466	13.061213	39.414802	26.981029	10.506957
39.507614	36.226845	13.876376	39.402929	34.684204	33.381614	33.733400	36.360910	31.021418	10.021431	9.333588	33.324078	12.942233	32.387838	23.206586	20.100488	14.725179	10.453773	8.251547	28.359415	12.176551	22.769918	16.350271	18.481701	31.669476	10.490920	22.671185	16.844514	23.020243	20.101827	9.551270	33.081114	19.565510	8.736192	32.677700	22.024710	10.416014	18.634123	39.251020	20.955721	24.997089	8.750680	11.060429	19.177242	9.166693	35.774910	27.597367	12.445354	14.082667	8.318271	25.882254	35.640899	16.118253	14.038097	17.934071	25.687336	33.418039	22.395101	24.106566	37.139510	31.680716	21.994033	8.746825	33.337711	19.351709	35.988969	17.459692	27.921463	34.308615	21.131995	14.457210	9.291290	31.973332	14.293804	35.388142	17.222275	25.698097	10.023963	17.911246	17.927303	9.406943	16.703133
21.919327	38.566252	19.660389	30.791333	20.361014	29.084661	15.041975	31.533943	19.003780	12.260075	9.513170	17.387391	9.390258	29.250493	28.244455	15.983353	31.813181	34.226256	33.764181	16.062209	38.114701	8.770463	33.529279	17.829679	27.780675	30.318854	29.714312	36.723432	30.458620	21.629632	10.168547	23.617639	16.234816	39.838287	31.772376	39.298156	37.282251	17.838629	39.131153	33.832383	18.655137	10.424109	13.977755	26.550810	13.476287	9.795548	29.101653	37.691127	18.463471	12.111522	32.141379	28.851445	22.155860	29.192685	19.327465	21.920619	39.258847	24.421346	27.498638	19.656544	17.450257	14.066254	13.035200	24.157269	20.463819	29.111901	9.434441	23.001065	11.552688	23.959648	32.056183	9.624591	12.730488	27.637522	21.638163	36.348911	37.943469	15.536948	8.190921	15.637479	26.601027	8.721346
20.046042	34.446219	21.836745	28.351060	11.787926	16.651869	22.555146	37.715962	29.642804	33.615012	21.617488	19.136723	24.990263	27.094045	29.266000	12.284231	12.982433	22.885276	32.912127	23.797454	25.981788	30.231812	19.331839	31.431002	22.075630	27.049480	16.599047	39.725580	20.728654	39.683181	32.420346	28.961551	17.960032	34.114271	33.845449	30.129887	27.591641	24.358982	35.420759	35.636241	37.272296	23.627228	18.369925	28.801724	29.982480	9.839285	9.372326	29.892943	10.092290	14.047174	28.184958	32.400521	27.046564	19.469529	18.476005	33.002700	16.255998	8.231476	17.628274	25.937487	24.883082	29.331838	38.418880	29.798783	15.309008	19.591263	25.779432	39.646187	29.410163	18.763752	34.761781	24.848837	14.286122	35.501912	28.216453	22.579300	36.854137	39.289355	20.022492	17.262594	15.255934	19.501989
8.441160	35.829591	20.353812	23.500433	37.619586	23.823380	18.198644	26.961426	33.621915	10.219737	32.934850	32.068373	13.964920	27.109301	21.440163	25.988703	18.967462	14.821927	26.362008	14.931651	34.003866	22.687575	37.152147	23.459899	32.179404	24.677470	24.738321	10.119957	30.925348	27.534228	36.319355	28.464981	26.158610	11.703334	32.105513	13.641746	10.478059	10.317851	28.547682	21.764654	31.576387	18.112221	22.649629	26.392642	25.438895	25.970964	32.004388	13.880730	31.953779	24.320996	29.171264	38.411104	14.800089	39.334107	29.493509	38.794874	37.040325	26.128031	29.341951	22.133881	31.929680	19.817110	8.697704	27.055063	26.527741	24.509526	21.788039	24.915659	17.221446	37.605489	18.982771	33.331773	15.274317	23.129155	18.009260	26.529609	25.940043	31.691666	13.935914	20.323001	39.220373	30.950884
21.882706	31.464442	16.811535	22.005514	24.951294	38.103275	25.172795	27.580433	30.740416	20.594050	37.802100	36.231049	10.006409	19.556684	15.538296	8.516099	33.583110	22.954991	38.690191	37.030570	15.451859	37.255304	18.875676	29.908314	9.041735	16.957432	19.768626	26.473935	39.822017	18.409689	36.256099	15.397235	34.489457	24.725408	27.608372	37.569096	28.686342	32.257186	26.101664	16.827892	20.501138	21.450273	31.784744	17.257881	29.653043	25.255701	20.971761	34.937002	34.929215	20.653168	9.075930	28.647162	27.606349	39.146318	22.531108	14.459653	36.313663	15.996627	12.582710	31.097905	19.419768	15.368755	27.049301	17.312809	20.169239	10.811258	35.098483	26.938119	33.861338	23.242079	15.866560	11.284364	10.059244	12.857660	25.939365	8.551612	26.799836	24.718911	24.462657	24.249895	15.205210	13.231652
30.766373	8.912851	37.555884	29.147533	22.628690	27.464477	13.959032	25.604376	9.847754	19.628096	36.717253	33.694374	34.540117	11.542241	26.970413	38.858905	25.528981	31.091198	11.681099	34.059356	22.992050	27.755645	20.010412	25.988528	12.520886	20.553020	33.697037	34.941198	14.391690	12.859712	32.559437	30.983587	11.249261	21.307608	18.621813	23.899861	27.840346	29.413147	34.441955	8.413952	19.447514	38.571492	33.506679	26.535850	27.474431	34.325814	13.526643	25.241872	11.417881	34.302203	24.599471	26.652744	9.599461	32.062958	39.296198	12.967690	22.152493	17.170489	26.676029	24.669351	16.532950	17.512283	10.110037	24.200171	13.195867	24.044950	15.460519	25.422503	30.642342	35.124667	9.315187	14.474203	20.736458	36.701300	31.640158	21.898204	15.141191	8.661403	12.780783	23.499007	37.559773	23.402189
14.838016	36.555483	11.036865	38.469444	24.606398	21.551964	39.615724	13.736841	37.767205	8.339645	20.574964	33.000270	34.300762	36.670466	14.080905	10.323912	30.666596	26.388487	11.449560	35.015612	20.165785	29.961684	31.691322	20.148358	25.225073	13.499702	33.915012	13.935595	21.897194	34.052603	20.780904	25.514526	13.644378	15.066938	20.022661	27.593065	11.188927	18.851040	26.488137	11.640141	39.086397	24.252315	19.569209	14.962156	23.449122	24.198147	9.413594	39.030802	20.246445	20.394896	9.953174	25.447420	18.879604	15.546138	15.641567	14.441573	30.990296	35.093838	16.123784	11.433004	25.981916	27.045733	33.188540	25.101238	24.097535	32.104077	20.579268	26.932659	10.709282	16.884227	18.120356	30.241923	31.013902	36.508374	21.812022	15.235753	30.210643	29.711353	25.947546	23.205632	31.244132	36.374546
27.185997	33.322563	13.465079	12.171428	15.997309	14.574007	30.474000	16.698838	19.655718	14.384303	37.335287	36.877374	32.348142	13.583108	11.472991	30.712911	36.491140	10.642206	12.392346	24.638343	26.999586	27.998393	30.795928	34.673598	34.442885	19.190012	16.203089	22.257149	37.991011	34.907184	7.993224	34.280383	35.636347	34.595179	15.973486	17.171204	15.248228	15.345164	20.066953	21.818464	36.930017	11.137975	21.329931	33.075931	25.090875	33.750364	31.014901	30.171532	26.490238	18.518469	10.369787	33.922885	18.022270	27.415025	35.640695	10.869177	32.630805	36.434739	37.483069	24.527077	34.586277	31.886223	8.718008	14.702276	11.550022	34.605258	14.262858	15.450603	17.675719	17.452024	26.830189	18.354070	30.062853	34.658479	25.100204	24.164581	30.837574	28.925628	9.303171	19.809753	16.847985	14.423945
11.731441	14.475800	18.858302	22.039511	9.865356	11.575736	15.928050	32.273704	21.005923	27.206484	24.812314	20.325813	29.457340	21.672557	30.781700	11.662021	36.989068	26.544845	29.985313	8.077843	31.689184	19.999700	26.636863	16.927723	37.853578	13.450990	38.254089	35.935218	19.805633	14.784181	15.399293	31.667590	20.871394	32.350532	21.890115	33.565928	35.666732	38.603714	15.131597	33.893681	27.160522	39.168917	28.929233	38.247652	23.007124	19.436657	35.178497	21.810291	34.056138	9.343692	23.807616	9.840409	36.067221	27.840156	13.765249	39.015660	37.926723	36.972854	33.779093	11.290066	11.529604	32.966819	32.518274	29.014590	18.468665	21.815122	35.024212	38.127388	35.737412	28.518125	22.649466	35.890180	12.045931	34.716521	36.990689	16.262573	31.935505	38.575402	27.027914	13.813205	9.150115	31.065409
33.246088	36.267080	24.361066	27.885144	23.465834	15.079607	30.272336	12.812862	16.076686	14.936181	19.417861	19.229635	10.224337	24.695406	20.006088	26.214105	13.468527	21.334471	14.363993	35.570422	18.832559	36.141912	22.225866	23.961318	27.806810	14.180472	16.883103	13.157468	21.965809	22.469647	28.984712	29.481460	10.942789	11.896947	29.915917	17.472878	35.343041	16.191143	15.438126	14.531095	31.639504	9.841646	19.622413	21.870590	39.425928	35.664944	36.428072	9.754568	13.040593	28.760521	26.079673	27.884422	30.153243	18.917098	24.834188	24.331447	19.029859	27.622875	19.705493	31.826888	27.187833	36.782262	9.882054	35.512086	35.503963	31.910343	32.469391	27.666902	38.624704	30.265818	12.535175	30.451101	8.937781	28.472033	16.139556	25.742387	27.034283	24.071545	14.294768	28.897250	27.966389	28.882197
39.056813	30.001489	16.158352	33.051444	36.061359	27.334864	27.941058	24.747003	38.702964	31.638262	37.006456	28.622678	31.034199	30.113405	35.399231	37.900837	20.666484	32.506068	11.118576	23.463824	18.144880	15.797514	16.780658	20.213155	34.405060	10.220235	10.567009	15.590640	22.606529	31.186504	34.261070	21.902674	12.995840	13.890663	31.089405	36.483337	25.541941	35.709824	32.613856	28.157452	31.360440	34.906092	10.617064	20.529929	25.684448	21.033392	24.620622	9.860963	26.857041	28.247019	39.222220	21.113918	22.756793	36.062587	28.780593	11.774762	15.544790	28.998427	32.062965	12.118205	31.094951	19.533580	16.565390	17.144896	12.746506	39.759928	27.629972	17.938927	24.449865	36.003222	27.320712	9.665610	24.711518	17.786626	20.894783	10.612802	20.710888	23.964516	33.449508	11.319178	32.335251	34.513780
36.701071	38.841483	22.993419	17.183084	8.051747	17.442917	18.203082	25.405512	31.810485	26.006212	16.033639	13.342491	28.369986	33.175342	37.014181	8.551175	18.318932	11.917332	26.662693	15.715724	12.964340	36.717904	9.413805	15.059730	29.103683	20.337837	28.286163	35.369564	14.569997	31.469275	22.927523	24.441624	35.983904	33.385368	35.170145	18.638499	24.474632	27.758251	9.795089	26.429262	29.699639	37.740827	23.510847	33.603153	33.996740	38.061006	30.463691	20.148295	36.369505	24.757008	17.167306	9.106933	18.105862	39.273379	36.397876	19.149680	13.657805	28.369419	8.631904	10.567021	37.731449	26.334436	22.615290	18.059160	21.600861	8.575272	27.294228	21.878788	30.418660	27.619834	17.399424	25.579763	8.981567	14.685333	26.298729	31.773406	19.902438	14.592778	38.211569	19.926179	11.141453	24.347362
37.224683	31.258218	8.343968	31.396073	27.665630	17.578868	33.104829	17.722938	11.233287	33.077686	34.799285	9.954310	15.706535	38.903932	28.360165	10.800318	16.927436	28.506214	23.614387	37.848875	22.691499	16.644334	16.258682	18.683490	31.330121	9.279552	33.191112	30.072999	34.666075	33.417950	15.847152	23.631646	22.413960	17.812466	17.117076	19.655577	28.761176	35.682617	19.978370	34.888351	10.759979	8.704144	27.569976	8.339463	39.735280	12.985453	10.934089	11.971149	21.845540	28.806461	19.386378	33.745846	14.889439	37.929221	18.644360	27.770643	9.622108	38.173383	24.166161	32.833799	16.774719	30.264013	10.049870	39.448808	25.076238	25.240030	37.276258	32.053052	10.186779	38.617483	16.269074	11.072505	35.102401	8.830675	28.973193	7.999540	27.662077	38.051792	26.541490	38.842422	25.589169	8.343999
22.164302	35.181656	9.573084	14.125736	10.952066	11.339135	30.513270	15.584078	18.501122	25.047655	26.623825	35.561162	14.613560	38.950427	17.008008	33.861663	24.790624	35.007391	8.465672	32.622550	15.502821	25.782458	31.792067	11.549999	25.052343	37.435881	32.480625	18.168460	10.945540	21.071263	20.377838	28.663410	24.802313	34.175669	27.495270	35.690462	8.668908	26.931823	21.585962	9.298803	13.530644	36.454817	35.526971	15.774144	35.095143	27.200430	31.044670	28.771385	30.267811	13.490595	28.906869	26.964121	26.939815	37.294328	33.406618	27.015902	9.523506	24.234851	13.965519	38.936422	22.427505	8.464569	28.799489	26.193887	23.339307	29.637457	20.282182	17.252504	24.000715	39.349386	21.739740	19.620399	12.634398	32.650152	35.333856	22.032971	8.680180	38.874238	28.633801	21.266431	21.133178	13.470054
9.906325	36.937023	31.113422	20.825143	19.885307	37.233244	16.842686	25.525770	17.151584	39.122912	11.268942	9.143686	17.716582	31.816113	29.649005	23.824905	22.210121	34.648507	8.340975	39.596481	37.708370	17.125462	10.583243	33.568967	39.157098	35.064605	38.513571	35.204518	21.240836	26.024465	14.440766	10.608102	20.501768	21.618116	28.323860	36.530274	10.757893	19.955500	8.050105	19.374744	12.783961	35.567247	16.477362	29.674874	38.873834	22.036955	23.688704	21.503704	18.165269	10.272832	26.604618	23.924459	36.718252	9.310748	23.302189	14.417561	32.227512	26.968142	14.675404	23.576767	12.321085	24.891401	10.618909	11.284965	12.499203	11.752352	24.116266	37.543331	28.623537	20.603277	34.896271	31.969855	39.136648	37.498408	28.392788	39.017983	21.612000	12.592049	23.740918	31.597198	16.763712	17.781256
37.612968	22.407811	22.163117	11.263042	9.011245	17.837206	34.954065	25.332258	36.648008	26.094454	10.622469	37.117972	33.403190	34.128531	17.255069	20.465562	23.833234	19.490896	19.340030	13.017275	25.278942	36.947223	20.149461	13.879898	24.568976	36.022761	15.357878	10.973019	9.945122	38.431393	15.770367	27.071319	13.258674	21.740209	15.578527	24.712218	32.384358	14.753906	8.052042	27.590554	25.778196	37.523968	9.974694	22.996819	18.516950	30.613933	23.879146	15.162910	22.693779	19.446669	34.559490	32.458468	31.849409	27.772123	10.628460	36.537197	39.502115	14.430028	36.287112	10.041846	25.108569	25.800589	39.735889	20.416133	37.249897	17.143608	11.243590	8.780609	28.766534	9.890312	27.727618	16.893589	12.727631	19.403508	25.593508	38.603572	16.132737	31.449938	39.705641	24.490232	17.804714	19.396635
39.539961	9.719153	33.069026	21.092525	9.132928	14.210575	30.210514	33.377284	31.348684	11.807381	32.251063	12.440738	16.550521	15.649618	17.924719	28.726311	33.118321	24.066017	17.277598	13.653492	31.917788	31.249974	20.102420	21.482485	17.268806	31.394903	25.430606	33.725756	28.152451	34.381355	27.862100	13.540874	32.935192	37.325577	38.536511	12.726615	13.377357	15.387870	27.365523	37.367544	39.726729	37.963761	34.702327	30.796951	13.443753	22.948029	28.038081	13.262417	18.094924	21.554466	14.785896	17.226836	17.658437	29.866556	17.943823	17.258057	13.442859	9.403815	18.214919	12.217372	22.016048	20.336707	13.268053	19.853557	11.675249	21.228693	18.597357	14.941889	12.826182	30.593373	12.778908	24.030786	9.657714	37.067779	29.526229	28.798245	17.945125	25.074845	35.033067	25.587125	16.786656	12.104985
36.688868	31.715109	10.169411	30.001166	23.401392	36.014093	22.139116	25.082172	37.485670	19.473398	30.136379	9.480716	33.734432	15.298336	38.254548	36.230020	37.578073	18.754050	32.929590	37.738211	23.020168	37.142702	16.995419	10.336804	30.668507	34.006167	14.308193	11.911794	34.514248	23.799051	23.753237	14.034689	34.601349	35.189778	16.984699	28.668367	28.539095	29.421585	16.459224	20.475711	8.622114	16.019782	36.276532	25.631140	18.591968	21.336529	39.391410	18.564408	13.587768	24.377819	32.030008	11.173335	32.548969	22.236039	33.525168	33.637084	10.334934	32.067812	26.264172	13.860262	25.441619	12.838386	32.073280	16.822621	28.762451	12.679211	33.363865	12.608328	32.094009	18.985525	24.905095	10.650831	25.347869	38.441825	21.014014	23.682904	27.231817	11.383721	21.833558	34.140627	28.409815	16.144042
25.598215	37.297151	37.647165	35.983530	28.913117	18.602431	32.984682	27.622936	22.252971	30.840386	11.757105	34.739873	31.772851	32.707809	35.291057	23.976875	33.655104	26.527167	12.001740	33.940421	22.912105	30.771462	35.058067	30.013460	11.410268	28.850778	27.092217	16.745849	35.686693	37.277646	37.433985	14.633292	30.062951	37.460628	26.213759	12.789192	13.614838	30.566202	38.980315	23.722599	10.882881	31.255828	14.822438	13.130085	25.786177	21.486406	10.519134	36.292587	22.686168	33.276855	16.225201	20.140140	22.905368	9.874022	27.454396	36.146050	34.671530	37.239486	37.328951	16.978731	27.097606	15.087865	39.455591	24.065944	13.177208	33.859025	10.202856	29.727876	25.198325	29.352084	19.521408	17.232354	18.726689	19.942654	31.418064	12.811535	28.237994	24.031015	23.771940	36.899850	29.509143	9.860404
21.579224	33.741004	28.407113	25.732166	22.228127	13.524989	10.101107	12.174106	16.542233	23.359773	12.331315	30.560134	23.144441	35.619766	16.995630	23.044830	12.850123	11.912530	36.368350	39.695101	22.988280	31.917651	16.325929	35.952556	29.381685	33.260240	8.100332	26.081624	25.930078	26.788755	12.904571	22.553941	39.155198	29.406277	10.431202	24.320739	20.627708	38.019110	13.185279	36.333737	30.488601	32.402313	38.962529	20.429344	25.571357	32.311439	22.404047	13.194762	22.747496	8.226361	12.222662	27.450432	35.843053	8.004520	35.565160	15.279013	21.241532	31.479013	39.452065	29.991671	38.817138	34.704292	29.832702	31.717493	10.769089	35.162650	29.530019	25.984331	36.115882	16.558745	22.767095	26.490691	31.709128	11.892566	14.300357	17.662572	26.015889	23.168407	36.036752	9.750125	10.923253	25.953387
39.142178	12.966515	38.533868	8.961820	16.769838	28.762136	20.605513	34.251388	33.131861	8.647505	9.625628	25.422061	33.833544	30.182148	31.695852	33.593350	35.580533	12.940258	39.747125	14.591453	31.814849	13.421471	38.941751	14.044728	14.916259	39.390188	35.639881	35.168174	10.444982	36.330304	16.541239	25.873949	35.070606	28.297503	26.115017	16.609996	32.483591	11.002223	25.525210	36.788320	30.331175	22.096085	39.394864	26.830095	14.581862	24.969214	28.098082	9.506573	12.253337	21.105962	10.890380	25.783504	23.906595	36.916918	17.560746	36.430442	16.136317	26.662845	19.593860	30.929758	30.943487	11.038775	35.299360	11.934437	11.945110	16.646924	16.504983	16.846947	31.892175	30.409217	10.198625	30.763219	22.466273	11.775013	15.341831	13.187652	12.582469	33.548089	28.769299	28.227380	24.870293	23.719047
22.612855	37.136944	25.082271	28.576892	26.808755	16.083116	19.736909	36.405890	37.857131	26.781343	20.250898	8.666393	34.682484	19.729488	25.912846	32.337136	12.748671	39.149388	30.581267	24.844408	10.137329	38.916205	17.011495	9.938106	9.449523	26.246997	11.154361	24.167103	20.696107	31.381469	22.403636	34.931266	8.521315	12.118968	13.783725	24.539181	18.912269	22.275380	19.376269	27.002284	29.439758	11.386712	19.187913	12.181264	33.797839	30.846902	26.841132	26.289632	11.793323	36.361806	8.770083	32.489699	34.738943	20.878527	31.028098	34.618216	38.003069	14.672491	23.727189	38.000979	32.463447	39.464588	30.343014	24.150615	11.702379	37.712495	38.177651	19.567027	32.079838	10.894570	15.646107	30.629005	31.846731	19.536399	23.770525	28.664503	9.331388	18.280750	8.335015	31.712798	30.871382	17.440928
25.853771	20.854179	12.337647	34.440094	12.607813	13.091645	28.153712	30.115447	8.985350	34.623224	34.964385	25.774185	29.725673	26.052818	10.896752	16.690573	30.236181	22.097503	35.368184	14.356851	32.716708	35.281041	34.316943	22.530512	16.230358	13.423551	10.666546	15.328087	24.086184	15.007134	35.641721	36.090104	33.279168	23.740140	29.597959	8.253144	30.164183	28.118838	22.839857	34.742572	21.592127	16.827627	26.982019	24.204637	17.729411	13.719350	8.394430	36.157623	12.168038	20.969839	32.228164	32.536724	9.592102	22.846195	21.850206	12.648490	29.023458	19.648577	9.147935	35.093490	27.523004	13.293005	19.541076	28.936296	11.069046	12.146924	36.214276	15.264071	19.861021	22.777443	24.450175	10.822081	16.140697	38.788728	8.488849	21.780370	39.510017	17.498316	8.104033	28.331571	20.216509	34.227831
13.818633	24.480413	31.848640	20.286199	13.182499	37.879624	16.449106	12.926148	14.624811	10.386130	35.553633	26.920663	15.606761	19.165594	38.033058	24.971593	29.693004	29.839242	30.980418	27.293059	10.863513	19.095843	24.049864	24.233905	29.386753	27.341100	28.286241	29.643823	8.579097	18.692854	33.285076	20.848056	29.004896	30.219642	37.230722	26.811331	31.072249	16.699087	36.581355	12.110539	18.837780	26.935088	19.383066	19.965837	17.428600	21.841032	32.374537	28.101178	36.112204	24.533699	21.277696	18.773851	14.546461	37.670678	34.099108	10.437651	18.081006	26.742699	23.076216	16.323784	14.808461	15.744284	8.171996	27.831317	24.245676	32.349729	39.216663	11.342719	14.614397	20.950940	17.335449	16.183890	25.797368	31.568027	24.783785	17.776975	35.075553	17.954409	36.924663	16.450803	37.623475	20.553467
23.041810	22.889884	30.466022	12.206527	39.670396	22.737795	26.899923	21.344659	20.461231	9.937087	30.446079	13.432162	9.754103	8.131597	25.972311	34.157532	28.778148	39.025328	35.380560	28.173802	24.159220	9.491920	8.196661	36.151609	33.577853	13.247045	13.661951	35.597399	18.984173	20.078679	25.123346	33.059473	32.379839	33.070254	12.722196	20.152351	12.287892	20.675197	11.848654	26.348808	39.946613	16.208185	12.790669	10.114814	35.260013	24.901725	38.734416	39.936469	34.987943	27.930383	17.918641	21.431274	22.629281	16.739423	12.363492	26.949277	36.245929	16.054070	13.286421	25.921458	29.908541	39.557398	13.892705	38.842135	26.117210	30.975545	35.355900	29.776056	22.959280	16.012759	14.512585	12.438077	29.081245	35.322913	39.727773	31.367209	22.488233	34.835557	15.798564	34.524556	13.821074	16.257326
18.716381	36.642599	28.727761	20.786976	25.491662	39.827347	9.915879	22.910259	26.623470	25.916146	20.961840	30.551938	30.759257	19.529518	29.317546	37.482767	25.364779	17.733589	23.914992	9.670239	10.655270	19.579209	26.629975	25.951187	22.207154	10.698873	24.394249	25.445232	22.566550	26.386256	11.528582	28.005561	8.023202	25.724409	13.403853	18.349939	34.558603	23.844028	13.783936	30.850593	29.541598	26.936895	21.274970	37.964537	10.356125	35.545952	12.156515	29.833427	36.927714	19.319256	15.111630	26.393880	34.373057	28.411973	8.431581	38.597803	37.707462	25.387711	34.917223	8.214368	30.200162	34.064309	19.720131	33.895738	26.888012	18.137559	11.338953	29.994382	37.436315	23.030106	13.084537	36.236192	13.804710	33.482053	15.641093	9.409620	25.623413	25.919984	25.850206	13.191042	17.913012	14.958529
14.546949	35.662256	27.279785	29.222320	12.459793	38.272272	35.313569	32.961620	29.955785	17.823561	19.182216	9.126938	32.316880	33.670178	31.485494	32.131962	9.514418	16.649365	33.626587	9.669710	9.527136	11.255288	15.964957	32.873951	37.596731	10.959711	33.632130	15.231084	15.251465	38.665105	15.521073	36.549640	21.583901	30.331241	35.555589	39.942249	26.600344	36.539623	15.381573	33.581295	33.501242	39.580737	26.973362	19.847230	35.532712	12.359891	33.514127	34.818816	11.565383	16.838875	14.401581	23.743769	38.425125	24.701649	38.849239	38.306613	14.486181	16.983718	21.859432	37.918753	13.591592	39.845451	20.312482	29.916584	38.825078	8.180614	15.968733	9.641497	8.941935	26.606780	38.830283	14.036588	27.148049	36.509806	15.907988	14.728892	31.417716	30.899705	9.161198	8.794910	18.868390	10.956477
34.868988	19.647267	13.784007	31.698070	33.071429	15.727547	25.201217	31.390850	34.361320	36.784858	28.207895	22.276281	26.024615	22.190823	19.931714	38.773204	36.897712	21.011504	10.593197	9.374340	12.107636	10.373147	20.077170	17.583027	14.882055	22.200774	15.577770	9.309754	34.953572	26.326715	13.059785	22.809831	36.036954	18.056791	19.088196	17.756645	26.030716	27.054859	25.850330	22.392076	26.956605	10.669442	8.701324	28.973653	16.860551	24.645262	26.888359	38.798884	34.323449	15.088273	30.750288	20.253577	22.162452	10.889374	29.625056	37.574410	19.901539	23.562061	28.362233	17.338808	24.982784	18.268701	34.341487	38.523420	30.361376	8.071974	13.856916	10.724220	29.636894	24.472902	36.387450	30.680108	16.580008	26.769764	8.630742	14.414041	9.344003	23.418529	13.293262	12.863302	14.815411	28.587176
24.441656	32.889630	14.001178	22.669684	17.054217	27.082986	22.601463	22.785084	25.354560	29.274118	17.831545	27.119540	8.941845	21.966139	35.009737	35.867771	20.642940	14.629972	13.037160	15.260278	9.989755	12.983141	12.464212	26.345181	22.390324	24.607976	33.472230	21.566997	28.991184	11.563276	17.653412	27.112935	16.578206	26.138078	27.831190	29.511954	24.111320	25.638335	24.141255	29.712510	14.310440	20.961856	9.408868	8.273438	18.253173	35.877530	20.154391	29.329680	24.961961	33.383284	25.430352	13.752659	11.181821	19.834700	9.437522	17.979210	24.722498	24.927522	9.471397	13.892461	16.531928	38.493963	17.763270	15.520204	25.914264	10.953757	28.965863	39.392062	27.348388	39.297329	13.803728	12.539471	39.504115	13.784419	37.900935	27.390685	30.471580	19.339551	36.912104	16.619433	30.905086	11.788904
22.746539	24.175087	33.203967	16.682598	26.032355	16.333452	37.172165	18.662141	37.417157	16.117882	9.740930	28.157803	33.324179	27.893417	27.946674	13.277190	33.682328	20.524435	31.526989	32.769898	9.662925	26.029278	16.605407	25.589154	15.592756	20.105799	24.466106	8.756216	9.317383	9.146894	11.992714	18.915823	12.582575	31.962741	34.841413	19.969267	22.003283	29.876463	20.946355	26.983237	13.678168	28.652826	27.895454	8.200008	11.901538	29.796712	26.402949	37.214160	8.429293	32.037900	26.272677	27.019268	20.832557	9.211898	20.815654	9.113982	37.410674	14.568417	39.103733	31.839328	32.939497	39.076370	26.617088	16.064028	35.154742	35.513596	34.568825	30.076437	21.983465	21.262786	33.501883	31.847858	26.199951	39.325744	13.666964	35.861822	9.525377	35.235148	28.372468	21.713219	13.060367	31.680359
38.410551	38.620239	20.215750	16.020515	18.755204	14.971759	25.956860	12.298142	9.585110	18.039131	15.734060	32.511684	23.808714	16.457238	20.939154	27.909482	35.612402	38.458517	15.182740	36.710283	24.398928	17.710889	22.890513	29.070125	13.865747	9.267002	16.140250	26.962637	16.696653	16.461970	35.539651	17.820146	19.324753	23.761181	17.091870	26.371687	21.123519	38.745041	16.899431	25.619241	8.233892	10.515878	9.677369	23.639800	35.045151	16.169124	37.415967	23.877698	30.531547	39.548197	31.253386	34.250144	22.543837	32.788558	32.556979	36.507749	9.520611	8.603700	36.944987	27.693525	18.693169	12.009345	15.393056	8.113546	22.142310	12.609009	30.683639	9.901320	9.066372	31.970049	11.535540	38.811446	11.130239	23.365600	23.920460	29.328004	14.881218	32.176562	21.140167	17.332661	10.377196	15.189530
16.502054	17.796845	38.916599	12.139972	32.562952	26.195246	8.594064	20.375430	30.903154	13.378332	19.476806	34.564698	22.308149	9.341954	15.617514	26.674360	21.980717	14.098012	9.149029	28.318355	27.990688	26.675628	38.233075	19.363801	12.755798	20.497320	18.965966	16.693310	32.995974	26.339529	23.619296	38.080132	18.621828	18.833469	28.471462	8.433601	28.532647	38.467772	38.085246	15.242783	38.146919	36.591124	10.070382	23.679271	16.733403	25.919867	27.792020	33.178131	21.510693	19.811748	21.503193	20.540503	25.120326	18.164441	8.179486	25.473959	30.231395	26.258138	24.575767	29.675815	29.404474	15.350735	38.827986	8.461120	39.861646	10.723190	35.181586	11.443801	27.058128	23.699315	20.088977	8.301704	23.622097	9.748676	22.630164	24.523115	14.996180	26.620993	34.496495	17.222409	31.477922	28.883352
35.225797	22.192070	10.670142	16.665066	27.172747	27.610523	34.086000	19.966032	22.193114	39.687290	33.441042	11.749765	14.626009	9.282769	21.899239	26.414518	30.889939	19.921341	14.787990	20.538266	28.160974	35.045081	16.283838	10.038355	19.856689	18.178395	37.516113	14.513290	19.932562	13.010524	22.957675	8.050571	27.033532	24.325659	25.710452	18.179788	9.461136	21.887871	35.889756	35.654322	10.091329	10.695055	38.867421	8.023936	18.272693	17.382098	19.337544	15.944386	37.705498	15.691693	19.691384	23.539689	18.341603	11.226904	14.397129	12.955562	30.935986	38.214344	19.856348	28.359048	28.387931	31.982618	18.748208	30.928691	11.277916	37.489076	16.898622	15.876071	12.830731	22.342708	30.472053	37.098549	20.066175	39.797798	30.931564	26.151609	20.838390	38.908077	38.015851	23.088730	35.254923	10.062700
17.969372	30.325611	28.726356	26.131842	24.148248	39.151818	19.111240	8.035887	30.946962	10.804714	12.687074	18.101114	22.510934	13.437526	9.271522	28.518527	17.523603	30.781846	15.716742	37.188008	37.130281	35.549866	10.094664	36.036889	12.331550	20.921769	31.159846	8.190623	39.150126	34.612279	25.357265	24.418430	20.573560	29.751686	25.351903	32.136981	9.377216	23.350462	33.610372	8.426403	38.056169	9.224334	39.339953	18.241621	9.794269	31.685443	17.543326	21.696866	18.607949	8.544123	24.439447	11.624933	25.671371	38.997474	39.251467	16.894060	18.437282	28.363553	19.079608	17.635659	29.596158	36.627851	24.267765	34.075684	39.109757	26.636240	17.291065	15.413081	22.716155	26.018611	24.706003	27.725367	15.801387	14.836390	31.937433	9.512867	28.256157	38.239534	36.237515	27.753942	27.068610	39.759826
32.094010	29.695432	11.109458	27.192075	28.527359	22.208769	34.394541	36.152154	36.247502	19.855107	18.546578	17.844818	15.901023	11.276956	19.917131	8.322596	8.654239	32.812498	20.633295	35.410620	23.578588	21.320595	23.997003	33.132076	17.062482	11.091326	21.996696	23.858933	8.605536	16.974743	13.484670	11.509381	9.564178	21.840865	11.655467	30.156790	18.931692	14.095194	39.507958	30.149713	13.727572	31.136825	35.763998	31.862607	20.738052	21.251989	27.765876	15.631012	24.193622	32.810545	18.223951	19.784053	22.939348	8.706497	31.188558	38.122359	33.330402	34.908652	33.021140	33.794820	19.303725	36.110958	29.779871	38.967625	15.383029	38.104578	32.106143	25.009232	16.947226	18.539202	35.622282	9.715598	20.450353	8.968820	28.867909	24.034333	17.558663	25.344767	32.420904	26.903063	20.185109	32.484488
25.701663	27.106349	21.916770	31.823362	37.384737	11.385367	39.618100	19.510866	36.299325	32.681667	32.678105	19.624098	28.452755	31.354967	12.557126	30.468063	19.954908	13.373633	15.886164	36.613519	24.715789	13.075327	39.598373	12.043615	17.436274	32.583924	15.251592	26.395710	8.995616	32.851230	8.591003	35.333154	23.693320	34.730948	18.569540	27.981479	25.464420	27.316763	25.947825	19.673373	37.518992	15.186076	13.860027	10.972723	22.344077	34.434345	12.605138	33.632477	22.359344	12.279810	23.973475	39.370318	24.876693	15.008549	23.898684	11.625963	14.902920	21.821706	20.902350	13.674277	30.740264	16.522655	21.737537	20.439166	12.323410	24.915616	20.340589	20.195067	38.940037	39.707749	23.431627	14.530568	31.380733	33.541074	18.309960	20.069619	25.557620	24.985091	32.769178	18.762851	22.954439	39.520768
