11.293146	20.432269	9.804833	12.460379	14.989752	10.827940	11.394957	15.446916	12.220160	6.671308	13.344046	6.504171	15.027127	17.991506	4.785350	17.335734	15.410931	10.695349	19.855586	12.723644	11.723245	17.337506	7.389311	8.562924	10.288961	7.982988	10.717301	17.134657	12.329162	11.969099	16.325822	16.656109	7.079378	19.661468	17.573787	13.828497	17.557691	11.517795	13.126814	4.446660	12.198259	13.230477	12.189243	12.846034	14.435190	19.171852	13.801700	10.603038	9.806256	11.781519	12.864990	14.684025	14.653437	12.688905	5.762722	7.687387	9.076029	20.266814	5.315469	8.145177	16.863565	7.231734
18.364781	13.160941	15.595195	9.482396	7.147891	12.836931	14.882170	15.519784	16.860056	19.975492	7.549745	17.191402	17.800215	19.677550	4.985586	7.055355	13.023408	8.133333	16.383139	18.589032	4.198767	4.736125	8.471116	6.581312	16.052691	7.186328	5.634790	15.363735	10.571131	4.303293	16.564466	15.299067	16.946166	9.152179	9.337443	13.534730	10.299531	6.148220	14.592721	8.616300	7.494001	13.175712	12.698395	5.104822	13.763585	15.951960	16.130544	10.374470	9.995892	13.435908	15.563686	7.104036	11.121637	19.075150	7.793649	19.477337	10.967617	8.999280	15.986337	8.507585	8.630448	18.059330
15.568906	5.252595	20.043961	10.597118	8.032926	8.039157	5.220436	14.521836	12.665435	18.517309	5.936619	18.861510	11.927834	11.808412	10.762769	5.041268	15.409801	10.267289	15.440496	14.795260	19.134027	11.049739	14.818496	12.021205	13.358082	16.422988	8.336255	16.514939	18.553186	11.843367	9.008187	11.430614	19.904915	13.526065	17.363740	18.311017	12.284522	18.637756	20.142085	18.053142	5.331705	14.710381	5.488933	4.213841	8.522029	5.178779	20.030805	5.743719	20.456879	17.033012	17.055796	13.058770	16.823410	12.825533	9.025757	20.426556	14.389314	10.758671	4.699382	19.936399	18.883417	16.350534
18.667861	6.929380	10.691959	20.449324	7.851959	15.739219	18.672740	11.543377	16.568250	10.218944	8.013838	5.293964	12.377562	8.306915	4.744896	12.202494	12.897439	19.683439	18.975376	19.554932	8.540286	6.890267	6.379557	18.468971	16.439100	9.074663	14.286255	6.579196	9.342092	15.716165	16.197277	8.243639	5.132457	19.608727	17.296689	5.120023	18.189411	7.164514	18.475553	14.901813	10.173734	10.538426	20.321442	5.355710	8.242240	14.030903	11.119334	6.462063	15.759990	14.690265	16.449160	9.120129	6.253008	14.144410	9.682027	11.303693	11.270060	13.130956	10.415014	17.761169	9.067552	11.260361
20.552100	11.573837	16.801422	19.467066	19.500823	15.997697	12.342609	13.337465	17.067432	10.404800	16.009375	17.271410	15.045626	15.177212	5.996338	20.179231	15.774709	11.705005	5.315004	4.380679	16.080497	9.856918	17.888589	8.927975	9.499257	17.239548	8.524386	14.033741	11.101365	15.169734	18.880281	13.694183	14.214443	18.469553	17.875841	15.666903	8.368597	5.354038	10.941392	13.904398	17.020753	6.298432	6.674446	14.634482	17.850325	8.634800	8.587826	16.179727	20.340617	7.707105	5.882449	8.773402	4.134499	16.055685	6.832132	9.212143	17.015472	6.287858	9.934044	6.325898	17.368014	12.634496
11.005911	6.105978	6.260911	20.315565	12.586360	13.699993	14.968750	5.794243	15.706321	20.465173	7.652730	16.218949	11.931997	16.031722	18.234419	6.310356	8.847277	4.542320	19.894791	8.507089	6.503567	15.198175	14.605501	10.517382	20.125655	9.006937	11.590838	17.596863	7.204878	5.227557	11.490105	13.034764	15.466700	13.586688	12.310388	16.088917	8.562786	16.926544	12.984640	10.701214	8.371776	17.093728	17.937041	14.595928	5.233341	15.334102	8.149442	19.199249	7.699971	5.909513	19.293338	8.422860	8.380049	11.397057	18.711167	16.198615	8.940540	10.096464	11.314117	14.186075	12.538632	8.763682
16.716144	17.039109	13.647244	9.393140	14.509596	11.091336	17.929568	16.172120	7.862853	7.104182	9.282964	20.096549	6.064369	16.141044	10.754758	18.017011	11.317158	11.078813	13.137298	10.924338	19.057726	15.439053	11.936707	6.968025	18.293563	16.241023	16.232383	11.556480	4.885883	13.201946	6.147587	8.793885	11.450899	14.887869	8.430396	13.745518	10.260639	16.834889	15.898718	19.786528	18.589310	14.492322	13.364327	18.196633	9.937947	16.539573	8.296447	10.522210	11.851906	18.438926	17.835556	13.831365	19.604374	16.067564	11.618868	17.076605	17.813145	8.519143	5.470602	12.249093	6.981038	14.739036
19.905376	7.684326	16.805774	5.605264	20.499300	12.486853	19.312403	19.089650	10.608754	7.198043	7.244079	11.164515	19.491857	9.024354	9.995458	5.811495	20.501917	9.151555	9.644151	18.383918	12.052265	10.570783	6.104910	5.602706	13.902576	11.810035	16.735183	8.506077	8.686091	4.619109	11.894967	17.332652	7.376524	17.057630	17.033791	19.390120	10.907159	13.192360	15.728929	9.383101	7.060693	9.288106	20.128440	4.458828	6.106406	17.691554	6.121864	6.214133	13.394585	16.946951	17.325227	5.181304	17.511300	5.043993	6.098066	13.461237	6.451679	15.437860	13.440989	14.080698	15.669423	7.892461
11.921200	15.416221	6.878626	9.189510	12.126758	19.948605	15.602232	12.842945	11.294755	12.814483	13.134423	16.519787	18.084405	4.535385	16.140983	20.199645	16.735207	6.043094	8.503580	17.739341	19.209535	11.504166	7.738097	18.924494	13.795016	6.728973	11.975165	17.823097	6.388855	15.756816	20.519246	10.384700	6.626562	10.080665	4.453771	8.451610	10.506832	6.684008	17.814704	19.394789	15.942959	6.825425	9.224570	4.148051	4.553178	14.202830	13.604611	19.399757	7.638919	9.268565	6.855345	9.852007	8.780171	16.433406	18.245780	8.128082	17.223100	9.024223	19.841619	14.933838	19.509735	10.256448
15.555051	17.672125	12.943620	16.293032	8.137105	11.528900	13.553370	5.201265	7.557478	18.705496	4.335688	20.409161	14.716421	14.823688	13.321181	11.170954	7.557648	11.515834	8.984438	5.462642	12.854365	18.078905	9.458808	10.664065	7.628476	5.352446	12.164832	5.890905	10.724384	15.058848	19.253965	9.884473	19.207464	17.200174	4.808455	16.605042	17.027999	4.459317	18.876557	7.215588	9.752341	14.194867	19.638361	4.487638	13.843845	16.674435	9.461192	19.811204	6.539982	16.587859	9.396749	11.010641	12.404435	20.439187	7.672536	10.659702	7.520510	18.482962	14.292277	18.478764	10.828983	12.431783
11.920910	20.003677	12.949892	6.198074	14.627626	18.433174	12.266785	9.425529	4.322248	7.639185	9.502933	10.917539	12.532322	16.568316	7.666214	13.680029	5.318920	20.165382	8.484626	14.341487	18.012276	18.046081	6.201068	11.337824	8.525764	9.382430	6.439043	7.306584	18.434932	7.238689	13.330052	11.423900	12.123693	12.926168	17.447710	13.564726	15.741231	15.146704	7.657172	6.800926	7.988054	15.294247	11.338733	16.315565	11.715933	17.079541	19.029792	19.332668	18.278222	10.118884	18.991645	13.885193	5.300882	13.206056	6.270074	11.340828	5.215435	14.217508	5.588947	8.680819	15.712955	13.104990
7.277027	13.246087	15.281850	5.478743	5.817800	13.756826	13.190832	12.738320	16.527205	7.198824	11.672151	5.106328	18.251028	10.862261	19.701613	4.931752	19.553855	17.760331	14.920640	5.641510	15.355815	10.079012	12.715255	18.839653	15.197629	12.151257	10.250946	15.703978	18.025581	5.451496	6.747326	4.140708	7.608990	19.906084	19.767877	17.220497	15.533423	15.583631	13.482441	4.258263	17.584613	9.775634	6.993091	17.010398	5.721585	6.856907	20.642290	14.910210	18.711962	12.068275	17.191075	6.455310	8.744714	17.664126	12.194743	5.045927	5.483426	11.926975	6.940372	4.595572	14.287275	11.606941
9.627798	12.542852	8.892773	9.725508	7.623346	11.701938	12.800780	11.167260	17.031522	13.019505	18.916878	18.747926	19.139511	6.070356	20.419059	18.237595	5.796697	5.118098	20.570829	10.194921	7.423720	4.334167	7.226473	14.564760	17.310323	19.540244	20.031497	12.727593	10.478703	11.243922	17.514085	6.574426	17.107106	14.275951	14.892641	18.533120	5.552258	13.091025	14.202419	16.365268	10.513924	14.449277	5.948645	7.757418	6.193392	17.586766	13.516249	7.439433	11.988613	6.083275	19.724373	12.512980	16.079254	15.007131	19.921226	9.000210	11.303071	4.934296	6.940058	9.589637	16.514053	19.749653
10.760870	15.814912	18.710428	17.945080	15.549083	18.991788	7.273607	14.655819	19.176182	4.583955	9.010652	16.426560	16.218056	5.704498	18.816128	4.660919	20.561884	11.716536	4.784798	19.179629	16.736587	19.610920	19.473580	9.680491	8.035074	18.635860	6.144395	16.312851	7.589530	16.981953	13.745443	13.337443	10.639061	14.549270	4.204844	15.681970	4.185203	4.507148	13.891736	13.116016	8.091330	10.467866	14.635239	18.018772	13.576589	13.810824	16.860783	16.157380	4.800463	13.004013	13.686619	4.443122	4.574411	6.429895	12.656463	4.777345	10.091943	8.086708	4.543748	7.865752	15.325630	6.818028
12.015245	4.655821	14.371039	11.589053	18.944487	15.092553	10.610149	13.567488	8.249228	9.242618	15.280624	7.258500	15.189158	6.194132	15.764049	17.443442	14.332981	17.776628	10.538917	9.867717	11.257717	5.790848	8.018410	15.884117	15.405071	15.447549	12.681288	18.637347	8.713590	19.556158	10.482723	19.568679	13.318119	17.366546	7.721780	5.838536	8.684738	14.578173	10.014751	17.413244	17.104850	5.000501	6.893263	10.890169	20.070379	8.784088	12.781830	11.153426	9.242363	13.902061	11.320672	6.579986	12.995416	8.135875	18.208820	17.045362	18.757867	6.898283	16.957307	20.575623	19.040322	8.789515
4.960018	9.476860	13.203952	10.885696	17.944659	13.276141	9.299451	8.660443	8.794629	16.754280	17.892685	12.929631	20.577361	18.440948	9.114779	10.826327	20.579147	11.817744	14.370678	17.904246	16.498250	7.024614	5.050370	11.342400	15.338111	6.128336	4.375969	12.909386	16.750128	17.193813	10.424950	16.358635	5.585793	14.139110	17.040329	14.471871	7.646040	6.228621	9.344923	5.297256	17.628014	10.886828	4.989355	13.630324	20.065478	4.970775	11.748817	10.663036	11.515210	16.092316	12.079319	17.124043	12.853973	9.256907	19.570081	15.371802	16.956112	15.228683	5.085393	9.594727	14.630104	13.581467
19.750694	6.721090	18.291065	12.340759	18.729036	13.490766	5.136786	19.913945	15.652391	13.980096	4.262866	10.742846	13.105910	5.015839	18.075145	8.048916	5.085865	7.844610	8.920544	12.536701	16.150415	16.646680	12.128029	7.796582	15.800618	4.621413	6.538887	6.771037	16.112168	17.979089	12.286418	19.197673	12.036955	17.205774	6.859153	15.700878	6.348304	16.891045	5.216818	13.089817	17.567441	12.912492	17.113765	17.940649	17.879713	13.428345	14.419148	17.972765	8.157366	6.119661	14.663488	18.698110	18.254170	9.508200	15.857503	13.656932	17.330584	14.747832	10.787917	12.836154	12.669149	6.122631
9.147321	17.488667	13.580359	15.069609	19.573788	7.198659	11.890433	14.016190	4.278089	17.738147	5.485371	7.639494	10.054269	7.117218	16.455179	15.729564	14.282931	9.651372	17.824387	7.882754	13.524333	13.106889	9.225805	19.771754	18.382280	11.200271	12.928765	11.060058	11.172104	10.366916	19.351790	7.052412	19.842141	13.030195	9.634907	7.190442	19.061298	6.756346	7.367682	17.284571	10.288277	18.169053	11.746914	20.648523	9.626139	19.361564	8.859667	15.101857	6.923233	17.021415	19.906813	14.631969	10.430972	17.218373	5.347223	5.253151	9.463220	13.669520	13.824186	20.422195	14.263415	4.941068
14.074615	9.494730	8.371963	15.259168	4.172372	10.905420	5.343831	4.170136	10.242915	17.758708	6.817733	15.126529	17.413741	17.469123	9.111770	4.789828	11.812791	4.255996	8.323248	12.543421	15.473788	6.718988	13.809250	9.733860	8.213803	18.453259	20.372951	17.153715	19.000079	8.669171	16.259666	16.729526	10.100693	19.920241	17.476410	14.321426	15.817292	5.990410	9.581560	17.527796	8.739392	17.140782	6.927994	19.701424	20.346666	14.009493	11.887774	16.203419	8.173544	8.532152	14.966135	18.146661	19.394261	11.684764	12.750002	18.698975	18.179781	14.393739	8.306877	13.024562	17.765202	14.754042
16.746231	16.345793	18.936481	13.273686	8.073788	10.338403	14.152091	5.910074	15.420520	9.072138	14.185808	4.476252	7.751726	15.598826	6.085173	10.933539	16.163773	6.135847	6.794495	8.806416	8.314914	4.556568	7.308308	11.108802	18.371124	17.603794	6.638112	16.382521	15.974052	6.072597	7.333782	12.993412	17.573944	20.039880	9.274522	7.081125	17.597136	10.213563	18.101200	4.688139	15.723687	5.071814	18.692820	17.054433	20.013812	20.376624	11.996910	7.963989	8.924847	8.533057	19.222150	6.811399	10.953757	6.339676	4.150042	8.021548	17.549999	15.128620	11.405870	13.689155	11.290638	5.084623
17.567484	18.234343	19.220923	15.604927	14.692256	20.124390	16.590979	8.533894	5.655377	12.356317	9.072355	15.814459	14.695765	6.528135	13.698964	17.024076	8.541149	10.316028	20.508602	17.465557	19.996360	9.049658	10.377728	5.389965	13.655346	11.675242	15.206009	8.798456	8.157658	13.010254	8.409467	12.939074	19.680578	11.832345	19.811333	17.244564	11.079857	18.350570	14.104247	13.319000	9.279518	15.457765	12.961828	13.268365	9.608516	5.742521	12.627451	15.417041	6.066100	5.884134	20.091606	16.322901	7.961389	15.766845	7.401562	7.300328	6.666742	12.663554	12.807282	8.910628	8.752071	19.139885
15.210111	7.039914	18.727228	4.473916	17.708587	19.425612	14.573487	8.001097	6.669155	19.739087	9.081608	16.365108	13.038024	6.959203	7.483170	8.795589	20.628011	9.744065	4.428917	8.431819	6.664865	19.328739	4.392404	9.031294	10.441632	5.149870	6.561551	19.718352	13.332599	16.949790	11.900243	6.584773	9.733755	11.513191	17.100379	8.051014	12.350882	14.132648	5.488999	15.107219	17.893289	6.554621	17.694984	10.203186	5.442959	17.510363	18.595866	11.083797	17.903900	8.328823	14.284210	12.984546	18.381349	10.965706	4.790096	12.634877	19.053314	16.861742	10.271319	12.099912	7.887225	13.409276
18.417086	8.916140	16.158849	14.374646	20.340952	14.432313	7.813461	12.545285	13.787278	4.374213	12.565851	5.683054	14.520045	13.792541	12.557223	5.224134	5.797861	14.790157	10.210838	4.176400	18.404698	19.570654	13.616460	17.177065	6.422499	9.948423	15.199185	9.758187	5.699094	5.262761	17.362340	16.195012	4.260322	17.872419	20.454384	10.701546	19.701557	14.210343	13.765753	10.278259	13.088101	16.086890	13.920341	16.512601	18.440713	14.797473	12.441082	4.578374	7.994715	12.218396	18.169799	10.130770	8.962257	5.896574	4.168821	7.524799	15.036387	17.138791	16.716239	15.694540	9.745515	12.347454
14.620773	15.586731	6.888700	19.081923	10.767896	11.096962	13.220161	14.402710	15.497052	10.952434	20.555784	13.562617	6.718519	4.219636	19.473881	15.631781	17.784581	12.992333	6.143108	14.092443	7.326458	10.389641	14.824834	16.172877	13.140581	12.346577	12.802233	19.829521	10.088923	10.553950	16.206256	9.459107	13.743923	12.367550	11.694981	15.267420	17.925300	11.369950	18.555200	4.835811	19.249528	7.989706	9.932180	14.469193	18.822036	13.127896	5.363751	8.408691	20.518498	9.469789	13.442106	19.411548	12.441028	4.567092	6.321603	9.528442	6.050405	13.459627	9.587559	19.120685	7.886302	7.942385
19.275293	13.041313	15.458771	6.972632	17.502356	19.191728	8.922829	11.008927	16.199904	15.478611	19.668122	16.662919	5.207769	14.498621	6.020014	16.562956	12.333985	14.494746	6.620379	9.377504	10.914441	13.568927	7.585136	13.787293	5.806583	20.292052	7.126001	11.828982	14.466144	8.777106	9.754105	18.965396	6.678118	8.307101	4.836112	13.317087	15.952362	11.434804	17.595854	6.467104	7.863341	4.950315	11.742824	19.058855	20.507603	8.514567	11.393370	6.345270	6.655178	14.610948	17.252433	17.984040	13.545337	15.962261	13.927440	12.837786	20.453413	20.441476	19.430671	18.753873	11.166246	10.283311
7.173655	6.127421	4.570522	5.383420	5.845269	18.813269	9.415750	12.101891	17.195763	14.477206	20.309495	5.353363	19.049587	9.234299	12.543565	19.638380	11.566731	9.831055	10.994432	13.669368	17.485314	19.619754	6.071681	17.544263	15.082772	12.566616	11.913522	10.456740	8.199460	15.971311	16.700470	11.369467	9.389637	10.168308	20.409632	11.133663	17.702172	19.287769	8.389114	16.141216	12.016283	10.333678	5.561226	6.528173	20.025814	13.348296	14.921202	19.237933	17.755932	20.586930	14.739286	14.463409	15.202214	16.490565	17.838182	15.953636	13.741898	16.537567	17.450231	9.585474	6.704693	18.353791
12.516656	8.130765	17.263105	12.360843	12.748257	9.067106	11.087310	15.237834	11.568330	12.237268	5.924433	12.670770	6.283271	18.338337	4.324902	5.724879	8.801981	16.423281	10.753132	18.770364	10.373314	9.449414	12.479626	7.245468	11.993936	16.686993	7.002452	5.100009	18.934979	19.101740	8.702666	10.543376	9.240891	9.640254	15.462239	11.893366	16.859282	18.223001	11.778035	6.034359	9.862015	6.486569	10.067945	6.401663	6.207814	9.127984	17.689499	14.582361	13.086859	8.385965	6.192142	4.178390	10.649096	16.287210	12.976312	13.394012	18.817765	19.679984	5.749525	12.215660	6.590574	6.135412
10.721020	15.797125	12.971723	13.783816	18.352100	13.493602	19.795680	8.555869	16.995390	16.467479	13.981168	11.242163	17.532334	12.162175	6.218118	5.694148	16.685966	6.132524	13.248500	13.213604	11.446929	10.650083	12.435834	5.228047	9.496028	13.314404	17.597197	11.959559	6.162370	13.553293	5.129517	18.561606	6.990285	10.899575	5.747876	12.303534	5.731483	20.430158	14.836574	10.852352	9.404884	12.137552	13.776903	7.492759	12.949123	13.509622	9.217996	12.552549	9.156325	4.501265	8.923660	8.397965	17.900519	9.186124	14.249498	15.277198	4.335895	18.032514	6.727542	12.225387	14.946626	20.416525
19.363232	17.597184	7.699855	14.050171	7.362636	12.074974	11.865612	8.328344	18.402147	8.603650	7.100128	15.062525	19.863369	16.660515	7.934390	7.018424	12.769259	18.806660	18.566958	6.592955	5.566109	16.858685	6.395248	14.860508	16.275259	5.070319	5.295122	4.273998	15.131958	20.037755	12.092728	4.536664	10.457426	19.847523	11.722304	6.584152	19.778262	9.681811	18.419753	19.517451	9.635112	13.650996	13.259497	9.363702	18.774278	6.693033	20.240309	5.046272	15.125078	18.979805	8.644533	20.609463	17.222810	11.177856	8.480994	17.943994	11.309130	4.812354	13.821823	16.597823	18.360711	9.373916
20.615140	4.582100	5.991446	8.266859	18.649130	8.261014	19.067970	10.994494	13.832655	5.338762	19.050091	16.239838	11.409511	17.947547	9.881245	11.145728	20.407912	13.436631	18.778938	5.322539	8.503296	17.396786	10.604206	10.739632	20.374249	18.687501	12.227485	14.673381	20.048273	17.197804	19.918763	19.107994	5.560352	11.227615	14.780003	16.110446	8.474005	11.025890	13.969401	10.466931	4.473717	18.728056	8.942287	12.327230	14.562092	13.110923	10.982492	6.891794	19.573077	17.074967	10.119086	12.484836	20.179159	6.747336	15.535939	4.944038	5.503952	17.174671	13.317994	8.589191	8.690979	7.311407
14.946724	11.939422	16.757732	9.439522	18.752931	5.031725	5.185542	15.320792	6.436558	9.072808	7.625350	9.680166	13.398331	8.674962	5.577275	8.842962	16.282727	18.379501	10.762793	9.851962	18.742312	18.365356	15.110318	16.516021	17.251937	19.838100	17.286119	13.840553	7.625633	10.058744	9.454466	7.659640	8.037438	12.950121	10.917443	12.916908	14.469839	15.262230	15.060461	14.371816	15.805105	14.363576	16.322617	7.131727	13.115282	18.518154	14.143461	9.530820	15.018280	15.959257	9.494449	16.385624	10.962137	8.176032	12.089472	7.735795	17.011981	11.700353	13.331929	7.899838	7.857027	19.942870
9.666405	14.534268	10.317566	6.550667	17.385293	6.837472	4.522508	18.894303	19.462541	13.005816	14.353645	14.594284	12.959711	4.681630	8.830542	19.611197	19.786382	4.535395	19.570215	19.373944	15.819730	16.911433	11.551288	4.770694	18.876875	11.757459	15.779475	20.400652	18.409634	5.165980	11.681900	4.837681	20.358751	5.496975	20.176546	15.798733	10.440856	10.944202	12.899942	9.975129	8.512924	8.081971	13.231944	15.506858	16.871091	9.530160	7.369055	6.079905	4.883000	6.401338	9.463341	12.475427	12.916165	6.578909	6.973955	17.784570	11.453845	16.428478	13.670000	20.615180	6.099453	6.965721
8.570784	17.714424	7.951652	11.592519	6.940212	12.613208	13.024988	15.352395	17.513088	17.352288	14.035863	20.250404	15.583804	17.751542	19.990991	17.331256	7.684211	19.333135	11.473646	9.603784	19.272780	5.170309	18.161531	6.521884	16.145617	9.463093	13.192686	8.087811	9.776437	11.616689	10.780893	7.483838	14.264201	4.677895	16.597725	18.156420	17.194835	12.829146	11.072100	12.846294	7.537257	14.555309	8.475775	13.231522	7.004493	9.039863	7.023484	13.804811	20.133886	17.492029	18.396698	20.397467	10.093764	11.194612	11.029965	12.529624	4.203305	16.039744	17.358962	16.585245	11.570426	6.669956
15.061222	12.428155	7.955363	12.620927	5.114626	8.415380	8.453212	19.724266	7.322642	12.475408	12.186401	13.534655	13.587682	11.948992	10.661779	16.208565	5.950794	8.705116	19.782944	6.986655	17.802267	7.910204	6.933550	14.818043	12.257431	15.125120	9.726547	10.955786	5.132990	6.676641	18.244647	19.504880	19.485189	13.568003	5.442216	8.485245	13.161869	6.219855	18.169418	17.872039	9.424820	7.397770	8.777363	18.832269	20.368769	4.462254	19.924853	14.872128	13.063631	8.974745	12.046991	4.474794	11.486684	14.401141	17.163119	12.449282	17.856224	10.926486	6.513545	15.923404	16.932739	7.947644
20.026829	13.434422	17.152039	10.669273	17.247643	19.137462	10.552797	9.648653	19.026177	17.548998	8.767274	17.879492	7.889676	13.350522	7.292790	18.591347	16.310939	8.647297	11.206556	15.989254	13.491537	10.814624	9.335735	5.605404	13.130798	15.160545	9.933026	6.270900	15.826372	6.383689	14.287251	13.876837	11.667774	16.965726	18.401005	8.735429	11.873648	19.543356	12.941191	16.199216	15.652670	11.422448	7.614399	7.648024	18.048471	9.778091	6.085430	8.580263	13.147541	8.129589	8.653367	11.697687	17.393436	15.485876	9.858102	8.717092	9.538552	14.681671	16.670160	12.379517	6.389919	16.467257
19.971637	8.374996	16.241419	6.229454	5.307124	10.103896	15.259218	13.346196	9.137527	16.151304	18.302197	8.095716	7.769733	15.408370	18.374534	5.172874	10.567537	11.285476	9.158596	20.643724	11.986927	19.988117	14.571330	20.496023	16.775325	13.374497	12.384336	19.399573	8.805664	11.279581	7.492974	14.738849	20.489414	19.950759	14.459469	6.940471	4.768174	4.689792	16.047746	8.335166	6.352980	18.777854	12.394560	5.773686	9.381079	18.764091	10.443581	12.274034	20.296372	5.825015	9.948415	7.107967	17.738603	19.497519	13.959988	17.156959	15.638839	13.664945	17.775602	12.524284	4.715847	20.430985
19.881623	16.457124	18.718861	20.114181	11.737967	6.939658	12.451221	14.419606	17.028352	20.434124	7.186011	14.307232	14.934797	20.366882	12.067399	17.222017	7.240808	16.523941	5.716492	9.466581	15.406706	11.296092	8.700860	9.545773	10.462840	19.622315	16.192098	16.821939	16.291310	14.917917	4.574342	20.252900	13.450180	16.732086	19.055621	10.086073	11.098776	7.507483	16.551389	9.403681	16.408116	8.116078	6.993394	16.687492	8.081182	17.031790	5.593209	20.252671	19.722751	18.165171	19.776883	11.224071	13.854010	20.345674	4.716697	13.428149	6.185727	5.555239	9.325839	13.826938	11.527137	4.249392
16.696410	18.098727	17.405506	20.612576	17.690683	13.225192	20.527202	6.226878	13.996423	18.281730	5.651141	15.552266	13.749919	17.598104	9.626580	18.506310	11.998319	6.693855	15.844249	15.637675	13.874011	6.675697	12.169319	14.621754	18.473089	11.632783	18.142405	16.537138	10.546840	5.697602	12.309255	11.777258	11.277329	15.973556	6.814407	11.593117	12.830918	13.731965	13.295680	7.887096	15.961287	12.707277	11.053195	16.569775	7.484188	13.855423	7.879976	11.323261	15.894769	13.344576	7.230578	14.040207	17.944746	4.148228	4.568211	5.382460	12.348171	4.838889	15.195224	8.718895	16.892669	7.876364
12.673377	6.017230	15.396814	11.927380	12.236017	7.513625	16.068455	7.672958	9.216692	7.891303	14.262876	6.458051	20.505994	12.926868	16.661338	18.516681	11.126624	4.706779	10.406186	15.636685	18.369328	10.874627	6.067983	9.413978	13.148437	18.267350	10.126443	8.963534	20.158956	7.917309	12.256064	10.667573	5.020881	19.564989	13.114874	9.296561	9.872822	7.409051	4.242087	18.736976	5.961209	11.643902	9.363673	7.842637	9.026081	13.741998	15.896296	6.457864	11.166171	19.067331	12.567996	19.539179	20.508247	17.195861	9.816030	15.528719	17.185064	15.495921	14.444947	5.959611	13.318151	19.194983
17.020051	18.363605	12.530714	12.279708	16.655587	20.035076	16.285881	15.284019	7.576101	17.444708	11.446661	4.718588	19.343773	4.858228	14.049481	16.834440	12.547640	10.127911	5.437507	5.545610	14.140465	15.209747	4.201443	14.149424	18.199163	9.645110	10.716754	7.832674	7.959175	4.253293	14.811231	9.853639	19.803605	5.364411	6.155738	4.594935	17.507463	10.606480	6.354611	9.792013	6.160369	18.391667	6.663006	18.055578	10.276854	18.928399	7.753601	17.655240	15.743440	5.940973	10.710827	11.861425	15.979509	16.511889	17.341427	20.401499	9.096657	9.835510	16.467628	15.382157	9.638816	16.170294
18.927575	13.219319	10.067335	5.433864	11.135592	10.500230	12.224048	10.268827	5.847273	14.668685	14.141835	12.820469	6.170413	6.220231	18.724156	4.239932	14.484980	17.648639	14.441124	17.718598	18.269030	16.236660	12.711169	8.197889	14.089663	10.561630	6.456342	18.157791	7.658956	7.632886	6.468285	16.698546	10.507376	6.013233	20.539384	7.601272	16.198385	8.537649	9.796266	6.195425	16.295115	16.520680	6.951691	11.106787	6.919888	16.664451	4.271718	10.472085	7.659056	6.591575	13.665765	15.108159	17.645824	13.502217	12.439736	16.063503	11.163736	18.864314	19.372747	12.115610	19.069520	16.599770
5.490880	10.499998	11.310051	15.194664	7.204834	19.426034	8.037183	16.719818	17.576484	5.480411	7.285131	8.517590	17.523369	15.765915	10.900149	6.106773	10.023840	17.947063	20.443379	12.353562	15.799636	9.490711	16.363697	7.884694	8.380624	10.100880	18.302978	10.238810	4.819326	9.885755	13.683322	19.847801	9.372022	12.623206	10.705226	14.978440	14.304050	16.757233	17.666702	15.872827	15.393384	10.290208	14.739399	16.535447	8.341951	7.934960	11.233075	12.842579	18.042367	15.767680	18.928365	17.420831	20.027700	17.515026	19.447666	6.204391	5.703170	10.727938	12.904131	6.369100	6.036111	16.819538
17.070038	13.182631	14.665007	5.365473	9.416276	6.262487	15.244818	11.213743	13.883936	7.304140	16.304321	11.989486	17.226141	13.846295	20.187695	17.794409	18.713030	12.307333	14.626600	13.493351	10.097490	8.805443	18.001953	9.717464	7.585746	11.609498	16.481673	10.413496	19.084563	20.223996	17.833474	12.764808	16.735987	5.892363	19.142188	10.327262	4.505365	18.784860	5.264402	5.158155	4.728820	15.826287	14.371506	17.705759	13.373222	7.078422	10.971058	16.760934	12.813932	7.017745	16.827317	13.193708	12.819226	16.358432	14.372646	19.521926	13.485965	17.715412	17.890339	13.595380	13.747424	13.759168
7.831085	15.232690	4.172383	17.108008	7.431819	16.386840	18.318696	8.318929	20.570560	12.368520	19.104330	18.705521	4.484479	20.269877	10.705412	16.377871	14.896927	16.627931	6.249450	14.567936	8.845094	18.809743	18.507037	7.093501	6.819268	11.597372	12.197681	8.103587	13.392963	20.446172	12.074181	11.773190	12.778183	8.239951	11.541997	9.616201	9.774054	15.290114	16.734513	9.029752	5.034573	14.810786	7.455808	10.795514	17.556707	16.330828	16.162352	5.004348	14.230180	16.698628	18.312873	9.271129	20.370770	19.038115	7.376329	7.897118	10.798448	18.747036	4.248181	14.797269	13.141508	16.759147
6.428563	19.820836	8.744555	18.980736	15.422991	9.936390	12.875200	6.222181	15.356516	7.332923	4.532300	11.442320	8.127043	19.709020	9.543671	15.518171	18.036795	6.690165	16.511404	6.455041	7.145261	12.008173	10.354273	6.370567	17.990655	18.727691	5.492271	13.668306	16.295026	14.634337	6.233321	8.165868	18.916791	8.095072	11.614276	14.807331	15.889344	9.752488	11.438948	8.725344	20.342711	17.965972	15.798266	8.451260	16.309849	12.629067	13.286294	10.144425	17.801341	5.477779	19.505763	11.009952	18.889157	6.927350	8.908127	17.448654	17.997091	8.165161	9.246132	19.849281	15.291672	15.545859
9.358621	5.515134	6.155510	5.130637	15.515677	14.255834	20.135717	18.740400	17.461735	8.781399	16.181261	14.617898	10.056955	8.007526	4.862485	7.543986	8.360815	11.110926	5.190345	18.650547	16.901735	19.752310	9.854559	12.680259	7.992973	16.668350	8.439250	18.572385	5.624380	19.213825	20.447929	5.098473	13.683594	18.239099	10.841309	7.690282	6.540994	6.973565	9.001085	6.206169	8.205730	16.711649	12.093775	10.091788	14.657463	8.213884	6.268534	13.005913	12.320429	14.491727	13.987645	11.873984	18.570710	14.427800	13.241430	4.852891	18.617751	17.576525	9.163963	4.850910	20.152263	6.969172
17.940844	7.271987	18.197882	5.516953	5.931160	16.986884	5.872277	11.235512	8.292549	9.108082	15.998650	18.898805	12.426351	8.740536	14.015315	16.309237	12.515260	8.134567	19.734958	9.443015	16.883241	13.878567	17.504964	5.070585	6.907720	5.219758	12.811698	8.131093	4.159575	12.944455	18.846150	14.721262	15.515332	18.642121	14.946231	18.478869	14.665845	18.127737	13.839234	9.418871	14.653636	4.803474	15.047617	14.988826	9.025028	18.445327	18.555253	9.249512	15.020869	8.752367	4.849523	11.320528	8.998450	16.513942	5.992514	17.191720	9.682120	12.384210	8.639635	6.789381	14.039082	5.291909
14.373308	16.520465	8.505380	11.174524	18.222892	8.166607	19.232824	17.262286	6.859489	10.623373	7.112610	13.041308	15.398676	11.743830	7.205392	8.540396	12.426184	14.457225	8.516779	20.605022	5.332933	14.051656	4.671662	12.317847	14.384561	11.675860	18.053609	10.601660	14.569297	5.824705	7.005298	18.778494	15.776276	17.845487	11.115535	5.511363	12.138245	5.679663	9.609742	16.348778	15.275674	15.367039	5.982510	11.906348	18.944754	6.152524	6.882551	8.576609	15.546102	7.042899	19.438229	8.022308	6.803244	16.928266	6.836207	6.028788	4.227332	8.737593	16.274922	6.237930	12.503898	5.492450
20.506367	11.817384	7.226897	14.907430	5.670438	18.670621	13.347011	19.345218	8.020873	9.585488	11.169281	19.646058	15.289059	14.973346	6.822541	15.870633	12.080601	19.247284	11.937615	7.662078	17.587590	13.207373	12.142025	16.989532	11.278658	15.984043	18.481010	6.522321	11.842210	19.922897	7.096475	9.693895	4.532976	19.257337	13.896036	14.469535	13.216448	19.858353	5.680964	4.651965	6.086522	10.527290	17.281071	15.023045	9.173252	4.364655	14.205550	16.819134	18.678621	20.420533	15.702020	8.711524	14.902221	9.023513	7.184557	7.330087	10.482438	9.247472	10.376838	11.857319	8.583371	15.048696
6.277612	14.353132	15.957710	5.834180	13.358116	18.869288	14.733976	20.576810	8.096374	19.707459	19.935110	14.435407	14.584975	12.377760	17.090791	10.075862	8.524712	18.678107	19.670134	13.143556	10.294825	12.641078	6.940254	7.442647	6.003826	11.807693	15.541467	18.007118	14.772322	14.429370	5.127989	4.408073	9.004520	6.096553	18.097017	14.928814	7.038211	11.218476	5.706153	13.668821	6.118457	8.663494	15.158668	13.613400	13.740290	19.715914	9.349359	9.240748	19.468455	7.148201	7.916467	6.057636	14.291300	6.300173	5.730106	7.742459	4.214742	13.558742	13.482453	18.286798	7.799778	14.138619
6.914872	6.577255	9.172333	9.196924	16.345440	10.719292	13.163678	8.682346	7.819977	5.113961	10.618837	11.256924	15.545605	12.294005	15.118642	12.653993	6.011901	14.076073	9.604761	18.366838	14.915509	20.143995	13.808095	18.764011	15.261778	20.473663	19.977259	13.246488	14.353876	4.922501	8.448190	15.868144	4.231114	13.894231	4.853866	16.593513	12.280594	8.711474	8.456145	18.938264	8.128710	16.945769	19.803075	4.456685	19.039633	13.496193	12.972135	20.285133	4.971690	17.544276	13.830812	4.217096	4.364947	17.165090	14.787320	19.472985	17.177104	13.465700	11.700816	15.010856	5.814745	11.290617
15.288417	4.856562	16.319522	10.382324	11.298172	16.258109	18.154763	17.897397	15.048766	8.067079	12.589452	15.545896	19.121554	18.939012	10.110905	8.109228	11.359050	11.225074	17.155030	14.307423	16.358307	11.578993	19.636680	9.769453	16.587456	8.083088	4.581958	12.030963	4.875463	11.121557	7.184623	11.283254	13.068818	6.063469	10.091146	11.721634	9.061207	20.444088	14.245829	17.819345	4.909411	20.324300	12.249233	4.604856	6.140899	9.721064	17.198170	9.512684	16.567305	6.487187	10.718469	19.492166	5.328877	5.565681	9.405016	17.876314	9.387333	19.646140	12.885001	8.372822	13.646583	13.823874
13.413096	4.522932	4.577348	6.774370	7.135900	10.002157	9.553831	6.944820	5.991457	11.278403	5.956630	5.948109	17.586642	8.166535	4.396854	11.632070	17.639585	17.207579	19.417683	15.928416	19.191386	5.200656	12.244326	6.008879	18.258724	14.687036	11.423358	14.315341	9.117508	19.082662	5.684848	8.341906	4.319114	6.197098	11.548954	8.724117	17.203527	10.981262	19.534342	15.607612	6.225408	10.516727	10.329396	11.840756	20.578966	10.196600	19.886405	8.111673	8.150891	5.501483	12.409469	16.603767	4.279200	16.250224	6.202670	14.682559	11.362792	9.317123	14.976317	17.837063	16.878997	13.740852
19.012311	17.275034	12.909061	11.894724	7.762175	5.134700	19.147332	17.276387	19.878443	13.455788	13.939517	19.751357	7.479729	4.430403	17.697094	7.018435	5.300714	6.358503	17.333241	9.607938	18.930633	17.389529	17.263107	7.224959	8.771862	16.408524	7.416464	14.726329	17.187820	13.736807	13.846384	6.765365	14.776357	5.029630	14.933178	12.388909	11.921037	19.886864	18.567206	19.369294	12.080311	16.195171	5.843563	5.780322	7.213510	6.644321	11.927904	7.918414	16.436801	13.435181	14.838277	7.392050	14.297039	12.903873	6.124761	19.843404	16.951444	12.702300	17.633861	12.924407	19.560642	13.820623
5.199789	11.616219	18.236306	6.887060	17.870809	5.374100	12.263073	5.313620	4.810361	20.600105	10.048236	9.712395	6.222339	5.285410	8.960351	9.640044	20.202435	10.832619	7.160954	13.544301	12.277738	18.117151	10.149233	17.376260	9.288274	15.988030	18.122632	6.639627	7.001252	13.233127	17.920242	4.785828	14.185009	6.265430	20.177777	12.300288	13.188120	17.696230	5.948819	8.785070	7.581684	12.853277	14.935544	6.678325	18.249599	17.543484	11.773646	6.753052	6.013737	20.453071	12.670555	11.217507	10.133373	10.336613	9.056401	4.885930	10.320343	13.543098	12.956784	9.662175	14.916943	10.071637
16.735545	20.233894	10.504541	12.518847	5.609699	15.784631	6.406287	4.484394	12.213833	12.399615	6.500621	8.788322	17.342524	5.938958	6.928378	16.334565	5.104073	9.956572	9.313456	17.938751	14.760632	19.927060	5.861796	13.810853	17.098989	8.707388	9.464057	7.596546	6.420969	15.688605	10.604844	16.218574	4.246697	5.805447	4.193499	14.617015	4.634962	13.629248	17.349071	18.353281	13.117493	12.944670	16.769003	11.543402	7.780033	15.441929	20.469015	18.174342	14.011975	10.724627	18.817236	15.330179	18.886729	16.528540	12.580269	7.575798	8.489341	9.054868	15.828279	18.983319	16.088513	7.554936
7.999845	7.063897	12.042299	12.624489	19.849607	17.589480	5.015661	13.416311	15.188848	8.533126	12.511168	13.025248	18.273307	4.333878	5.821248	11.782524	5.180672	17.431565	14.222905	9.834932	17.586090	8.659891	9.881859	16.501031	19.960484	9.254045	8.155811	16.607744	7.644480	6.152528	19.892881	14.001156	13.817673	7.744844	6.134642	6.503091	15.104362	18.901336	10.745299	6.382538	13.151661	18.462860	20.485153	15.717998	10.985465	7.335860	4.426160	17.576933	12.900982	18.745155	14.480288	11.510853	10.124344	19.015821	11.538932	8.783305	13.553978	5.503860	4.918522	14.115755	17.694088	5.481202
9.150565	11.761338	19.317223	8.547249	15.157196	12.927708	14.493445	12.885501	17.160290	14.591216	9.322286	19.983487	16.475654	11.960720	7.271889	14.353950	17.102928	14.766035	6.789795	13.279217	20.408839	7.866324	17.522906	14.550369	19.714164	7.633655	13.833926	6.814457	18.250319	6.075622	9.566106	5.216013	8.286170	12.296855	4.950444	10.839407	7.689883	17.358757	9.420826	7.367448	13.424194	9.048257	11.328906	6.274063	8.984233	10.289602	9.957447	15.212240	13.390218	14.370348	8.695647	19.135346	5.955137	19.292682	13.829176	6.661271	9.695912	9.650642	8.087046	9.771300	14.123208	16.251845
16.963294	7.224029	9.680564	12.271243	12.386904	4.713492	6.718814	6.979751	17.739584	18.219148	7.265653	8.403813	9.434745	17.622433	15.807488	19.394323	16.328414	14.030361	12.861787	16.735356	16.241119	15.617728	9.748276	14.257149	5.167589	12.021061	19.361289	5.207761	15.449982	16.800541	6.029551	8.381929	14.874514	13.839928	13.945819	19.815819	18.069702	16.852997	4.293298	6.782690	8.327474	9.444877	18.704755	6.269306	15.497006	7.052546	4.238503	8.421736	4.906331	12.109435	18.743536	12.499699	9.602141	12.999179	18.216262	12.898890	15.876150	13.851139	16.894597	17.967215	12.742275	15.038466
20.351970	8.844729	18.316015	13.684367	5.624642	15.487666	6.501157	16.736080	6.999258	11.581635	10.412571	7.967107	18.589826	7.981454	8.148654	8.731503	13.571127	9.439095	12.023068	11.270960	6.277911	4.950726	12.302693	19.648528	9.658136	12.158219	8.717022	11.252371	12.058805	16.432628	20.303545	6.390608	17.387745	7.245286	9.307990	7.524242	10.984336	17.915334	4.493803	15.408084	5.990173	6.937658	8.406175	20.397931	9.081716	12.780922	9.286144	5.015679	11.071888	6.639235	10.887047	9.520669	18.163322	13.561325	14.604707	8.060202	17.803598	9.936968	8.580091	10.679283	10.966226	5.388774
17.850598	7.570972	9.276280	14.347734	6.054312	9.122914	16.506254	19.539881	8.225080	9.499425	6.598630	18.777414	10.617389	20.240957	4.440655	6.238324	11.467347	4.872797	16.586059	11.419147	14.393946	18.742023	19.158511	10.960546	7.796124	10.048876	6.499357	6.999322	19.981363	6.347016	4.841169	16.920518	5.892424	16.866178	16.554330	10.274324	8.771489	10.820806	8.169868	18.716070	14.278526	8.407531	9.636739	19.673879	17.809247	4.609563	18.102074	14.111459	17.102874	6.925629	7.639526	17.075350	16.662600	17.985057	9.777834	19.469066	10.092650	20.501554	15.667099	20.360725	6.320699	5.617740
11.147683	7.329619	19.738387	6.076318	18.600980	13.852179	12.619203	15.013282	8.581130	18.619697	7.838577	18.268635	16.319243	15.757669	9.624059	9.259778	4.174474	19.181489	12.478928	7.751685	16.450739	19.619824	10.334701	11.580173	7.348861	4.778318	15.609293	5.156804	8.528727	9.203168	19.606731	7.766804	13.202457	5.312858	5.997254	5.654985	11.931508	11.449708	6.684608	16.486405	6.601286	16.711487	15.215296	4.142365	10.983990	4.736479	4.726905	16.177280	18.297113	15.995652	12.569567	6.245513	17.870643	16.142842	4.646344	11.735595	4.574900	9.129058	11.488077	14.381970	6.624530	19.957521
