21.308873	21.792384	31.636363	18.576639	32.772009	14.886129	29.965990	34.842607	10.678820	10.303562	30.949166	20.105637	23.224215	18.593621	24.273432	35.331785	12.891536	34.704554	8.906841	9.064442	38.348926	38.601807	13.990119	30.949720	12.025391	30.062456	20.082990	22.153885	26.965278	34.493813	33.579011	34.005527	37.163054	35.393966	14.870473	33.362795	23.619788	13.868674	17.034944	24.731871	19.451635	12.169868
41.039194	16.654085	16.474674	35.631136	40.890400	26.172302	12.466685	15.380003	40.983635	13.386298	31.434976	31.084302	35.033271	10.887977	26.627179	11.324954	25.887763	18.386041	24.515510	30.497730	40.968181	35.115567	11.687410	31.637637	31.114364	38.692617	34.475882	27.989764	22.772984	33.895666	20.715895	11.678792	36.254392	31.852565	12.779165	15.510615	33.907930	23.867670	20.307207	34.566842	20.064380	18.260159
15.199321	12.340705	22.442931	40.353106	23.125056	34.099381	27.629799	9.225405	8.628763	39.133048	10.698127	40.581245	32.181138	14.143705	20.208763	34.254783	33.181849	29.718047	25.657934	33.460659	10.372508	27.380425	24.688143	10.520239	30.871767	25.727922	28.477424	19.181227	21.548080	34.353383	31.695895	29.049605	14.489830	9.097456	35.008119	8.965844	30.348266	31.713512	11.118011	38.229110	14.961147	37.639107
21.940255	40.156395	25.934002	27.660920	26.211609	28.990094	9.638305	28.854888	40.475481	26.960383	18.763686	26.959172	31.166459	21.750112	9.983049	28.828077	13.613803	16.648709	39.596240	28.745441	37.663791	24.331543	16.083414	10.937259	24.390309	27.084231	21.219287	19.327738	25.704412	31.782844	27.934217	21.789112	37.475439	18.985999	19.460160	9.883195	33.879874	40.965723	10.928062	36.152040	24.006606	33.415217
13.761607	9.429206	29.078631	22.214138	32.503973	22.771996	17.664208	11.590995	20.598383	37.389765	9.654397	12.202040	20.523289	38.762304	23.675156	25.032867	11.124681	13.276669	39.643778	31.626695	18.606696	25.574971	11.151321	27.797094	30.403194	33.219442	22.873166	38.540544	37.386688	11.311716	17.048846	18.928784	39.712529	20.009411	28.474027	24.669678	31.662889	29.918262	17.545239	22.939297	24.066310	17.947228
15.490444	12.330405	30.587755	11.396392	10.191647	30.032998	39.012367	40.577155	27.969745	33.285788	17.049777	34.760016	38.068936	25.300528	37.176943	11.574312	23.178193	18.841473	36.673880	17.481584	24.378691	16.564091	21.517825	22.505426	25.996938	33.663547	13.220111	32.483186	22.225081	22.607034	36.482079	13.196708	31.505957	22.590684	39.052402	29.866492	32.300906	32.891787	17.443404	40.251605	15.481045	28.069455
11.879157	21.562706	19.857239	17.069150	24.424823	11.619271	21.436075	8.460082	39.202061	12.543970	12.720945	36.240989	8.919217	14.951372	19.464047	34.791693	15.987012	17.752836	12.716869	33.843543	23.330665	39.881695	38.180436	21.884288	23.237208	25.363697	30.284012	33.894417	25.500255	35.612640	26.735448	11.000660	29.418043	39.744569	31.648500	24.297083	23.258469	18.643323	31.096746	30.356011	32.419181	38.279043
24.924220	15.757170	25.850441	13.230055	28.636563	28.627050	13.236632	22.503105	24.985586	31.355390	15.606712	40.342045	25.678050	11.725457	14.647505	27.878851	32.905240	11.262331	20.426453	39.476768	29.520965	11.878584	15.430636	35.778323	34.371722	19.749856	24.876753	33.915161	25.868559	27.692230	14.852790	26.984351	13.976811	22.968293	38.491621	35.119865	22.043053	19.282136	35.931151	29.858634	20.119998	29.032790
10.953935	12.292505	26.010432	24.306404	13.037857	23.723155	32.414285	23.514293	12.283530	39.945161	28.744180	34.002867	12.869179	13.561510	16.810550	40.115547	26.438746	19.347083	24.145269	8.412357	37.904501	14.583609	28.074729	19.654140	34.103670	39.771792	19.588948	26.563315	38.009952	26.411260	10.354749	23.747936	24.535140	31.712984	32.302002	11.953508	14.975618	32.701175	33.474333	28.444680	27.427831	25.281407
18.607454	28.366473	15.878422	33.059187	27.484394	14.295944	37.316080	21.067912	36.870418	19.963739	30.823447	23.839743	37.653997	39.803717	15.045739	23.526871	22.664163	38.838768	16.737631	33.979371	23.365685	37.732594	33.620665	26.443364	40.927615	9.007518	28.258102	34.554231	9.875685	14.480083	27.899219	18.268972	11.296030	33.314775	21.655669	31.615573	38.140706	18.963526	30.498608	29.363934	26.079863	31.339275
31.514806	23.164644	26.280563	13.563946	16.682337	26.568060	30.676776	29.266151	9.102720	31.039430	34.953700	26.982730	27.387167	12.091242	31.979740	9.950442	14.511239	14.990348	8.943406	32.436516	30.747942	11.080661	13.191102	26.813197	32.974449	37.204485	28.591229	31.743399	37.170327	9.573962	28.532486	28.758224	22.023391	40.411230	17.207207	25.256040	15.284756	39.326089	12.060142	32.832725	31.205413	28.143406
9.304885	18.718546	10.284230	39.671247	12.751348	12.733695	16.483980	24.163058	26.432220	15.668335	20.001448	18.985587	15.250063	13.716025	37.194801	14.433870	32.668298	31.487639	34.398903	27.134149	10.652744	12.593964	11.570902	38.339297	14.832214	25.810715	20.151368	24.654647	18.985573	19.712225	16.434653	35.148146	20.383433	31.862235	12.126181	25.215117	39.363175	35.853726	24.661326	17.725515	8.992449	38.712571
10.002705	31.837539	11.470841	33.930304	12.568003	13.520569	34.811133	12.641342	23.879402	27.000891	32.765748	16.419013	13.540695	12.900296	11.822081	31.940483	32.347699	29.237664	34.280915	19.718298	38.514456	35.872656	25.035745	23.290750	30.506734	38.042193	32.490184	30.158571	17.810225	14.267951	33.466242	30.106891	27.246334	18.071825	11.549907	28.507621	36.545793	29.298900	12.049400	28.498979	39.782718	40.254469
31.633156	12.889668	31.094713	21.271187	12.101690	21.875566	32.836109	36.719231	34.718725	27.500996	11.173401	32.070664	28.285745	25.699211	33.238806	18.528298	26.172679	20.158071	21.055188	24.572636	29.781218	26.514420	12.076542	30.683805	32.078996	37.074934	33.863805	32.185092	9.443184	17.178203	33.790782	36.774847	38.660404	35.064980	23.632871	32.811029	40.570834	19.639330	39.246783	37.936929	25.543532	21.069850
35.295156	35.852709	18.620563	20.321782	36.471014	25.423595	37.803808	34.013977	14.144111	15.034308	15.913632	15.214556	29.753396	16.019711	26.685528	34.892771	11.612121	25.575162	31.142270	16.562339	19.028456	23.234827	19.127128	24.789477	33.249940	9.943313	35.615373	22.333645	14.172218	23.658533	22.001519	8.334459	39.283327	31.068972	12.120351	40.645016	16.945982	10.607988	9.103209	9.820967	8.530333	29.077956
17.563937	22.073316	35.013100	19.126595	16.609057	14.576235	16.784449	22.955816	20.028411	8.274311	31.047637	10.960638	36.481975	32.664471	31.035609	34.046454	30.460845	9.838313	12.749542	37.959754	22.444160	14.985049	37.981515	33.566628	38.609851	11.493996	36.264293	13.570715	15.257761	32.661387	32.215166	27.367943	13.189575	31.975819	26.398400	31.855997	26.657487	38.108851	14.928947	9.420380	26.341860	35.811937
21.374868	32.291160	27.846170	28.780043	21.249514	21.739616	23.899192	20.319016	40.294628	15.769290	31.638610	11.615341	35.616734	14.282302	20.116033	15.495900	20.648286	36.846385	17.241523	13.917939	23.637926	20.436243	11.956493	18.969687	24.803917	10.743154	35.284833	17.708269	38.111193	28.898419	22.994629	27.067281	22.997043	28.539186	21.192270	23.132198	31.281743	26.121330	15.136441	15.740723	22.061766	23.132954
21.120977	10.599168	28.855257	15.089957	21.655483	29.178977	12.974818	35.474796	28.326953	20.179359	11.434622	14.913111	17.481254	10.374602	25.191514	30.385724	19.403421	20.015413	10.513155	15.053246	25.561146	40.034032	21.606547	36.265234	20.609579	22.923078	14.286870	29.955065	14.628139	30.885017	18.428471	23.500774	10.278221	28.696357	14.356950	13.785302	18.148391	31.657449	36.045010	40.840402	18.224768	8.286112
14.074577	28.026702	24.482027	38.610363	11.633975	30.260431	17.965380	19.649119	12.021999	21.170066	17.197497	17.718991	17.829264	31.806895	17.131649	40.858852	38.714493	17.384306	22.064192	34.008743	35.827255	32.391986	36.167310	8.509923	19.392194	23.389297	16.251735	22.265911	39.843541	32.408726	33.558711	14.827621	25.644930	17.963507	22.723423	16.955760	23.224217	30.012819	40.293835	18.363869	8.511521	16.226124
20.656706	26.516566	33.694757	29.253128	39.137140	36.738670	27.286808	33.510176	25.368935	23.840159	8.821025	15.815960	39.095071	28.232873	13.869834	39.706137	17.149698	26.956181	17.841643	11.020028	26.382952	19.136722	38.935275	27.571105	14.566113	15.881553	33.812149	11.360826	30.379551	27.687603	22.333352	24.781254	18.625599	30.999402	35.197894	16.958967	18.989426	10.737719	16.352152	10.325850	15.659777	39.647163
32.672383	39.172535	24.238209	23.739386	27.514790	26.787784	31.621438	28.345266	31.693896	20.921136	21.955723	10.147685	30.138594	40.411984	14.119317	26.000348	25.947972	25.200119	36.595642	16.698377	10.113024	25.596886	21.283674	23.433632	23.736450	17.130693	36.366017	33.401144	17.369071	37.962931	37.021832	8.860330	22.320132	32.446780	29.094882	20.870668	39.042252	27.703615	21.317722	11.971290	31.125207	39.109374
8.237385	28.686507	27.018940	17.077790	32.889973	9.040247	10.084710	38.367478	33.435932	8.243406	30.917364	31.722378	18.955475	38.764340	32.810472	9.883019	11.597851	18.839198	22.493251	23.343421	16.002311	35.593684	20.756330	10.777003	8.792886	15.291244	9.013712	20.411510	24.902296	28.988188	32.635651	10.680000	29.201682	17.384542	31.418387	33.436047	25.769114	16.495144	12.585758	23.645348	16.424769	13.048872
12.083373	15.022710	33.483682	28.212901	27.466343	24.287198	24.319170	24.930588	26.670740	14.456684	31.067153	22.372780	28.200542	14.975893	18.103851	34.206676	15.722305	8.228642	36.135863	21.878196	12.213750	22.824543	14.628104	11.469406	33.567693	11.574781	32.649249	26.250364	27.203612	11.295592	15.671552	30.657947	31.555009	35.101292	18.055693	11.412387	36.929092	30.362677	9.667835	36.659269	19.267667	24.804550
24.340810	30.044676	33.329439	17.218700	21.124311	18.977992	18.098380	16.908182	31.605594	28.371401	29.608401	33.311271	10.496432	40.096905	10.444099	24.124419	30.053933	36.456194	9.740806	35.274888	24.211446	14.370598	29.394187	11.165597	13.777224	30.160935	20.426170	24.828367	36.995529	29.262407	11.854531	38.816330	19.986993	32.192807	8.472944	23.487583	37.289483	40.430191	25.478243	24.842323	36.687418	18.008807
40.636157	29.950853	23.339806	19.452815	29.617112	32.403896	25.040424	20.473046	14.741961	40.445624	13.429354	21.552242	13.321884	12.994305	14.262740	11.676651	27.097506	31.008737	39.183842	38.290563	36.745551	39.926696	10.098792	20.345562	20.220871	33.193761	36.466742	11.187959	31.611860	39.815125	35.033012	37.684567	24.054136	34.541807	19.804404	34.002062	17.063525	11.745818	37.469430	12.736958	8.895189	21.725582
35.719249	36.937214	40.247790	16.056193	14.939172	40.224946	33.130238	20.878183	28.494648	22.994060	27.562929	25.213664	36.016760	15.957072	35.850914	15.273742	25.075114	38.410046	30.279863	25.345088	39.491743	36.529999	27.617565	20.925401	38.126104	12.362383	23.000451	34.277905	40.247093	29.864444	29.757243	35.402979	17.868769	19.920267	31.345623	39.331247	11.083480	10.301169	9.603477	32.128409	34.237167	23.843845
8.728631	9.378147	21.903523	25.791107	36.103099	12.593406	16.786679	31.412999	31.425818	18.573670	16.737816	17.348139	24.052927	21.893729	20.196860	36.755082	40.151277	28.636585	35.565180	16.987769	16.334345	33.153517	38.859357	35.211621	40.279242	21.378372	15.342701	18.913640	24.920082	13.625173	26.394296	39.573840	27.261617	30.516266	10.563625	14.931128	15.152761	36.480296	19.388817	23.311224	18.480093	9.779869
37.497677	28.487206	18.189422	34.877759	39.111892	22.473000	38.775625	18.987067	35.959600	21.613442	20.259295	15.713874	20.917423	23.182253	10.489902	10.380142	20.695059	32.391931	12.660429	11.135545	24.284578	30.039269	12.684148	9.490037	21.386839	23.397002	32.556880	39.727610	27.571334	30.886372	14.054844	28.297293	29.889112	14.080324	40.232630	14.932600	40.628064	23.724332	32.643705	33.863234	30.385099	25.822923
8.933615	34.789482	37.057015	12.442019	34.962903	24.453837	36.243780	32.680388	8.641258	34.535340	33.316159	12.412003	15.737528	13.331283	41.033069	15.081807	28.578167	31.139490	25.280308	40.568437	34.961934	13.174091	28.202671	21.714825	25.951606	32.977466	19.876475	13.293195	13.017690	18.674968	26.309671	15.774630	39.412563	17.701206	35.458159	25.291469	36.257362	25.213719	24.388210	26.389762	32.644888	11.370434
24.690080	27.765436	29.702505	13.451027	29.157337	31.558809	20.806122	11.694421	15.871674	17.189187	33.838169	19.495202	18.978570	26.392479	18.921472	20.439435	34.620661	16.970287	27.554337	15.059509	19.534591	24.288336	32.690672	23.670580	16.335425	38.608123	16.020906	32.488287	23.703695	36.156913	34.558529	20.052282	12.405168	40.214891	29.394511	20.613922	11.045700	33.995515	9.112766	31.998336	14.396698	25.593206
20.515392	30.878780	22.968714	32.451702	39.295180	26.291362	18.562411	30.548805	35.217650	34.010509	38.730602	16.111929	35.480551	39.501105	36.803060	27.124945	15.492445	18.155474	10.195736	34.420481	23.736143	16.325262	9.112851	37.562733	9.240794	20.758044	18.600561	38.890390	36.148051	19.566499	13.712962	26.027532	21.710792	27.910925	32.726811	19.678602	34.808318	33.979459	34.170722	29.284806	37.368450	11.472616
19.023790	24.242343	18.226088	36.361863	18.937384	13.176159	25.037055	34.187837	25.826601	38.333275	18.676968	32.804097	21.621733	9.409647	26.298614	29.979913	22.217650	38.441045	37.702508	37.235125	31.769969	20.488544	17.068846	29.028771	18.125265	37.361766	12.459625	37.837089	36.657962	23.830306	35.321927	23.321329	22.333821	34.672328	40.145527	18.370200	34.716500	22.714641	10.664004	29.256262	35.003421	39.799336
12.302467	15.279825	10.127000	18.843344	14.091936	30.379113	10.830741	26.956585	18.418700	31.699968	38.789586	37.109758	25.144222	31.116609	36.677582	12.721708	19.828807	17.350419	40.246953	30.594941	17.283141	38.683931	10.510471	14.862458	24.313641	30.209940	10.881678	34.363639	29.305306	25.628092	37.056927	33.818539	32.507052	22.119656	30.072292	38.088124	12.545264	28.292638	31.229692	25.177218	11.368453	12.947794
40.846882	33.303454	24.965713	24.834596	40.860971	24.146969	17.914768	37.850596	25.675304	37.747376	35.445017	13.281780	9.509843	35.057376	24.954543	12.439247	39.272107	16.202419	35.615808	20.155679	11.622577	37.152028	18.691263	14.628288	39.783508	22.490418	32.064175	38.931302	13.047022	23.746996	21.823859	15.278424	14.372631	18.419648	36.811326	10.114305	18.155955	25.314510	35.097948	31.152956	33.065180	18.990322
17.902809	34.570391	13.703220	37.350346	9.634567	19.819155	36.865289	29.423659	17.871177	19.157671	12.238914	40.431853	28.228726	28.319997	21.978140	39.508176	24.629263	16.774810	23.922374	13.279716	30.935670	10.069829	29.950230	32.458717	19.424282	29.621208	21.877283	36.883374	39.236085	12.105136	37.964151	16.523417	31.484412	9.611978	18.203240	24.629456	24.330490	36.174910	8.335548	16.858295	20.040340	32.722496
25.490837	28.033143	29.868246	18.024664	10.785031	31.115714	15.590044	10.606714	39.226480	26.829754	33.702691	17.850390	26.234380	18.362865	34.201629	17.102215	20.389583	12.455833	9.389632	18.430566	34.777750	30.236281	31.311181	26.624667	15.527257	31.640251	34.606636	9.370703	34.829196	40.600947	23.083858	18.443207	13.038016	33.591455	16.191377	33.157437	19.464201	13.661542	36.968819	29.436214	14.283091	10.727935
39.406949	15.844767	25.110075	13.646381	40.220143	13.812288	29.877980	16.683655	35.470741	33.842567	25.821319	38.009432	25.237365	15.381132	18.088477	36.476369	17.538455	38.158484	15.668453	20.533526	31.827526	36.983179	32.862767	29.466096	11.051874	39.891895	26.693147	35.473903	31.322590	10.575518	9.830420	21.573600	17.752030	22.619264	27.716970	34.985644	26.340286	19.009435	39.072898	13.032715	24.248158	14.937563
40.183952	34.282049	35.906600	29.654304	31.458839	9.810646	12.004007	13.168503	38.909233	40.125952	31.264960	17.391529	8.607205	29.421515	38.430421	14.689066	36.083690	9.228504	40.559727	17.054764	40.445937	38.213389	33.154799	13.537128	23.344536	35.239189	14.193477	19.671242	15.442560	8.631116	17.710219	30.359666	40.486537	38.625494	26.982415	39.500699	27.259426	35.050287	24.647666	24.027180	17.606602	30.388647
21.415134	29.229617	12.676021	38.578521	20.039036	26.493160	38.319558	23.264050	9.170468	34.884804	17.313663	26.939451	15.527154	23.651755	35.399761	26.319946	18.308773	18.349238	29.792633	33.046242	22.930831	11.022054	27.766934	22.347213	33.370920	36.582034	28.447954	39.423975	8.263503	32.280245	14.381027	37.092212	26.179890	25.066954	36.775329	21.038120	25.906632	16.925978	18.802459	23.173965	12.575194	37.481963
20.070680	35.857801	36.673471	15.028770	15.281400	29.584738	40.184769	31.475594	27.444376	8.301286	29.354866	31.222237	16.234278	34.711323	23.121238	9.363868	37.594782	36.980118	32.985711	21.511358	35.168700	18.453726	37.950401	12.595876	15.370922	12.299685	30.858912	30.623353	29.102751	12.929624	31.984133	31.586137	9.741065	38.176534	34.806260	25.703183	30.478446	12.406858	29.953594	31.504491	34.045795	10.949681
26.483045	13.579120	25.876490	29.272838	28.498824	10.795345	34.255917	25.717768	29.974767	17.531869	8.836362	14.244131	26.978097	40.403874	36.552372	31.819090	21.907083	17.754771	21.996818	11.333774	27.887431	16.892534	9.477800	35.679853	22.528285	37.939132	31.203069	17.188168	37.627554	21.489653	26.312037	11.796480	16.522038	18.459940	18.150690	31.793047	17.709462	12.242262	37.262852	26.401830	38.475379	14.839376
11.787622	24.167048	26.139126	37.625118	17.214482	20.338538	37.335742	32.260717	10.475817	11.994277	19.356623	39.797546	13.402516	36.283220	34.999405	39.373154	38.995822	13.913319	30.863636	19.451272	36.568747	19.219173	27.183741	33.597452	21.195124	24.011734	12.644019	39.453202	31.209528	15.769763	12.874809	37.418298	12.783449	31.417264	24.418596	24.723158	28.966001	20.724509	34.868886	23.879573	31.335292	38.575769
