0.000000	17.989547	8.635089	10.972547	13.198947	9.535646	10.034744	13.601351	10.761103	5.876905	11.750367	5.729788	13.231845	15.841144	4.216851	15.263922	13.569676	9.418937	17.481941	11.204279	10.323710	15.265481	6.508903	7.541939	9.061227	7.031469	9.438259	15.086930	10.857048	10.540115	14.374979	14.665704	6.236095	17.311075	15.473461	12.176789	15.459293	10.142868	11.559155	3.918729	10.741825	11.650401	10.733889	11.312008	12.710811	16.880106	12.153202	9.337683	8.636342	10.375003	11.328694	12.929841	12.902916	11.173700	5.077151	6.771275	7.993583	17.843911	4.683471	7.174230	14.848310	6.370202
16.169707	0.000000	13.731868	8.351274	6.296401	11.303995	13.104252	13.665491	14.845222	17.587484	6.650121	15.136878	15.672766	17.325230	4.393102	6.214949	11.468136	7.163805	14.425431	16.367097	3.700530	4.173522	7.461128	5.797688	14.134565	6.330234	4.964543	13.528133	9.309598	3.792535	14.585038	13.471211	14.921018	8.060612	8.223684	11.918210	9.070531	5.416473	12.849473	7.588921	6.601053	11.602196	11.182054	4.498055	12.119653	14.045900	14.203092	9.136494	8.803262	11.831226	13.704133	6.257800	9.794163	16.794987	6.864809	17.148999	9.658593	7.926027	14.076159	7.493228	7.601375	15.900844
13.708729	4.628128	0.000000	9.332472	7.075425	7.080909	4.599821	12.787079	11.153041	16.303965	5.230218	16.606937	10.503793	10.398675	9.478281	4.442114	13.568681	9.042151	13.595700	13.027751	16.846811	9.730878	13.048205	10.585979	11.762722	14.460507	7.342421	14.541444	16.335545	10.429443	7.933867	10.066130	17.525361	11.910583	15.288573	16.122384	10.817755	16.409985	17.734122	15.895398	4.697762	12.953040	4.836157	3.713798	7.505942	4.563154	17.636171	5.060424	18.011210	14.997461	15.017515	11.499262	14.812965	11.293963	7.949333	17.984518	12.670431	9.474674	4.141180	17.553074	16.626220	14.396731
16.436484	6.104064	9.415953	0.000000	6.916134	13.858641	16.440778	10.165386	14.588369	8.999597	7.058624	4.664542	10.899651	7.316595	4.181242	10.745553	11.357256	17.330414	16.707164	17.217300	7.522013	6.069636	5.620100	16.261417	14.474689	7.992381	12.579716	5.795826	8.227776	13.838349	14.261832	7.260898	4.522380	17.264651	15.229554	4.511436	16.015343	6.311033	16.267211	13.121542	8.959802	9.280811	17.891995	4.718891	7.259667	12.354951	9.792136	5.692723	13.876924	12.935333	14.483544	8.032400	5.508709	12.454862	8.526993	9.954412	9.924808	11.562802	9.172181	15.638398	7.986121	9.916270
18.095025	10.192198	14.793611	17.139958	0.000000	14.086158	10.868884	11.744575	15.027758	9.163190	14.096437	15.207302	13.248128	13.363952	5.282784	17.766819	13.889880	10.307654	4.683061	3.860652	14.159040	8.680935	15.750555	7.863263	8.366115	15.179257	7.508017	12.357449	9.776320	13.357370	16.623460	12.058564	12.516506	16.261929	15.739333	13.794987	7.370888	4.717420	9.635509	12.243599	14.986670	5.548692	5.879667	12.886232	15.716874	7.605205	7.563858	14.246384	17.908873	6.788631	5.182537	7.727205	3.643960	14.137200	6.018465	8.113392	14.982022	5.539385	8.748823	5.572869	15.292335	11.125808
9.692299	5.379291	5.515666	17.886822	11.083439	0.000000	13.180461	5.104896	13.829684	18.018510	6.740770	14.280908	10.507456	14.116107	16.054961	5.559188	7.792231	4.002931	17.516449	7.492791	5.729256	13.382405	12.860722	9.262287	17.719660	7.932766	10.207162	15.493773	6.346562	4.606089	10.118496	11.478132	13.618765	11.963945	10.840523	14.166452	7.541817	14.903745	11.434011	9.424100	7.373687	15.050904	15.793203	12.852296	4.611180	13.502050	7.177985	16.904221	6.782352	5.206359	16.987040	7.418651	7.380968	10.036593	16.474602	14.263010	7.874322	8.891788	9.963588	12.491536	11.041428	7.718649
14.718548	15.002828	12.017247	8.272709	12.776305	9.767491	0.000000	14.239689	6.925723	6.257928	8.175731	17.694041	5.342666	14.212335	9.471230	15.863594	9.966264	9.756469	11.568384	9.620497	16.779650	13.594429	10.511602	6.138080	16.107020	14.300338	14.292733	10.176920	4.305342	11.625288	5.415916	7.745235	10.083985	13.109267	7.425285	12.103750	9.036298	14.823069	13.999035	17.421155	16.367342	12.761100	11.768219	16.021701	8.752258	14.563126	7.307381	9.266537	10.436959	16.234971	15.703874	12.179314	17.260819	14.147656	10.231835	15.035832	15.684147	7.503402	4.820021	10.786570	6.149534	12.978262
17.525767	6.768581	14.797442	4.938554	18.048549	10.995851	17.003821	0.000000	9.342715	6.340546	6.381067	9.831905	17.161780	7.948097	8.802881	5.120081	18.050853	8.060062	8.493654	16.186552	10.613318	9.309291	5.378351	4.936302	12.241995	10.400103	14.735306	7.491901	7.650352	4.070522	10.474862	15.261209	6.497648	15.019130	14.998146	17.072229	9.605376	11.616850	13.849583	8.263873	6.219648	8.180257	17.722111	3.929440	5.379668	15.577121	5.393274	5.474491	11.794852	14.921708	15.254674	4.565377	15.418458	4.444513	5.372327	11.853521	5.683583	13.593380	11.835698	12.398781	13.797206	6.951785
10.497953	13.574332	6.059390	8.093471	10.678889	17.563817	13.738063	11.309289	0.000000	11.284236	11.565854	14.545711	15.922915	3.996827	14.212281	17.784787	14.735328	5.323939	7.489703	15.619184	16.913275	10.130872	6.815911	16.662377	12.147319	5.927662	10.545454	15.692908	5.628285	13.874130	18.066106	9.145498	5.837519	8.877881	3.924989	7.443958	9.253001	5.888083	15.685520	17.076338	14.037976	6.012561	8.124331	3.655889	4.012489	12.506284	11.979721	17.080712	6.728613	8.163056	6.038897	8.676612	7.733164	14.469676	16.064960	7.159183	15.164780	7.947982	17.469646	13.149730	17.177516	9.032608
13.696533	15.560019	11.397905	14.346117	7.167125	10.152644	11.934618	4.582947	6.656927	0.000000	3.821050	17.969207	12.958356	13.052774	11.730241	9.837573	6.657077	10.141142	7.912963	4.813015	11.319341	15.918074	8.330511	9.391400	6.719421	4.716018	10.712402	5.189980	9.444494	13.259766	16.952383	8.705189	16.911452	15.144600	4.237188	14.620754	14.993048	3.929871	16.620182	6.355989	8.588884	12.499275	17.290735	3.954799	12.190299	14.681835	8.332610	17.442875	5.761309	14.605629	8.275886	9.696463	10.923305	17.995637	6.758203	9.387560	6.624387	16.273732	12.585017	16.270037	9.536564	10.947377
10.497697	17.612293	11.403426	5.460356	12.880198	16.229908	10.802143	8.301218	3.809220	6.728847	0.000000	9.614513	11.035873	14.588427	6.752639	12.046105	4.686508	17.754628	7.473019	12.628332	15.859426	15.889182	5.462991	9.984455	7.509230	8.263283	5.672460	6.436085	16.231455	6.376324	11.738049	10.060220	10.676190	11.382543	15.362485	11.944614	13.860412	13.337099	6.744680	5.990996	7.035927	13.466969	9.985255	14.365951	10.317273	15.038417	16.755062	17.021658	16.093517	8.911523	16.721484	12.226695	4.670632	11.628906	5.523731	9.987099	4.595419	12.519204	4.924191	7.645712	13.835523	11.539946
6.410069	11.664142	13.456057	4.827188	5.125632	12.113704	11.615505	11.217196	14.552240	6.341233	10.278736	0.000000	16.069580	9.565856	17.346411	4.345716	17.216351	15.637659	13.138113	4.970458	13.521162	8.876426	11.196894	16.587698	13.381924	10.700453	9.027766	13.827622	15.871138	4.803204	5.943817	3.649425	6.702269	17.526390	17.404737	15.162488	13.677495	13.721690	11.872185	3.752899	15.482989	8.609387	6.160143	14.977555	5.040942	6.040272	18.174411	13.128933	16.475302	10.627411	15.136591	5.686779	7.701953	15.552978	10.738730	4.446215	4.831310	10.503036	6.113739	4.049805	12.580614	10.221336
8.479260	11.045142	7.832278	8.565266	6.714906	10.304954	11.272174	9.834321	14.996149	11.464700	16.655673	16.506958	0.000000	5.347936	17.977919	16.057756	5.107056	4.509741	18.111510	8.978451	6.539191	3.819711	6.365571	12.824861	15.241555	17.204371	17.636781	11.207754	9.228242	9.901801	15.420909	5.791627	15.062680	12.570647	13.113468	16.317882	4.891897	11.527653	12.505922	14.409700	9.259243	12.723211	5.240804	6.832918	5.456234	15.484885	11.901943	6.553022	10.557291	5.359307	17.366444	11.018848	14.157946	13.214244	17.539718	7.926846	9.953865	4.347955	6.113463	8.445670	14.540664	17.388697
9.476610	13.925268	16.473952	15.800279	13.691280	16.721610	6.407059	12.905013	16.883917	4.039580	7.936037	14.463650	14.280122	0.000000	16.566991	4.107324	18.103636	10.317804	4.216365	16.886951	14.736542	17.266581	17.145692	8.525641	7.077315	16.408316	5.413106	14.363562	6.685140	14.952518	12.103684	11.744555	9.369391	12.811226	3.705879	13.808250	3.688590	3.971972	12.232454	11.549651	7.126833	9.218703	12.886898	15.865144	11.955056	12.161233	14.845861	14.226714	4.230153	11.451064	12.051906	3.915615	4.031178	5.664409	11.145145	4.209804	8.887808	7.122765	4.004189	6.928275	13.494593	6.006050
10.580733	4.102837	12.654345	10.205591	16.679975	13.289434	9.343943	11.947045	7.265817	8.140218	13.454977	6.393761	13.374467	5.456886	0.000000	15.358729	12.620845	15.652004	9.281243	8.690441	9.913943	5.101908	7.062648	13.986183	13.564518	13.601908	11.166995	16.409625	7.674558	17.218379	9.231780	17.229400	11.727546	15.291043	6.801549	5.143884	7.649161	12.836667	8.819862	15.332148	15.060694	4.406230	6.072273	9.590421	17.671005	7.736611	11.255495	9.822145	8.139993	12.241542	9.969357	5.796522	11.443497	7.166042	16.032428	15.008331	16.515709	6.076692	14.930824	18.115730	16.764331	7.741388
4.370596	8.346401	11.627054	9.586484	15.799908	11.690596	8.190242	7.627777	7.745889	14.752116	15.754160	11.385591	18.117260	16.236751	8.027691	0.000000	18.118831	10.406889	12.654027	15.764336	14.526753	6.187890	4.450126	9.988483	13.505579	5.398971	3.856506	11.367772	14.748461	15.139001	9.180927	14.403862	4.921415	12.450197	15.003901	12.743098	6.734881	5.487243	8.230268	4.667440	15.521192	9.587480	4.396419	12.002354	17.666691	4.380065	10.346218	9.390494	10.140593	14.169444	10.637132	15.077588	11.318996	8.152794	17.230634	13.535234	14.929771	13.409258	4.480954	8.450150	12.882378	11.959349
17.389613	5.920723	16.104822	10.867256	16.490331	11.879513	4.526191	17.533309	13.782214	12.310230	3.756951	9.460745	11.540756	4.419732	15.914764	7.089500	0.000000	6.909666	7.856722	11.039728	14.220583	14.657405	10.680007	6.867391	13.912686	4.072551	5.760345	5.964688	14.186918	15.830214	10.819424	16.902834	10.599842	15.149528	6.042249	13.824893	5.592591	14.872499	4.596636	11.526590	15.467874	11.370506	15.068541	15.796379	15.742741	11.824569	12.696691	15.824648	7.184959	5.391335	12.911763	16.463109	16.072346	8.373988	13.962757	12.025775	15.259389	12.986004	9.500417	11.303312	11.156311	5.393949
8.056335	15.398536	11.958374	13.269238	17.233897	6.341088	10.470871	12.342001	3.770350	15.618133	4.833022	6.729119	8.854647	6.269403	14.488842	13.850143	12.576790	0.000000	15.694043	6.943241	11.909059	11.541618	8.125418	17.408150	16.185110	9.863378	11.384829	9.739960	9.838585	9.129845	17.038490	6.212359	17.470106	11.474110	8.485517	6.333855	16.782794	5.951757	6.489865	15.218887	9.060625	15.997424	10.344543	18.179898	8.477799	17.047094	7.803137	13.297624	6.098653	14.987253	17.527031	12.884020	9.186227	15.160618	4.711421	4.628617	8.334395	12.036856	12.172995	17.980680	12.559612	4.353916
12.393427	8.362131	7.373851	13.436092	3.677297	9.603846	4.708435	3.675328	9.020697	15.636231	6.005791	13.319340	15.332585	15.381334	8.025043	4.220793	10.402529	3.750904	0.000000	11.045643	13.625004	5.918873	12.159848	8.572617	7.234636	16.247588	17.937334	15.103705	16.728908	7.635459	14.316748	14.730327	8.895510	17.538851	15.387747	12.610674	13.927363	5.277566	8.438560	15.432978	7.697269	15.092322	6.102844	17.346244	17.914197	12.336105	10.468530	14.267238	7.199199	7.514852	13.178159	15.977714	17.075874	10.289838	11.227479	16.463871	16.006867	12.674326	7.316561	11.469151	15.641947	12.991471
14.745031	14.392558	16.672928	11.688435	7.111392	9.104747	12.461623	5.206853	13.578116	7.990158	12.491301	3.944777	6.827908	13.735064	5.360978	9.628596	14.232341	5.405582	5.985335	0.000000	7.323636	4.015473	6.437603	9.782866	16.175291	15.499873	5.847685	14.424887	14.065345	5.349908	6.460025	11.441733	15.473599	17.644159	8.168300	6.237633	15.494013	8.994860	15.937699	4.131284	13.844970	4.469001	16.458453	15.016316	17.621214	17.940567	10.564594	7.014745	7.860509	7.515649	16.924379	6.000215	9.646392	5.584996	3.657641	7.065409	15.452522	13.321181	10.044351	12.054138	9.942921	4.480276
15.467913	16.054893	16.923299	13.740435	12.937086	17.718547	14.608375	7.516386	4.982664	10.880951	7.990348	13.924869	12.940175	5.750881	12.062773	14.989595	7.522772	9.085051	18.056736	15.378195	0.000000	7.970370	9.139362	4.749044	12.024379	10.281456	13.389300	7.749258	7.185216	11.456557	7.406863	11.393903	17.327895	10.419741	17.442988	15.183672	9.757388	16.157199	12.419509	11.728321	8.172697	13.610900	11.413932	11.683752	8.462287	5.059370	11.119607	13.575054	5.344190	5.184020	17.689689	14.372408	7.012457	13.882958	6.519687	6.430579	5.872885	11.151386	11.277898	7.847994	7.708429	16.851968
13.392911	6.201358	16.488740	3.942721	15.592114	17.103470	12.832543	7.047409	5.875009	17.379396	7.998494	14.409560	11.481001	6.130315	6.591520	7.746734	18.161842	8.581600	3.903112	7.426537	5.871233	0.000000	3.870973	7.954206	9.195611	4.537708	5.780295	17.361145	11.740292	14.924207	10.479506	5.800735	8.572525	10.138816	15.056758	7.091347	10.876166	12.444508	4.836215	13.302344	15.754692	5.774195	15.580140	8.985727	4.795690	15.417633	16.373112	9.760856	15.764032	7.335879	12.577916	11.433929	16.184291	9.656910	4.221028	11.126144	16.775767	14.846706	9.045698	10.655259	6.947176	11.807784
16.215747	7.852846	14.228007	12.657519	17.909168	12.708279	6.882248	11.047283	12.140507	3.854960	11.065386	5.007025	12.785503	12.145140	11.057792	4.603077	5.108081	13.023260	8.992462	3.680842	16.204843	17.231138	0.000000	15.124259	5.657899	8.761480	13.383293	8.594030	5.021144	4.637077	15.287341	14.259839	3.754712	15.736322	18.009013	9.424391	17.346361	12.512897	12.121561	9.051807	11.525080	14.164667	12.257632	14.539385	16.236544	13.029699	10.955562	4.034667	7.041791	10.759550	15.998081	8.921984	7.893438	5.194970	3.674171	6.628162	13.239996	15.090569	14.718631	13.819314	8.582876	10.873149
12.874165	13.724418	6.068257	16.800948	9.482794	9.772444	11.641321	12.682222	13.645481	9.645228	18.098267	11.942757	5.918460	3.718899	17.145957	13.764072	15.659005	11.440783	5.411973	12.409120	6.453580	9.149847	13.053783	0.000000	11.571273	10.872377	11.273453	17.458997	8.885150	9.294475	14.269735	8.330775	12.102346	10.890838	10.298831	13.443356	15.782868	10.012733	16.337318	4.261268	16.948477	7.037382	8.747182	12.740742	16.572191	11.560108	4.725970	7.406180	18.065447	8.340178	11.836681	17.091090	10.955514	4.024736	5.569088	8.391805	5.330375	11.852104	8.443840	16.835068	6.946364	6.995729
16.971156	11.483897	13.611786	6.142135	15.410585	16.897601	7.858733	9.694954	14.264144	13.629249	17.316932	14.671698	4.588671	12.766645	5.303624	14.583709	10.861294	12.763234	5.832076	8.258946	9.611785	11.948311	6.681272	12.140521	0.000000	17.866126	6.277133	10.416781	12.738058	7.730465	8.590437	16.698379	5.882899	7.316758	4.261532	11.726637	14.046253	10.069819	15.492884	5.697160	6.926153	4.362056	10.340943	16.780644	18.055858	7.499374	10.033348	5.589920	5.862707	12.865517	15.190599	15.834573	11.927547	14.054967	12.263881	11.304748	18.008159	17.997651	17.107923	16.512193	9.833429	9.056254
6.319080	5.398166	4.027755	4.743283	5.149810	16.564474	8.292611	10.657000	15.140717	12.747795	17.881479	4.716826	16.772486	8.132895	11.045770	17.290752	10.185943	8.658170	9.682195	12.036722	15.395585	17.274357	5.349102	15.447473	13.280825	0.000000	10.491194	9.208909	7.222011	14.062933	14.704752	10.012307	8.269626	8.955026	17.969622	9.804749	15.586467	16.982138	7.388947	14.212486	10.581647	9.100588	4.899791	5.750914	17.631778	11.754108	13.138608	16.938272	15.633787	18.125683	12.978482	12.735650	13.385960	14.519989	15.706186	14.047375	12.100563	14.561362	15.364704	8.442005	5.906291	16.160034
11.022084	7.161544	15.199993	10.884934	11.225943	7.985728	9.763948	13.417313	10.187350	10.776162	5.219492	11.157738	5.535347	16.146431	3.811556	5.043841	7.752361	14.460764	9.469798	16.526709	9.135476	8.322243	10.989489	6.382291	10.561976	14.692889	0.000000	4.493819	16.671606	16.818392	7.664942	9.285168	8.138698	8.490223	13.614838	10.473452	14.844540	16.044910	10.371936	5.316251	8.685422	5.714294	8.866684	5.639559	5.468929	8.039315	15.575313	12.840354	11.523987	7.386176	5.455134	3.682594	9.378224	14.340992	11.426681	11.794348	16.568432	17.327373	5.065535	10.757142	5.805841	5.405200
9.441533	13.909611	11.422641	12.137461	16.158546	11.882009	17.429210	7.535728	14.964345	14.499668	12.311173	9.900252	15.436973	10.710064	5.477999	5.016791	14.691985	5.402657	11.666265	11.635550	10.080491	9.379093	10.950943	4.606521	8.363274	11.724276	15.494066	0.000000	5.428928	11.934550	4.519792	16.342956	6.157673	9.598700	5.064083	10.834490	5.049654	17.987689	13.064117	9.557134	8.283046	10.688390	12.131376	6.599960	11.402749	11.896110	8.118545	11.053678	8.064261	3.966794	7.859465	7.396739	15.761055	8.090490	12.547362	13.451962	3.821232	15.877240	5.926403	10.765704	13.160987	17.975689
17.048562	15.494055	6.782250	12.371911	6.485424	10.633308	10.449023	7.335457	16.202597	7.577786	6.254359	13.263003	17.488791	14.669582	6.988692	6.182442	11.244429	16.558657	16.347667	5.807937	4.904089	14.844015	5.633912	13.085184	14.330473	4.467685	4.665562	3.766750	0.000000	17.642289	10.648935	3.997953	9.209513	17.474843	10.322881	5.800188	17.413878	8.526803	16.218095	17.184308	8.485698	12.020550	11.675946	8.246797	16.530154	5.896028	17.820580	4.446519	13.318063	16.711062	7.613773	18.145516	15.164524	9.843648	7.469822	15.799324	9.959198	4.240620	12.170915	14.614400	16.166125	8.255788
18.150513	4.037947	5.278478	7.281337	16.419996	7.276192	16.788667	9.682249	12.180450	4.703973	16.772930	14.299295	10.047555	15.802451	8.702348	9.815369	17.968108	11.831862	16.534256	4.689694	7.489453	15.317661	9.338711	9.457915	17.938477	16.453771	10.767550	12.920471	17.651547	0.000000	17.537550	16.823897	4.899021	9.887447	13.014322	14.185402	7.463671	9.709885	12.300815	9.217880	3.942546	16.489468	7.875861	10.855348	12.822513	11.545168	9.671685	6.070980	17.233271	15.034390	8.911700	10.994075	17.766755	5.943826	13.679711	4.356531	4.849377	15.122151	11.727436	7.565060	7.654655	6.440331
13.161073	10.513992	14.755154	8.313536	16.511364	4.433714	4.569106	13.490334	5.670274	7.990747	6.716669	8.525355	11.798150	7.640557	4.913917	7.788433	14.337047	16.182664	9.478302	8.676572	16.502017	16.170213	13.305071	14.542396	15.190162	17.466549	15.220250	12.187401	6.716918	8.858586	0.000000	6.746852	7.079397	11.403628	9.614428	11.374392	12.741310	13.438787	13.261186	12.655028	13.916635	12.647775	14.372158	6.282173	11.549005	16.304709	12.454027	8.393898	13.224058	14.052323	8.361884	14.427619	9.653769	7.201389	10.646069	6.813885	14.978948	10.303559	11.739701	6.958278	6.920596	17.558769
8.513242	12.798022	9.086405	5.770714	15.307544	6.023165	3.985493	16.635802	17.135975	11.452651	12.639034	12.850848	11.412068	4.125554	7.777501	17.266825	17.421026	3.996835	17.230752	17.057991	13.929508	14.890445	10.172350	4.203951	16.620462	10.353825	13.894075	17.961717	16.209187	4.551888	10.287317	0.000000	17.924836	4.843236	17.764455	13.911026	9.194928	9.637982	11.359459	8.784986	7.497928	7.118595	11.651693	13.654113	14.854935	8.393317	6.491074	5.356341	4.302804	5.639272	8.334502	10.985793	11.373739	5.795573	6.143300	15.658996	10.086579	14.465339	12.037278	18.150549	5.373548	6.136052
7.548857	15.597252	7.003886	10.208642	6.113598	11.107070	11.469527	13.518152	15.420032	15.278493	12.359316	17.829467	13.721842	15.629924	17.601126	15.259981	6.768479	17.022070	10.104008	8.458122	16.968944	4.555698	15.990803	5.745379	14.216360	8.334283	11.617137	7.123735	8.610094	10.229917	9.494235	6.592108	0.000000	4.122267	14.614314	15.986304	15.139900	11.297143	9.750560	11.312237	6.639128	12.816543	7.465228	11.651322	6.170180	7.961749	6.186896	12.155941	17.726905	15.401495	16.197801	17.958914	8.889411	9.858397	9.713472	11.033499	3.704525	14.123168	15.284367	14.603328	10.189195	5.875714
13.261856	10.944184	7.007153	11.113865	4.506686	7.412068	7.445368	17.366350	6.450220	10.985776	10.731388	11.918145	11.964820	10.522415	9.389388	14.271767	5.242695	7.667098	17.417999	6.154479	15.674573	6.967403	6.107735	13.047805	10.793909	13.318100	8.566180	9.648178	4.522850	5.881599	16.063963	17.173243	17.155911	0.000000	4.795036	7.473564	11.590011	5.479527	15.997746	15.735987	8.300595	6.516349	7.730691	16.581198	17.933654	3.932456	17.542911	13.095413	11.503541	7.904431	10.608677	3.943494	10.115484	12.680841	15.111983	10.962780	15.722067	9.622388	5.738038	14.020764	14.909198	7.000358
17.632672	11.829918	15.102230	9.395985	15.186382	16.849835	9.293460	8.497616	16.751880	15.451641	7.721811	15.742547	6.949333	11.756068	6.423944	16.369135	14.361879	7.616205	9.868910	14.078726	11.880192	9.523925	8.222181	4.938677	11.562662	13.349282	8.747927	5.524459	13.935355	5.623737	12.580593	12.219339	10.274882	14.938234	0.000000	7.693781	10.456096	17.207110	11.395767	14.263538	13.782459	10.058942	6.707030	6.736627	15.891285	8.611551	5.361204	7.557200	11.577400	7.160510	7.621548	10.301213	15.314712	13.635644	8.681977	7.677640	8.400704	12.927769	14.678072	10.901372	5.629221	14.499473
17.584091	7.376521	14.300687	5.487976	4.676125	8.898329	13.436136	11.752259	8.047714	14.221366	16.114620	7.130694	6.843757	13.567421	16.178292	4.557956	9.306434	9.938377	8.066260	18.175674	10.555807	17.598597	12.830645	18.045664	14.770640	11.777171	10.905614	17.080550	7.755603	9.933188	6.600150	12.978098	18.039848	17.565713	12.732183	0.000000	4.201732	4.132739	14.130212	7.341462	5.596706	16.533301	10.914612	5.086801	8.262094	16.521187	9.197326	10.808523	17.869928	5.131983	8.761473	6.261260	15.618535	17.166763	12.292530	15.106561	13.770285	12.032828	15.651102	11.028798	4.155673	17.988417
17.504859	14.490553	16.481375	17.709560	10.336668	6.113111	10.964487	12.697094	14.993359	17.991180	6.329955	12.598180	13.150574	17.931992	10.626639	15.163826	6.378188	14.549367	5.036459	8.337353	13.565957	9.947721	7.663352	8.407060	9.214278	17.276611	14.257273	14.811670	14.344601	13.135716	4.031118	17.831663	11.843788	14.732580	16.777797	8.882641	0.000000	6.612921	14.573527	8.281988	14.447416	7.148617	6.160410	14.693328	7.117901	14.996385	4.927942	17.831461	17.365017	15.994007	17.412665	9.884327	12.199247	17.913325	4.156421	11.824396	5.449487	4.894521	8.213470	12.175418	10.151092	3.745091
14.701178	15.935522	15.325336	18.148256	15.576354	11.645750	18.073108	5.485709	12.324601	16.096604	4.978935	13.694081	12.107624	15.494865	8.478188	16.294284	10.565834	5.896751	13.951090	13.769260	12.216852	5.880768	10.716352	12.875029	16.265042	10.244083	15.973968	14.560983	9.288216	5.019831	10.839525	10.371252	9.931206	14.064908	6.002863	10.209168	11.298703	0.000000	11.707795	6.947063	14.054109	11.189872	9.733920	14.589711	6.592416	12.200491	6.940795	9.971636	13.995559	11.750834	6.369184	12.363141	15.799985	3.656044	4.025721	4.742438	10.873780	4.263976	13.379807	7.679227	14.873929	6.937616
11.160032	5.301173	13.557250	10.503393	10.775060	6.618327	14.148441	6.758574	8.117397	6.950766	12.559137	5.689192	18.054441	11.383160	14.670307	16.303413	9.798552	4.147691	9.164411	13.768389	16.173710	9.576741	5.345847	8.291051	11.578189	16.083947	8.918175	7.894563	17.748972	6.973657	10.792706	9.394488	4.424169	17.226152	11.548646	8.187699	8.694934	6.526279	0.000000	16.497320	5.251863	10.253870	8.246772	6.907929	7.949618	12.100652	13.996903	5.689027	9.833363	16.788105	11.067274	17.203434	18.056425	15.140803	8.644945	13.673355	15.131300	13.644485	12.719400	5.250456	11.727573	16.900466
14.986052	16.168672	11.034458	10.813518	14.665244	17.639931	14.339822	13.457966	6.673320	15.359843	10.080255	4.158086	17.031433	4.280999	12.371304	14.822674	11.049356	8.919468	4.790891	4.886045	12.451390	13.392590	3.702885	12.459275	16.023928	8.494498	9.437778	6.899160	7.010508	3.748525	13.041809	8.678049	17.436186	4.726550	5.423091	4.049244	15.415081	9.340713	5.598142	0.000000	5.427167	16.193373	5.869597	15.897542	9.050570	16.665814	6.829558	15.545157	13.862357	5.234051	9.432561	10.445338	14.070148	14.538759	15.268933	17.962463	8.011740	8.662092	14.499800	13.544349	8.488958	14.238081
16.665089	11.640580	8.866148	4.787685	9.806447	9.247189	10.764525	9.043505	5.151574	12.916338	12.452595	11.289506	5.436008	5.479858	16.486036	3.736764	12.754637	15.539346	12.716035	15.600925	16.085425	14.296498	11.193297	7.220628	12.406672	9.301235	5.687688	15.987511	6.746249	6.723303	5.698200	14.703058	9.253480	5.297656	18.083832	6.695476	14.262807	7.519691	8.627548	5.458023	0.000000	14.546496	6.123703	9.781092	6.095709	14.673046	3.764743	9.222416	6.746338	5.806722	12.033550	13.303171	15.536869	11.889592	10.954377	14.144081	9.831220	16.609406	17.056937	10.669076	16.790031	14.616113
4.837871	9.246985	9.960008	13.379314	6.346524	17.103841	7.079172	14.721782	15.475835	4.828656	6.417203	7.502035	15.429082	13.882140	9.599206	5.379991	8.827863	15.802024	17.999326	10.878526	13.911821	8.358593	14.408317	6.944949	7.381475	8.895675	16.115307	9.017083	4.246757	8.706318	12.049004	17.475088	8.254121	11.115871	9.427630	13.188989	12.595380	14.754715	15.555246	13.976245	13.554231	0.000000	12.978582	14.559495	7.347434	6.989194	9.892253	11.308967	15.885913	13.883693	16.665784	15.338826	17.633438	15.421738	17.122882	5.465916	5.024732	9.447622	11.363147	5.610896	5.317793	14.809557
15.030051	11.608287	12.913100	4.727485	8.293074	5.517053	13.423461	9.875237	12.225588	6.433935	14.356053	10.558059	15.167457	12.192455	17.774268	15.667656	16.476242	10.837834	12.879294	11.881788	8.892691	7.755408	15.850340	8.558185	6.681809	10.223587	14.512162	9.170845	16.803272	17.806222	15.702041	11.240511	14.736014	5.191264	16.853995	9.094941	3.970403	16.539469	4.638521	4.545000	4.167092	13.935280	0.000000	15.589624	11.776049	6.235254	9.661621	14.757973	11.283752	6.181845	14.816405	11.618037	11.288411	14.403683	12.655760	17.188247	11.875286	15.598122	15.752095	11.971596	12.105428	12.115765
6.897761	13.412785	3.677306	15.063474	6.546320	14.428689	16.129143	7.327170	18.111273	10.891692	16.820671	16.469633	3.952018	17.846607	9.427795	14.420794	13.117240	14.640901	5.505578	12.827657	7.790310	16.561371	16.294923	6.248526	6.007142	10.212914	10.741317	7.137622	11.793425	18.001784	10.632609	10.367672	11.252285	7.257652	10.164172	8.469052	8.607997	13.463331	14.734717	7.952849	4.436222	13.041418	6.567435	0.000000	15.458426	14.379385	14.231090	4.409617	12.530358	14.703130	16.124017	8.165313	17.935415	16.762388	6.497477	6.955884	9.509686	16.506175	3.744025	13.029520	11.572090	14.756400
5.663236	17.451353	7.701813	16.711882	13.580291	8.750888	11.337681	5.481575	13.521779	6.459270	3.994111	10.076434	7.158268	17.352930	8.405210	13.664071	15.881008	5.893503	14.538332	5.686542	6.294086	10.574508	9.118716	5.612187	15.840395	16.489147	4.839095	12.035787	14.347873	12.886105	5.491381	7.192443	16.655597	7.130127	10.227793	13.038377	13.990784	8.589014	10.073466	7.684903	17.910716	15.818669	13.910616	7.443650	0.000000	11.121030	11.699533	8.934004	15.673758	4.826339	17.174020	9.695856	16.631272	6.102277	7.845792	15.363316	15.846061	7.191820	8.143311	17.476391	13.464702	13.688442
8.242325	4.859220	5.422890	4.520779	13.661875	12.552939	17.728517	16.500334	15.374831	7.734244	14.247734	12.871634	8.857011	7.053067	4.284746	6.645051	7.364038	9.784735	4.573335	16.421244	14.881909	17.391036	8.678859	11.166090	7.040258	14.676479	7.433079	16.352444	4.955380	16.917051	18.003331	4.492467	12.049243	16.059080	9.547413	6.773824	5.762200	6.142956	7.927616	5.467481	7.227530	14.714591	10.649856	8.887672	12.906460	0.000000	5.522376	11.452736	10.849361	12.760576	12.316875	10.456393	16.350970	12.704307	11.660043	4.276302	16.392376	15.475871	8.070984	4.274558	17.743081	6.139090
15.796550	6.405633	16.022800	4.860821	5.225413	14.956858	5.173583	9.894398	7.303950	8.021796	14.086997	16.639765	10.942596	7.698276	12.341230	14.360381	11.020855	7.164891	17.375762	8.316611	14.865630	12.220862	15.412882	4.467920	6.084999	4.599225	11.281785	7.161834	3.666032	11.398640	16.593417	12.962617	13.661572	16.413827	13.160639	16.270130	12.913838	15.961057	12.186240	8.295358	12.903091	4.232804	13.249881	13.198132	7.948691	16.240605	0.000000	8.146286	13.226337	7.708689	4.273337	9.969231	7.925296	14.540566	5.279418	15.137158	8.527075	10.905503	7.609461	5.980834	12.362150	4.662733
12.656342	14.546307	7.491287	9.840715	16.044815	7.193094	16.933774	15.199272	6.042544	9.355582	6.265346	11.483892	13.558889	10.341828	6.347015	7.522109	10.942448	12.730207	7.501321	18.141607	4.698843	12.373218	4.116781	10.847088	12.666247	10.282000	15.895808	9.336470	12.828855	5.131710	6.170888	16.533865	13.891259	15.712615	9.788792	4.855900	10.689000	5.004041	8.463366	14.395186	13.450621	13.531042	5.270612	10.484880	16.680210	5.420262	6.062845	0.000000	13.688656	6.203986	17.114575	7.066079	5.993037	14.905261	6.022052	5.311347	3.725673	7.695685	14.330177	5.495438	11.010854	4.839253
18.054770	10.406572	6.365944	13.126485	4.995921	16.438914	11.752977	17.032706	7.064816	8.442018	9.836100	17.297510	13.462403	13.184506	6.010023	13.974314	10.638261	16.946502	10.512401	6.748997	15.485610	11.630065	10.692327	14.959189	9.932376	14.074139	16.272014	5.745763	10.428425	17.541189	6.251144	8.537440	3.994706	16.955351	12.236239	12.741043	11.638053	17.484376	5.005186	4.099443	5.362166	9.271009	15.215807	13.228252	8.079160	3.846547	12.508678	14.809202	0.000000	17.979217	13.825898	7.672739	13.121901	7.947357	6.328676	6.456773	9.231529	8.144490	9.138578	10.441723	7.559936	13.250830
5.530366	12.638582	14.050961	5.140050	11.762752	16.613783	12.973808	18.116774	7.131273	17.351557	17.551939	12.711002	12.842655	10.899825	15.048319	8.873653	7.508304	16.445503	17.318703	11.573892	9.066389	11.131602	6.113635	6.555851	5.289375	10.398042	13.684576	15.854886	13.007561	12.705689	4.518448	3.884765	7.930639	5.370995	15.934017	13.145308	6.199859	9.879402	5.027358	12.036240	5.390276	7.630462	13.347630	11.987458	12.099148	17.358999	8.234173	8.138571	17.141181	0.000000	6.972915	5.336739	12.584157	5.550225	5.048442	6.819751	3.714592	11.939346	11.872195	16.101065	6.870204	12.449764
6.091294	5.794117	8.078351	8.099996	14.392248	9.440012	11.591604	7.647056	6.887984	4.506100	9.351590	9.913245	13.688218	10.826102	13.312398	11.142971	5.296483	12.394710	8.458982	16.171518	13.133597	17.735803	12.158832	16.521117	13.438389	18.025983	17.589039	11.664495	12.639237	4.337574	7.440948	13.972123	3.729003	12.234649	4.277160	14.610606	10.814298	7.672695	7.447950	16.674498	7.159736	14.920667	17.435720	3.927554	16.763724	11.884289	11.423004	17.860035	4.380870	15.447484	0.000000	3.716663	3.846804	15.113718	13.020762	17.145168	15.124293	11.857449	10.303967	13.217523	5.122942	9.942902
13.461837	4.279533	14.369434	9.143407	9.949552	14.315378	15.984846	15.758308	13.250892	7.105487	11.086160	13.688475	16.835832	16.675156	8.904499	7.142588	10.003138	9.885211	15.104863	12.598349	14.403573	10.196736	17.289256	8.603947	14.605275	7.119579	4.037821	10.594568	4.296170	9.794092	6.328734	9.936422	11.508106	5.341874	8.887106	10.322291	7.980536	17.999951	12.544133	15.689605	4.326051	17.894511	10.786693	4.057976	5.410029	8.561354	15.142836	8.377934	14.587537	5.714838	9.439288	0.000000	4.695273	4.903712	8.283163	15.739750	8.267598	17.297582	11.346307	7.374607	12.016666	12.172720
11.811147	3.985866	4.033764	5.967622	6.285847	8.808777	8.414153	6.117655	5.278487	9.932152	5.247832	5.240332	15.484776	7.193030	3.874889	10.243456	15.531377	15.151118	17.096490	14.025176	16.897300	4.582410	10.782374	5.293823	16.076354	12.932491	10.059743	12.605319	8.030093	16.801599	5.008605	7.347395	3.806461	5.459497	10.170295	7.683824	15.147551	9.670602	17.199176	13.742799	5.484416	9.261710	9.096818	10.427145	18.118673	8.979929	17.509068	7.144740	7.179260	4.847204	10.927736	14.619631	0.000000	14.308437	5.464401	12.928550	10.006432	8.205798	13.187121	15.705200	14.861894	12.099643
16.739674	15.210493	11.367485	10.474648	6.837105	4.524354	16.858523	15.211684	17.502059	11.848724	12.274511	17.390196	6.588491	3.904420	15.581998	6.182452	4.670483	5.601568	15.261727	8.461778	16.667780	15.311273	15.199994	6.364238	7.725849	14.447775	6.532804	12.967078	15.133725	12.096082	12.192534	5.959695	13.011112	4.431870	13.149149	10.909638	10.497810	17.509472	16.347886	17.053897	10.638005	14.259978	5.148309	5.092643	6.354160	5.853150	10.503854	6.974629	14.472665	11.830586	13.065616	6.511315	12.589208	0.000000	5.395824	17.471218	14.925663	11.185491	15.526339	11.380993	17.222326	12.169858
4.581647	10.229503	16.056621	6.066813	15.734904	4.735079	10.798876	4.681844	4.238866	18.137280	8.849336	8.553724	5.481714	4.657012	7.891760	8.490039	17.787243	9.539765	6.307900	11.926635	10.811784	15.951739	8.938236	15.299593	8.180404	14.077649	15.956563	5.849018	6.167328	11.652734	15.778416	4.217272	12.490598	5.519644	17.765539	10.831633	11.613118	15.581237	5.240957	7.737475	6.678234	11.318383	13.151232	5.883081	16.068322	15.446787	10.368073	5.948857	5.298099	18.007858	11.157548	9.878550	8.924276	9.103172	0.000000	4.305383	9.088850	11.925576	11.409492	8.509519	13.134859	8.869935
14.735625	17.814934	9.250985	11.024013	4.942457	13.898614	5.643628	3.951944	10.755534	10.919062	5.726662	7.740337	15.269898	5.232277	6.103182	14.382675	4.497396	8.768653	8.202570	15.794708	12.997271	17.544853	5.164358	12.161259	15.055535	7.669099	8.335132	6.691315	5.656552	13.814090	9.339273	14.280578	3.742719	5.114758	3.695893	12.870857	4.084476	12.001407	15.275661	16.159585	11.550951	11.398829	14.765075	10.165408	6.852824	13.596961	18.021892	16.002079	12.338290	9.444708	16.567966	13.498597	16.629135	14.553416	11.078077	0.000000	7.477169	7.974957	13.937033	16.714156	14.166096	6.654690
7.046306	6.222468	10.604546	11.117000	17.476678	15.487274	4.419575	11.813976	13.374195	7.515710	11.017253	11.469755	16.089190	3.819457	5.128667	10.375887	4.564820	15.348274	12.523954	8.661583	15.484289	7.627291	8.702888	14.529202	17.574274	8.150275	7.183591	14.623132	6.733508	5.420265	17.514768	12.328767	12.167262	6.821850	5.404522	5.728837	13.299829	16.641993	9.462903	5.622724	11.581026	16.256038	18.036097	13.839962	9.674302	6.461855	3.900685	15.476230	11.360374	16.504520	12.750508	10.136758	8.916328	16.742764	10.161474	7.735922	0.000000	4.849296	4.334071	12.429639	15.579352	4.829352
8.059190	10.357239	17.008064	7.528141	13.346334	11.383899	12.762089	11.346747	15.109493	12.848149	8.210343	17.594522	14.506864	10.532739	6.405546	12.639302	15.059002	13.002027	5.981199	11.693303	17.968923	6.928779	15.428674	12.812194	17.357458	6.723979	12.181568	6.002906	16.068956	5.352571	8.424957	4.595928	7.298335	10.828611	4.362170	9.545740	6.773472	15.284187	8.297079	6.489659	11.820915	7.969138	9.976605	5.527243	7.912783	9.061791	8.769423	13.394784	11.791009	12.653736	7.658763	16.847973	5.246518	16.986462	12.177388	5.868069	8.539215	0.000000	7.123062	8.605572	12.436200	14.309864
14.936093	6.363419	8.525705	10.806067	10.907874	4.153600	5.918720	6.148402	15.619398	16.041519	6.400058	7.401886	8.309331	15.516279	13.918733	17.075929	14.377261	12.354474	11.325874	14.735459	14.300422	13.751703	8.585306	12.554096	4.553304	10.585852	17.046851	4.588665	13.604049	14.792836	5.312018	7.382623	13.097512	12.186851	12.280059	17.446937	15.909974	14.839008	3.783738	5.974945	7.334691	8.318249	16.468959	5.523055	13.645441	6.212477	3.735507	7.417663	4.323340	10.663640	16.503094	11.007158	8.456676	11.446809	16.038978	11.358533	13.979170	12.196720	0.000000	15.819763	11.220678	13.241825
17.918866	7.789989	16.126782	12.049924	4.955610	13.637220	5.727135	14.736096	6.165572	10.199062	9.170031	7.017490	16.367796	7.030119	7.177291	7.690325	11.950248	8.313160	10.587619	9.925600	5.530630	4.362417	10.833750	17.299684	8.505963	10.706581	7.677579	9.909238	10.619075	14.468992	17.876242	5.629828	15.309703	6.382130	8.197759	6.627672	9.673308	15.774096	3.960226	13.567170	5.277358	6.111351	7.403965	17.959322	7.998588	11.254695	8.178530	4.419591	9.750373	5.848673	9.587673	8.384962	15.992379	11.941620	12.860024	7.099433	15.675744	8.751397	7.557049	0.000000	9.657368	4.747996
15.717114	6.668805	8.169847	12.633831	5.333814	8.034852	14.533799	17.204051	7.244562	8.366263	5.812932	16.532915	9.350315	17.821151	3.913444	5.495784	10.098464	4.293823	14.604045	10.056037	12.674508	16.501763	16.868363	9.652368	6.866987	8.849900	5.725550	6.165628	17.592652	5.591457	4.265984	14.898442	5.191317	14.850610	14.576116	9.048343	7.725521	9.529367	7.195964	16.478918	12.572913	7.405159	8.487130	17.321999	15.680717	4.062120	15.938468	12.425858	15.058954	6.100762	6.729147	15.034727	14.671418	15.835468	8.611324	17.141719	8.888431	18.050533	13.795160	17.926573	0.000000	4.949535
9.817090	6.456362	17.378780	5.353184	16.377614	12.197635	11.112347	13.219659	7.557964	16.394089	6.904356	16.085078	14.369188	13.874881	8.475969	8.155322	3.679146	16.888588	10.988875	6.827871	14.484934	17.274419	9.101489	10.197775	6.473299	4.210661	13.744278	4.543812	7.511838	8.105493	17.262894	6.841179	11.625738	4.681173	5.283590	4.982319	10.507026	10.082937	5.888612	14.516327	5.815270	14.714449	13.397475	3.650884	9.673004	4.173834	4.165407	14.244230	16.110145	14.084358	11.068657	5.502112	15.734758	14.213918	4.094495	10.334580	4.031609	8.040260	10.116710	12.663966	5.835730	0.000000
