11.103372	18.426334	7.759654	17.101816	9.078681	10.149432	9.965207	23.233677	10.262958	7.398678	12.138804	15.169735	12.519194	18.803095	5.209645	9.642238	8.475857	5.450820	6.784869	21.079001	9.601987	22.084838	20.081908	11.419122	7.475123	12.967125	10.541196	19.038382	17.986684	13.462230	21.648021	22.637054	7.675925	20.089815	10.848074	12.901266	12.610623	10.447435	12.575593	17.503476	17.052654	22.001903	10.480502	9.629373	22.207917	5.436795	6.070408	5.420932	9.829787	17.764726	4.987251	10.724563	8.862804	16.242690	17.143271	21.323659	17.044710	9.477474	5.526846	12.927941	18.276529	9.298140	10.150937	17.363112	21.339312	16.257203	22.221434	8.599713	10.654228	18.384875	16.835068	5.963419	14.701989	6.799362	12.729824	20.251173	5.851960	9.546782	23.079142	14.842686	21.775352	19.341996
7.772532	14.167699	23.428458	7.917410	9.079653	10.780362	9.468677	14.428441	16.460767	21.597010	10.213996	19.870786	6.790565	19.877337	12.945760	14.125690	11.379734	14.363243	16.284447	22.782481	22.841900	23.609756	15.880234	8.162497	10.756965	15.865434	21.096182	16.114347	7.456721	23.429722	6.157499	9.910652	15.748246	18.292948	20.417398	7.952538	11.914662	22.886104	12.607830	9.745278	19.789005	9.704326	23.337376	20.566222	9.792767	9.667512	15.846747	6.963490	15.559941	19.533461	10.325985	5.329579	23.544887	7.386148	5.884275	9.376524	8.191871	13.836028	17.151869	19.958245	10.054476	16.809655	11.895514	22.557668	22.893116	16.501673	23.398485	20.366563	17.567613	18.261947	10.201806	9.321603	22.565349	17.344561	13.327085	16.036759	5.894199	11.401140	16.160291	15.291552	16.635379	20.040920
5.433017	9.941377	6.508772	16.208183	17.441123	8.453208	13.317622	7.301732	11.905319	16.994001	22.848945	16.288464	16.435362	18.670778	11.356587	20.141065	15.960776	17.733016	18.535598	8.884698	20.085225	11.376078	18.985870	9.555409	18.134976	19.199531	12.117522	18.773645	9.014751	16.899839	20.681183	23.584886	20.290144	18.309124	8.008086	21.848017	13.702525	9.917946	4.830334	12.398055	9.485151	23.614488	4.792569	17.362027	10.667577	22.024891	16.324217	15.662926	17.972127	14.627147	16.609355	16.071637	14.368778	8.397706	6.959036	22.501940	12.501910	14.035901	12.903404	22.256165	13.378670	7.237977	14.282928	17.266823	19.461890	8.166175	11.604821	16.792545	7.332973	13.171442	18.991853	23.008341	18.734112	18.240293	20.808293	9.432449	15.694183	11.278889	21.483582	16.056531	17.975751	8.952942
17.262287	5.026087	6.193547	22.921380	8.563333	10.838979	13.800464	17.364869	11.562596	15.927968	9.538396	8.455165	18.322508	14.274470	23.224222	17.328182	11.133734	15.023352	19.448600	11.438238	8.084337	12.589892	13.706776	12.714845	7.082936	6.897335	11.641042	7.852159	12.898043	16.623887	13.893050	6.368309	16.497749	5.110654	13.989686	20.876812	17.721480	9.956337	5.752080	23.497402	4.824336	22.650826	9.240606	6.195465	15.596328	19.135867	6.674007	20.073918	19.539369	10.994412	16.493276	5.440866	20.539226	22.877616	21.266310	16.592025	6.046768	16.658889	22.516952	22.725338	5.691280	12.768545	9.952501	18.604200	16.744786	16.988428	5.262443	12.538100	12.509505	16.606564	18.432088	23.612261	14.950615	6.444184	6.835003	4.907171	17.739329	11.498512	18.327992	23.725855	22.087161	16.975479
19.403918	15.804542	19.566135	18.094686	8.201384	15.656128	8.367897	17.701946	19.031420	7.395095	18.470076	21.712210	18.430983	19.602857	23.063794	18.483435	10.271321	11.277989	18.011940	10.510423	5.040667	13.258675	10.505173	10.498651	12.543351	23.128496	18.117063	13.187329	11.149386	14.271426	21.185391	5.388380	15.304105	18.223871	6.078301	7.997148	13.253583	14.431648	4.865205	12.675833	5.078039	10.716788	19.193977	12.727479	6.568398	19.325607	7.696875	13.558411	9.470936	11.108362	6.479493	14.565905	18.549534	11.144933	18.243519	12.719076	5.210479	23.019385	12.827897	11.071906	9.048097	17.624421	13.603261	12.320953	7.935570	16.485764	20.956251	20.760446	15.980592	21.500787	17.908090	20.795877	16.324154	11.563488	20.489243	20.991379	11.459438	7.063873	14.960213	9.822057	22.817327	5.399962
5.108625	21.794805	21.626991	22.045411	16.580645	19.595899	6.335926	18.414385	8.214782	11.195876	6.133403	19.191960	18.720319	5.704288	18.568368	10.761984	11.232420	11.792916	12.701247	17.911240	19.194343	6.882349	15.668364	15.433657	20.431610	6.939537	16.517385	15.917548	13.803521	8.995746	14.162544	15.666162	18.327194	7.281115	12.440082	9.598877	20.401981	17.852169	11.575849	23.555837	11.132254	14.745267	12.926975	19.967185	21.957596	15.574733	9.098571	16.152687	10.310678	20.175188	16.105641	4.900142	21.132287	18.089827	11.721808	12.144317	16.641157	17.515054	14.511047	19.392189	13.288913	15.235053	14.752121	10.796707	13.652462	9.118665	4.922740	7.517722	5.587454	5.267721	8.269704	18.281503	21.389258	11.996212	15.400676	10.873295	22.264586	9.198191	12.825846	5.118765	22.979422	9.522703
7.809914	11.471864	18.440567	11.851463	9.609346	21.437858	14.835655	17.917663	22.700304	20.281915	19.785803	17.695528	21.397777	23.562022	9.505139	6.076032	5.502991	10.977211	11.130583	18.940543	6.160935	20.127623	22.433648	12.458428	21.351231	9.195677	16.148072	7.559564	17.961342	14.216154	18.028627	13.161050	13.385609	12.578685	18.504062	18.397731	14.312434	4.926073	21.621663	19.776059	16.674522	20.534840	9.137580	14.789158	8.466821	19.011206	15.107151	21.361603	14.614773	11.901941	22.832979	9.665943	8.232848	19.816403	12.694333	11.671571	23.451771	17.850022	5.760795	13.562500	10.772947	9.200562	7.677201	22.566825	15.519895	22.872870	13.587573	16.974614	15.314119	18.910254	5.503175	21.644460	22.062349	14.486207	6.198290	9.724322	14.762628	9.904510	4.956449	18.882009	20.475100	12.761668
17.463265	20.509567	22.524610	14.647485	7.828522	20.153689	23.716512	12.904098	19.725412	22.263467	9.214206	18.951969	10.835789	17.963882	10.696738	17.524537	11.921708	20.482658	15.243120	16.589511	12.986532	20.664586	7.358587	17.799009	16.750598	14.862885	6.073758	18.520949	17.860724	6.356408	21.728743	13.295389	9.643018	12.995917	12.073719	19.049465	20.909021	12.244315	9.940721	16.253478	11.025199	11.201482	19.701531	21.256997	17.955016	18.027757	21.097090	6.721079	5.424519	17.317823	17.345475	17.856272	22.799992	22.369686	11.898478	7.929851	14.952367	10.612626	12.173512	14.846681	20.523730	20.009054	20.231594	18.605534	13.517075	18.943635	8.447241	8.349514	10.398758	10.964557	20.761203	10.256873	9.193719	15.605703	12.859265	16.788238	20.905273	20.168160	23.473485	7.707101	7.079107	10.599918
6.268427	15.490236	13.853400	5.560209	21.045658	4.750254	23.344146	21.361644	9.111557	16.956320	21.724390	15.652455	8.859180	6.176182	14.722975	17.061459	20.963193	15.872768	21.889879	14.717840	16.626787	11.873797	13.144386	18.619710	20.737360	15.036520	5.127993	10.086583	12.116910	19.564054	20.497363	21.085724	5.637486	9.163415	4.870783	18.483674	9.412938	19.286136	17.046435	14.082212	20.524188	16.995000	6.845141	7.251989	7.855611	5.867934	11.665343	22.416197	17.872768	5.828385	7.873053	7.657632	10.983777	18.563224	11.153610	22.409901	15.336888	20.692283	8.515302	7.352254	18.394883	6.403731	15.138628	11.555709	10.185292	17.101817	6.855109	15.758021	9.591817	18.063674	20.184822	15.626928	15.790952	16.876211	15.447430	4.817681	5.302258	18.209489	7.136162	13.777600	7.552028	14.758177
19.813108	18.009275	21.026446	17.604617	9.381388	9.435429	11.699961	6.958177	10.124483	22.352097	10.660217	13.566134	9.794585	8.506153	16.829525	6.255938	8.659430	17.606193	9.811134	8.223254	23.470099	21.452001	16.206269	6.346591	22.920586	17.341532	16.548088	20.312943	9.141213	13.481726	10.188581	23.243486	7.775445	22.402879	12.846076	11.344349	21.070728	17.469610	13.475585	18.756996	21.571996	20.900029	13.775300	23.540820	13.492497	17.145396	18.949835	11.283959	5.989807	23.139380	20.009426	11.449338	14.897762	13.727060	9.990748	19.433394	16.180143	16.430549	21.463015	20.253266	10.452946	7.580055	6.115845	18.545402	12.543079	12.747314	16.386672	19.609305	22.084624	9.696708	21.208586	14.099041	17.245998	19.507070	5.087449	20.449338	13.148994	14.330917	17.087729	5.109992	16.684685	10.677727
15.514842	7.717836	22.322546	6.762915	13.154988	22.010798	12.384845	7.235283	23.063275	12.609555	9.843313	8.995436	16.875641	17.269321	10.503388	17.666706	10.077072	12.061898	11.315654	13.304416	7.611791	22.064414	15.424033	16.760853	23.662330	6.288783	17.726643	11.654276	15.234782	15.454958	17.659050	6.756266	22.929303	5.789215	9.752689	14.771794	16.802476	18.355420	14.213696	15.517544	5.597476	15.412005	10.540916	6.046960	11.641407	13.934489	13.284115	7.010430	7.129617	12.690751	10.672403	15.327811	15.368196	8.319202	15.679440	16.194891	20.422683	6.764086	5.749022	14.968605	22.147793	16.864836	21.874442	15.510709	7.178756	6.120315	13.519463	19.506133	18.708645	22.987488	4.819469	15.566739	6.998425	14.357838	8.254796	21.031103	14.317267	15.338365	9.277851	13.622210	13.636697	6.992733
22.432592	9.762135	7.864414	12.782072	20.267599	8.060659	10.169505	21.560674	20.405328	6.604683	18.638028	19.034704	21.370209	6.073808	11.427966	14.736292	17.247771	5.013129	8.743591	22.625288	15.741632	11.494799	20.109508	12.207655	8.245685	15.079140	7.345738	5.715209	21.339278	20.993354	13.235289	20.448571	12.805032	16.015814	11.349543	19.135595	6.914437	13.122170	14.965831	19.201583	22.317674	9.522429	19.582717	7.891893	7.505491	15.942109	23.397936	21.531360	9.584794	11.275974	17.291678	5.864405	15.401180	13.072972	8.457026	5.200787	18.762996	14.641460	11.248926	7.263641	7.521028	22.366240	22.873729	20.394853	21.879113	14.703264	6.895826	17.028776	15.714250	20.788825	23.690803	14.740879	22.773837	9.298335	15.921105	10.224329	18.081656	8.771720	20.826964	13.642713	8.359123	19.921740
4.957557	17.673518	17.954785	6.252500	19.430640	7.599489	4.786874	23.633440	10.864162	12.231687	7.759656	7.861040	10.398927	7.926211	22.251081	22.506215	5.275981	7.764196	14.947507	20.672687	8.878274	22.596188	8.423890	6.682555	7.972831	19.458956	13.822432	16.851526	19.161017	21.357729	4.952080	16.446598	7.957042	23.322319	12.404332	22.905535	16.244957	11.912097	17.290076	6.703830	14.798800	20.517881	15.431511	6.868680	12.696659	8.632656	12.531833	12.201892	17.303460	11.657925	10.678407	9.855507	17.811186	7.992906	5.170535	21.713148	18.940625	13.794471	21.133637	19.975456	13.837283	8.442634	14.376728	21.360375	15.605442	23.516265	5.185695	12.494331	23.716001	17.302351	5.182055	10.854098	4.768522	11.297871	17.740481	18.825854	17.399242	6.306472	15.966430	6.744381	13.675929	19.667772
7.783506	18.272179	19.237350	10.905062	7.844208	20.762260	18.473335	20.958412	21.448765	17.580673	8.322904	11.316387	17.084493	10.541821	17.541512	12.828448	22.295269	20.145717	7.747234	15.583210	21.143324	22.891855	20.913114	9.468074	12.991316	21.187916	14.523469	6.679683	20.924142	20.527887	13.917607	11.825523	10.910726	15.964243	23.248330	7.348533	10.345719	9.451987	12.870470	8.701293	18.496604	20.085929	8.077735	18.661262	11.803398	9.215547	22.027112	8.958933	13.995033	7.432497	5.026682	13.406102	22.309570	10.083100	6.385877	7.193987	18.901593	22.706717	5.082195	5.421686	21.510566	8.976905	13.045120	7.294032	6.411614	10.591517	10.281753	15.738343	10.631965	10.847689	8.545305	16.010274	16.250564	6.874391	21.405011	10.612294	15.163484	8.748884	16.535800	7.401427	16.177909	22.282463
19.932810	10.503894	6.308185	19.036949	14.845096	19.076051	12.157199	19.937197	19.487534	14.732407	7.302068	7.675393	5.026607	15.713046	18.291046	15.440496	15.968060	7.007310	6.318014	7.386761	13.149395	10.267114	5.752917	4.995966	21.780815	9.441985	10.767656	5.760034	20.146701	10.544586	9.075062	7.013104	19.011716	7.012474	15.098968	9.364342	12.810686	6.290675	6.702208	15.646863	16.494231	12.693304	7.515147	7.639270	15.007048	23.714534	12.634300	9.074996	9.047781	5.340021	12.699255	15.870076	17.992144	20.349810	10.341211	11.975874	9.111588	4.840144	5.655437	21.449050	10.135327	18.012496	20.606275	16.798972	13.055305	18.530171	22.318388	13.329140	10.478370	8.680558	9.787177	20.114271	7.382661	7.124175	17.998286	16.036881	10.992190	9.468819	16.365468	6.807883	11.217223	13.427831
21.146655	21.559899	7.056953	21.555624	5.983919	19.182863	6.699809	21.625938	8.666496	19.825188	15.193467	16.442909	15.470898	9.994652	20.501235	12.658280	5.607746	21.784561	14.223641	10.196353	12.067006	22.520422	8.139253	11.097728	20.052893	20.029994	12.279620	9.155404	11.106455	16.133232	21.807019	16.858250	13.232043	23.041784	8.864837	17.372586	13.386513	11.141135	6.948587	22.642185	15.512723	7.708093	6.956462	15.127254	19.371572	20.588107	16.395920	20.266039	20.973481	16.347421	12.011665	20.466756	23.247872	23.432090	6.111414	13.728884	9.090776	9.196398	8.367089	23.038132	19.050232	11.864184	11.226755	16.299786	22.745173	8.629654	15.871026	22.248912	5.177424	21.456048	17.642771	11.430779	18.899015	4.920166	16.777912	22.987141	18.926661	17.033659	20.355647	12.647623	22.604965	6.619877
7.190386	4.832602	15.798917	17.107565	21.977413	7.643693	7.849271	21.654401	21.378369	12.797807	14.438703	11.243977	22.508380	16.376006	5.636388	17.138003	21.588071	5.897535	15.954494	13.736115	21.322548	15.215952	12.772573	9.113421	15.279065	23.219276	11.603806	23.534175	4.913352	7.627070	4.976152	21.365003	16.007065	16.323248	9.131566	16.340527	23.483518	12.626686	5.520095	8.555226	6.427711	14.263451	21.702971	16.964935	21.221001	13.710674	9.986790	9.684320	9.622070	8.092825	20.129718	20.713712	6.238430	11.037822	9.215859	23.612014	8.943633	6.632497	6.859892	17.197717	11.783992	20.239087	9.551230	5.800187	12.154685	20.979352	18.715404	7.637265	20.703166	20.182808	6.831852	18.864236	6.288055	10.499748	7.851318	22.206092	20.498121	20.164923	10.395247	7.193870	22.033051	17.024549
5.823220	5.066532	22.769529	20.060406	14.031612	12.258619	5.110083	11.594043	13.241639	9.331420	15.894467	13.032605	8.612609	16.238574	22.179970	23.395150	11.147178	20.583627	7.028015	16.465339	8.258645	4.910681	22.325105	6.665127	17.702355	5.273514	10.402277	14.128093	16.662083	12.111126	15.283046	9.036850	7.885782	6.860966	20.951836	4.804039	16.871549	12.099984	15.394089	20.243020	22.672038	6.053085	19.786210	23.084066	9.785719	19.845522	22.213028	19.251220	19.849928	21.809107	9.930266	8.473700	7.116485	8.583230	15.724446	6.975683	12.779336	12.914469	8.532686	18.743545	10.905970	6.825403	6.979947	19.466278	10.367042	18.582569	9.817971	12.777166	7.501950	19.075515	12.334876	19.262887	8.352286	22.093592	12.689096	16.650618	15.853340	5.950710	9.460796	20.904543	23.219556	8.812514
10.154573	11.139974	12.291137	9.220067	13.435895	7.813003	11.604160	16.519152	8.591012	22.029512	20.295064	21.506044	13.421774	19.874848	20.651874	13.062166	16.028201	7.292153	12.823066	22.265973	10.642213	19.988321	14.999885	23.322204	17.220077	17.264367	13.450472	7.321577	12.386480	18.524039	13.769553	6.199473	22.830473	13.838192	9.393717	14.523666	19.891936	16.512267	17.401280	21.800046	10.310403	21.238543	23.278302	11.754493	22.134968	15.436610	13.053997	13.319412	15.941047	23.223835	8.358735	10.216390	6.400888	10.242778	8.702953	16.718822	7.859483	15.589326	18.980643	13.656542	20.000489	14.928402	7.861276	7.496103	16.710831	13.581581	7.522643	20.126203	21.892115	23.475239	23.696317	7.959168	12.257274	17.211895	10.645913	14.761123	8.007391	11.308585	10.913681	6.288568	14.035272	11.067283
4.908057	7.057055	20.591002	11.400384	10.706528	12.519329	5.942175	22.149495	7.200507	11.433770	16.667097	8.453065	6.226753	18.433930	9.703321	15.186671	19.782379	15.903080	17.165197	8.833706	4.795297	23.478437	21.640272	15.023038	23.468893	10.793359	18.632308	14.694151	9.496289	18.590164	21.683224	15.969937	9.764400	6.055415	16.578867	19.454281	20.867072	19.574244	8.459881	16.464015	17.256324	19.146438	22.503185	8.185759	17.442755	17.678655	21.065051	8.280921	15.675778	17.340100	11.209693	12.784308	20.921703	16.789915	14.180991	16.368141	10.593407	20.957140	13.565463	9.469564	23.115958	7.671327	9.936852	5.908296	5.739406	4.919596	12.785165	5.595453	10.569748	11.435631	15.622354	5.492698	21.999168	17.138711	10.678005	8.892570	5.978160	12.519214	16.603423	20.069613	4.762699	16.446970
17.925240	13.193504	16.688097	19.124018	13.516951	23.154914	8.217683	22.321677	14.280332	6.128099	10.143156	7.278949	12.817297	5.152271	20.272452	16.794475	16.111872	22.226750	14.014452	5.604086	17.010345	16.357954	22.910418	7.508338	16.476764	16.485588	9.943592	19.076825	7.945870	20.909337	13.281175	12.510439	15.219038	4.887670	21.851746	12.150404	13.002702	12.995948	6.031987	14.605633	9.298508	16.152142	15.910033	23.519265	16.805849	7.392463	6.365254	14.213985	9.272033	5.629267	23.014895	6.132848	16.131322	12.888800	16.075236	23.367542	15.799313	8.799271	17.472504	19.943595	17.064983	8.501941	17.168088	20.350787	5.488951	8.455543	16.651289	10.900209	6.352416	16.105913	12.185999	9.642559	5.194442	23.506930	15.251229	8.848910	10.900813	21.464192	6.983221	20.064493	19.291567	12.328268
13.417849	17.287209	18.108297	16.272728	7.276623	17.585841	8.458206	23.273492	9.359952	10.274611	7.979478	21.217831	10.187116	8.492258	7.414954	8.465430	9.657021	6.590641	5.637718	22.050904	8.935834	7.880706	16.410692	21.289820	16.424810	17.359640	14.989768	22.094411	9.122456	23.073866	11.354715	18.898052	21.242553	10.654221	21.680643	23.557081	8.019427	4.900369	16.299949	10.302966	13.200181	6.632754	19.013158	14.463925	16.625980	6.567104	6.024781	7.161011	8.792599	16.051451	6.468213	22.435321	5.458702	6.047370	8.199388	15.859878	22.952458	10.984393	7.378699	21.235353	22.647665	9.737528	19.950617	16.310057	6.615820	22.133316	17.845195	13.035550	23.610547	9.441807	20.362796	7.743418	11.930420	14.905255	16.592572	23.225122	9.583583	10.471536	5.476898	11.501779	6.920156	7.417760
12.940629	11.690528	17.485065	9.973000	22.006522	11.248326	17.839991	21.521869	19.381862	13.226101	8.948230	13.938114	4.879255	6.216506	14.341365	6.319777	23.267971	10.093449	18.955320	5.828188	12.064614	11.762479	11.150843	7.902871	15.495457	10.500501	5.992760	17.835682	16.212773	16.426618	22.266171	20.100519	10.822655	9.670939	14.979185	8.963142	4.895479	9.426178	14.832274	21.318192	13.176487	10.409990	8.054730	11.069712	18.876697	17.104207	20.494845	20.356781	13.360223	17.203234	11.336965	16.279894	15.375410	21.853481	21.858972	23.362684	16.374148	15.159115	5.304783	14.674508	7.442929	18.179326	5.217165	7.801818	11.851423	12.026325	21.304608	6.877031	22.005333	18.858882	12.388555	4.868023	21.867626	10.931990	6.452063	14.947533	19.166003	13.207951	21.767306	16.137077	16.177737	17.197799
23.676306	13.855292	13.789602	7.684245	8.862586	7.323742	7.537442	16.110787	11.131685	8.960536	20.413753	10.540765	11.321237	16.586675	6.978794	5.605395	13.631546	7.973614	16.602205	14.540160	7.217304	7.547769	22.948381	6.349344	12.960653	12.004765	20.434651	10.196648	9.715219	23.454128	11.593455	7.222204	18.950650	6.080915	5.653633	6.056401	11.243961	14.671871	14.264915	14.267048	15.610680	8.629049	6.293354	16.585959	10.146721	19.234470	12.985485	20.622612	18.790744	20.886554	8.856056	7.149577	12.047586	6.093306	9.523775	22.472745	7.143876	14.555828	8.510178	10.404839	13.642425	17.423337	19.207863	5.606159	15.589186	11.696219	23.690926	8.496908	9.840954	23.346295	11.658268	8.649931	5.700228	17.201740	13.876860	21.926271	13.800833	12.371190	21.022088	20.471739	11.073652	6.280225
19.169463	14.696246	18.441130	23.046133	6.826783	12.467297	22.737077	5.069816	17.606295	8.790140	8.656193	11.730848	20.554905	23.673626	10.772918	16.221462	15.310859	15.567161	11.251586	18.315477	19.501832	23.209185	11.599879	20.944091	15.024506	9.508754	16.872728	10.413995	15.341453	21.495300	23.696699	5.011535	23.691436	19.451438	8.055159	16.900818	10.221483	15.133189	12.192934	22.635941	14.777602	20.052479	15.338485	22.851895	8.814547	5.099492	23.271731	18.722628	8.493970	8.640232	7.148060	6.900737	20.522205	23.406821	21.270946	22.130478	9.097964	19.922510	20.595481	5.868269	17.420685	21.897468	4.999156	12.980061	19.884891	6.515471	6.241053	18.048625	21.725966	10.371667	10.333972	11.002629	5.187940	20.291346	13.240621	21.681610	19.602404	17.237559	22.983739	16.869405	4.948356	11.033322
19.541569	22.896097	19.073953	8.048374	19.948891	18.507082	22.787080	11.357532	10.359541	21.852349	9.005876	14.471950	14.041907	11.806758	12.917091	21.283880	12.886624	7.396413	14.752606	6.935616	13.048414	5.339833	15.358657	9.434826	9.933101	23.503345	22.730926	9.400418	5.269704	6.866183	17.630182	21.112651	11.711577	19.500089	14.263935	11.699254	11.739021	12.025375	21.432838	18.264237	13.022658	16.510458	19.811673	20.010339	14.259825	10.256620	11.376307	19.714078	17.048018	7.759036	13.926415	18.568411	21.259857	8.598355	12.386099	8.951862	7.211587	13.243539	16.559082	8.230174	21.832713	9.404242	22.820529	9.201188	16.085129	13.656590	10.324263	14.131995	23.554847	17.079068	20.330998	23.678417	9.677702	6.859833	16.691334	9.793283	16.213362	19.113368	14.146966	4.766673	12.139292	13.843872
6.941455	19.519299	8.816027	19.947560	21.692610	23.327875	23.597172	17.949169	9.101303	10.450544	16.118659	13.631927	8.956143	7.888941	11.371659	19.741383	20.851582	15.075522	10.989494	8.045084	5.209428	15.175435	20.837041	22.428083	13.668883	7.574212	18.952932	12.971604	15.039767	10.417614	6.369421	9.628713	23.269941	21.133862	11.733524	20.106417	20.327014	11.936210	11.226290	11.939289	16.724124	6.890241	21.119067	7.269949	22.078037	12.452543	17.446483	15.519729	20.889100	15.882453	11.614874	9.728775	10.918687	21.113105	8.351516	7.765146	9.571956	16.234154	7.446874	10.225035	22.057106	23.261587	6.820708	20.277217	7.212386	12.548545	18.120903	12.555117	13.670874	14.415634	21.534392	12.120534	13.139777	20.388010	11.492414	6.970824	20.668230	13.504835	20.901498	6.063585	21.717391	7.873925
7.843022	8.797874	21.747068	10.481283	15.991455	17.902856	11.235276	7.826286	20.480987	15.882129	13.307786	5.731935	20.093791	10.257349	5.334495	17.196570	18.580864	13.268430	19.000284	6.865268	13.344378	7.745604	6.031675	18.668524	10.488974	10.241618	12.917214	21.164026	21.065639	16.770539	22.887661	19.043809	19.090733	15.990185	8.462267	18.990540	14.160794	9.392368	21.151983	16.579199	17.348960	22.806759	17.711822	12.965111	11.562228	10.880523	22.177234	22.615658	4.846398	14.360124	23.330767	14.445784	20.950462	18.485458	12.722615	6.922326	11.485168	7.819704	10.509839	18.849610	16.311510	9.425390	10.717452	21.358881	11.234973	22.233530	17.648035	12.865388	9.251233	8.767964	11.386205	6.691351	23.608311	5.090232	5.167038	16.638654	13.207761	5.971416	6.374160	20.691638	22.450775	21.343215
13.925300	22.471619	14.464436	21.905359	13.590353	15.109245	8.488996	9.809346	7.706790	20.082508	8.559977	16.570556	15.871209	20.316139	20.151149	18.755352	21.387950	8.770070	8.423720	18.053678	13.020079	20.712935	12.836634	12.679798	19.376816	11.835340	4.774326	17.186705	20.554032	6.691107	15.033918	21.880724	22.946277	17.609728	17.340280	9.698122	21.124032	22.944459	14.367006	8.531715	9.925775	10.288394	11.812514	17.196566	21.010010	22.480810	11.329086	8.052063	21.116723	18.009938	11.510435	17.520576	17.240035	10.094053	13.680818	7.260962	9.819920	5.532396	10.917046	19.103630	11.886946	17.835289	5.685139	9.006781	14.532067	13.500665	7.026823	14.866597	21.732913	18.366088	13.009362	22.999764	8.416166	7.437117	11.903758	9.546940	12.025567	7.063961	21.127146	19.170461	22.461632	9.716478
20.780855	13.362699	19.374828	22.139835	9.509894	18.332877	21.177811	13.876553	15.101746	14.826996	13.849948	20.983064	17.414943	22.680956	8.423210	13.306914	20.674882	12.413548	21.819884	18.069972	10.534066	22.492606	8.580248	21.561786	22.726357	13.097669	8.295765	15.295823	20.237030	9.014401	16.231550	22.930861	12.579463	12.757836	15.003143	14.263037	14.859747	6.392634	19.501152	6.807330	9.405170	18.540057	14.813985	11.951194	13.153032	6.945277	12.078368	21.621990	8.493461	5.745944	7.542544	21.041696	21.593410	7.801820	17.574435	11.446896	17.314730	6.624789	11.659431	21.445979	13.117646	18.091014	9.363644	19.524030	6.040869	21.507422	15.304518	20.404043	16.361419	13.209387	15.179061	13.462670	21.034997	22.280306	13.069849	9.125643	9.607544	17.608316	22.975547	10.554110	23.486001	16.960795
13.819173	5.283158	14.446858	21.132149	8.650200	23.421481	18.318412	8.451125	20.330571	13.392449	15.538731	7.128816	18.471878	12.401456	15.234345	8.073030	15.776973	4.765387	16.666053	12.177337	15.881867	19.545567	14.777137	14.584607	12.904562	18.235951	18.600110	9.468246	22.708549	10.583211	5.271478	8.219032	14.359594	8.099608	20.570662	13.766039	21.881229	11.820586	12.561725	18.979811	14.873353	10.182344	14.801198	12.586221	16.055701	7.342857	14.722962	22.898632	17.941584	23.546731	21.074127	21.105016	23.103163	17.462303	22.932824	9.492532	21.317696	20.489676	23.656091	20.513140	15.560899	14.957916	16.192411	14.822603	20.752916	6.457043	16.996582	16.524628	12.625799	14.264734	20.984710	8.752985	12.401379	14.264641	16.584353	7.247768	6.934363	17.493947	10.960126	10.833319	9.409790	9.117727
23.627335	6.216226	6.106826	17.861011	20.483539	17.163142	22.463817	6.547189	20.731545	16.057224	14.673757	5.463065	21.648456	22.164520	18.292844	8.990694	10.112384	14.487182	20.080689	12.900135	17.335314	16.195646	22.270401	23.020855	6.440377	13.524171	19.738865	23.028383	23.065738	14.852997	20.035230	19.419180	15.657198	14.796286	20.712682	9.230156	12.190977	15.960175	11.844223	9.441360	7.381991	14.500624	17.234592	23.124893	6.911147	17.528547	21.262024	9.155306	19.297737	6.741713	4.969676	6.897045	17.397544	6.429645	11.740826	21.633082	5.884268	6.428086	11.026320	20.400131	15.916531	22.140388	11.742370	17.501660	13.443703	17.240567	13.422230	6.696130	14.454335	19.942232	17.866470	10.648225	22.410599	8.860349	13.370339	20.805673	20.151947	13.735540	15.866877	23.555166	5.382164	14.707354
22.993669	10.011622	22.390081	11.402064	15.125510	18.630924	6.581393	20.559137	11.839670	18.263699	7.074368	20.985687	18.302279	20.561225	19.489626	7.118327	12.440512	14.760231	13.767736	10.885173	12.958717	6.896420	23.141514	22.070002	21.332705	10.609333	20.446619	14.556458	12.329549	23.124059	5.229191	17.651412	6.794256	22.321425	6.950607	5.067538	10.113426	16.641072	13.410946	10.249369	22.286458	15.246806	14.011136	8.193103	14.033223	5.401845	20.652830	6.445515	21.182005	19.491384	5.293085	18.841153	7.812931	17.881307	5.644895	14.485429	8.965917	19.574610	16.559675	7.051844	7.161580	18.923690	18.424748	7.162531	8.161589	23.040286	7.960655	10.955476	19.532854	9.792170	5.371933	5.827057	13.071703	21.250513	17.448781	22.093266	10.674389	7.688688	13.501571	22.963853	21.642922	11.957711
11.547290	22.684101	21.999240	11.322190	16.010263	12.588497	9.392099	16.525054	8.000965	12.868775	12.272756	18.000756	8.306878	7.871698	22.920118	13.838851	5.379944	23.636774	15.694061	11.686654	6.871674	22.106674	23.569588	23.479286	16.308773	16.491521	20.884258	21.573103	9.579632	21.875999	22.064531	15.370438	7.903739	7.868483	8.337693	6.258103	10.566991	8.280276	12.996486	12.104221	14.195809	18.167037	22.823887	5.452792	8.933428	10.366013	7.053422	15.238586	12.242923	10.974295	23.229935	22.733080	11.627385	14.888925	16.958249	22.321679	6.236013	11.436010	20.684006	20.785287	8.748691	21.581845	23.569319	14.378350	16.068681	13.724385	15.258702	17.705337	7.183293	14.150129	19.232657	18.919855	4.757970	7.385846	17.837706	14.542350	8.105655	23.014605	6.822053	6.137622	12.376573	10.678609
5.604486	19.322810	10.250513	11.883672	19.386196	17.353876	20.184420	13.482153	18.798123	17.773478	7.574304	20.849381	13.225166	11.796739	15.258184	18.957299	15.762188	11.677482	10.492850	20.419357	17.698395	6.401463	7.587708	6.811663	6.542081	17.749751	20.936238	19.425854	20.743102	8.036019	15.564378	17.058375	9.756654	7.847851	13.026619	13.586383	22.690813	19.029038	16.795687	15.260613	21.333950	15.145744	18.211493	16.651366	9.158675	21.710059	20.350608	22.106107	10.571214	9.306943	22.578025	21.010856	10.434255	5.794641	16.411592	19.761607	8.119921	6.866559	21.174097	17.042457	6.550291	8.632427	18.286432	20.213897	15.859704	9.343759	7.665721	18.909643	19.180483	14.761383	13.918981	14.029028	11.162769	6.429483	7.067452	18.783890	21.221014	23.147520	16.822822	5.619267	14.126377	8.477857
11.781672	22.689340	7.449103	15.534686	15.108222	8.972362	15.854112	13.427973	12.761165	18.344610	10.471483	7.118908	9.959751	21.833385	22.454607	17.752483	8.581429	9.367338	19.784492	11.020640	22.738422	18.022562	10.698713	12.873009	18.279638	22.280927	8.049642	20.121384	12.350605	9.305107	23.473572	19.956990	15.842247	6.808335	9.441859	17.079910	20.246339	21.990575	9.412326	17.167233	8.754962	13.465071	7.173464	18.797729	15.590372	19.954200	11.786638	8.804885	18.039243	10.417997	11.520248	11.538711	23.240110	14.737583	18.642669	14.344725	17.065494	22.258256	5.916285	15.328529	8.914538	18.310054	13.641747	15.841755	23.175469	18.042059	20.439462	21.548217	8.655975	19.872771	9.909383	21.167006	8.016496	19.365811	16.581550	18.171666	13.522265	22.108680	5.493614	20.794566	18.594553	12.565079
20.854322	18.735830	9.281977	22.585713	22.402274	22.748700	16.164132	12.747694	13.310435	17.148857	20.809070	10.120829	18.101781	7.275355	16.747039	7.259879	5.146946	16.167842	21.697650	22.046012	18.627308	4.785294	9.971530	21.743015	8.441692	12.121774	20.069810	5.886335	21.650954	6.293394	5.715684	19.854892	7.093820	12.017716	20.026684	6.372021	21.665639	5.274008	15.590854	19.336008	13.872964	4.930907	13.785227	4.965494	8.144353	14.819447	6.401594	20.357558	15.907013	9.934830	9.229505	6.465099	17.510758	13.435150	18.745164	19.378517	23.324669	15.513606	21.901453	20.231513	9.823372	4.952329	22.929309	11.114174	16.057060	20.460240	20.504066	20.855736	11.848130	15.294701	5.334991	17.922311	6.994042	14.638224	8.884167	22.888125	5.230776	12.758855	21.331267	22.425623	17.723896	6.779541
11.633358	14.191976	13.699101	5.531266	20.204677	9.876977	18.228318	18.391838	14.514401	16.933754	13.148249	10.655820	18.961530	5.327552	15.591173	12.679680	14.428735	22.984990	5.077509	21.331657	6.841215	19.431860	8.994582	10.422370	14.907712	4.831023	13.415375	17.548596	14.389249	12.450922	13.957164	21.160114	15.932282	12.379997	21.833296	12.036357	15.418163	9.499083	9.518049	21.376054	23.717107	21.560460	8.405436	6.524715	15.506110	7.905437	20.188487	11.806213	23.342923	6.247540	15.545050	14.057841	13.527516	12.262131	5.233686	4.919394	13.724487	12.583698	16.960729	8.694493	14.009498	16.115998	20.036444	19.178689	22.905859	10.077084	22.728867	19.896543	5.209412	16.879301	23.280463	4.922330	9.651299	17.714730	20.000934	18.260455	18.520213	17.458834	18.333833	6.780792	18.262793	10.194239
6.790376	16.088721	19.524578	15.203165	19.673806	14.096724	22.273265	21.794567	14.951594	6.450904	12.524186	16.856922	15.000858	12.487970	13.981277	9.241962	20.571279	7.902047	20.941225	6.546700	16.065357	22.848507	9.592321	14.984981	8.636594	4.947365	12.176496	16.434983	18.272065	9.030769	20.050834	6.733879	15.559865	21.794341	12.792908	18.017358	18.726023	19.178944	6.953514	17.421234	18.827313	16.641079	13.313637	6.204534	19.343165	20.092273	14.897179	21.396983	15.107993	23.539387	9.067270	19.908734	17.726333	21.519480	19.885566	13.430571	11.934799	9.678743	6.451655	18.121373	5.641236	8.780656	11.400165	10.163769	15.418100	14.053608	12.588279	11.963608	8.314869	22.152707	20.056385	7.952165	17.206787	13.668654	14.059552	14.908331	5.354908	9.193546	12.384246	15.238357	23.059282	19.693003
14.387063	7.379464	5.019229	20.705522	15.910799	21.216947	6.725974	19.742666	5.009265	16.175344	18.408992	7.391126	18.806378	23.289883	12.629445	16.841638	12.633180	13.417688	5.220403	8.175457	20.705795	15.209060	16.903347	21.177196	13.788019	8.443277	17.847879	9.524646	19.663636	16.213866	14.636516	6.888756	18.806800	21.045467	9.724979	16.533076	10.855196	13.940164	10.055431	6.215694	5.318925	19.120447	10.769550	7.909441	19.196549	16.992073	20.207008	15.440022	16.925077	18.160397	8.713957	7.495982	12.295550	11.648789	5.773387	7.353440	5.561803	19.759720	19.850208	15.717421	8.469024	5.855704	20.722973	15.493762	5.979024	10.220160	15.360409	23.342425	15.677914	13.437220	5.362231	17.870422	10.685689	6.318931	7.091765	15.955987	16.762628	12.297450	16.987583	19.248835	21.214292	5.009684
7.283236	19.056187	11.604809	19.588139	6.189933	4.821127	11.388963	9.895338	15.530404	9.968071	7.386165	10.431886	20.350924	17.364394	7.701815	5.025831	16.814494	6.778133	20.294929	19.794832	5.241383	8.383747	23.383821	16.464649	5.875752	11.700072	10.026675	10.657197	10.753034	16.370875	15.156272	10.799589	18.960605	13.421737	7.981636	14.634548	20.430845	8.685550	12.896753	21.833457	10.467783	19.363837	21.840781	14.774056	6.686873	23.308393	10.760843	7.476728	8.986493	20.354109	22.831787	17.778884	14.059311	16.749836	16.409703	16.006005	15.440049	23.640910	7.761629	21.955534	10.315704	14.766575	23.386490	11.254708	8.680657	7.290142	22.123063	23.520522	6.523498	7.099425	19.355019	7.389749	16.818152	15.926736	9.329766	22.160772	7.368794	12.424932	9.158731	7.369681	19.858793	5.692823
13.049223	13.581725	16.956496	17.921411	14.744548	12.582143	9.754210	12.012528	6.613355	19.419892	23.666202	12.798959	13.377901	14.050970	19.740562	21.883173	20.606630	23.190610	22.947105	19.770946	16.684569	10.503395	13.217816	5.830028	22.344598	18.550986	8.166311	13.896199	6.227825	15.255906	11.487301	23.117491	10.500201	11.558749	13.402383	23.458780	9.990105	9.581651	5.619754	21.452189	8.678056	16.157851	5.419464	8.639209	6.795026	14.118872	15.518020	5.713190	20.340293	15.626515	8.838216	6.762111	12.948227	13.843750	20.125046	12.574912	15.393087	7.248132	17.835178	23.119847	15.312491	8.896641	16.235669	8.355211	15.884186	22.794782	12.831226	23.197593	19.950693	18.079584	15.934014	10.682591	13.717500	17.736741	17.328008	16.295394	16.905399	20.701850	6.136191	21.439715	8.584112	7.092672
7.165975	6.176397	9.868127	18.481878	19.671571	17.865807	14.753975	5.754777	16.111470	16.077486	23.716749	20.850584	14.289609	17.984022	8.166263	12.816677	5.132863	5.468906	13.595947	22.096551	16.080805	19.462014	6.735400	5.142494	22.556749	9.416101	17.969407	7.321467	14.789516	13.507451	19.672570	23.140806	13.466831	10.381176	19.806227	22.965722	7.877138	15.581501	6.365094	16.707538	14.275907	7.598544	5.425421	18.013230	5.206505	11.817331	17.810110	13.347515	15.252719	4.967735	5.770206	5.396830	22.411204	23.235349	12.329809	21.179315	15.291768	16.682590	8.800374	19.465845	9.886940	14.412465	15.271574	16.071105	18.658833	5.650283	15.769142	19.089251	23.351294	17.216744	6.367846	12.962834	9.071667	17.901334	5.081687	10.603943	19.829638	15.144028	6.953882	11.397867	23.214179	9.409454
6.638892	14.477016	7.809138	14.720380	20.654108	19.262815	20.809771	16.516693	18.137204	6.351523	17.912143	5.149755	21.814671	13.218074	13.901292	12.523915	20.362590	17.448920	18.393846	11.283905	13.246121	16.128957	17.077515	15.966612	4.757789	15.160685	14.474458	14.882119	8.032197	11.360154	21.156062	22.198911	7.834424	21.090314	13.121581	10.838789	20.156348	19.958200	17.293247	8.454772	9.548202	5.958870	22.805653	17.692626	14.659460	12.769856	18.049284	19.091961	19.826745	8.498723	11.639750	17.474371	7.844205	10.410408	10.157393	13.965877	12.889164	21.702050	7.704048	15.395515	16.424511	20.125104	21.238758	11.564496	5.753095	15.699615	4.801492	15.164930	5.805908	6.881002	6.638869	9.315860	5.535029	15.992074	15.858381	14.236313	9.174275	6.864535	4.758027	13.844002	11.359934	7.209600
8.496491	18.622793	7.293231	6.971989	9.434679	17.587592	6.613139	20.819452	10.284003	8.380333	13.077138	8.112297	6.553720	11.856027	9.468620	22.614240	19.836852	11.535834	9.933715	11.035215	11.674623	14.632597	22.356695	21.359873	12.345099	20.166320	23.394190	13.812155	19.790394	13.818174	11.797857	7.689042	11.026029	22.651592	7.050691	7.151601	17.645015	18.779370	5.388902	21.058775	17.222483	16.861609	13.048540	22.625553	23.095165	10.914363	14.810073	10.269196	19.688609	14.810182	5.808826	17.320767	18.574321	18.223063	19.359804	9.311839	12.358817	7.509714	18.056857	23.531332	20.772149	5.767334	16.867427	10.831173	15.138813	16.045553	14.152556	14.828583	13.876068	8.391067	5.701205	6.955124	18.666398	9.389247	19.402626	5.077417	5.377073	22.859607	14.002481	21.674443	7.691143	9.585759
21.744189	11.325223	9.843507	14.922461	15.114519	15.602112	17.344310	8.309830	22.261301	6.687445	18.213535	20.071743	4.960361	19.579185	18.368649	5.359019	13.248430	11.209523	14.971214	10.994733	16.984073	7.671910	21.959370	10.839014	5.756268	20.287158	8.777673	9.731812	21.335259	8.742635	15.453008	5.452400	8.615142	9.466346	10.741324	22.351073	13.563323	17.104819	18.902378	19.901711	10.585724	19.141350	15.525765	19.378928	18.783786	5.201728	20.022842	12.034837	22.363141	15.594118	20.531096	14.735729	18.539505	23.423923	20.160304	18.025183	13.282128	8.105480	7.122157	23.230079	19.258529	9.719038	12.098778	20.565144	18.129181	21.621529	19.838561	12.761566	6.340404	8.802040	15.438228	7.159379	17.879627	8.589219	20.171845	23.295245	5.180143	11.723467	7.761628	23.412164	16.028151	6.244739
23.467281	21.518940	8.245727	23.405112	20.602816	19.829250	20.038164	21.598556	18.427607	5.956400	5.547913	19.795081	7.690970	19.239079	13.786633	11.942023	8.749803	6.213154	4.905324	16.846730	7.236256	13.527311	9.714892	10.980678	18.812467	6.235215	13.468676	10.008407	13.675971	11.942819	5.677187	19.650793	11.624317	5.193139	19.411218	13.084756	6.190730	11.071197	23.314899	12.449918	14.849955	5.201743	6.573428	11.393737	5.448800	21.250551	16.394175	7.395889	8.368236	4.944949	15.375625	21.170966	9.577104	8.341767	10.655459	15.259870	19.850882	13.304719	14.321102	22.060942	18.819142	13.066538	5.199454	19.803178	11.497348	21.377673	10.373741	16.586645	20.379766	12.554602	8.590665	5.522793	18.992917	8.493623	21.020861	10.232747	15.266261	5.957904	10.641904	10.651439	5.591476	9.924445
13.022173	22.908237	11.680663	18.290967	12.096741	17.277430	8.937937	18.731979	11.290724	7.285858	5.654561	10.330803	5.581568	17.375912	16.778459	9.496991	18.897809	20.330855	20.056444	9.543821	22.640076	5.213491	19.916944	10.593464	16.503036	18.010377	17.651359	21.813847	18.093380	12.850132	6.043768	14.030744	9.646327	23.663657	18.873576	23.342891	22.145711	10.598779	23.243714	20.096947	11.083676	6.195538	8.305932	15.772659	8.008127	5.822256	17.287521	22.388529	10.969852	7.197637	19.092715	17.138931	13.162642	17.341582	11.482950	13.022940	23.319547	14.508040	16.335543	11.678380	10.368138	8.358489	7.746180	14.351213	12.157794	17.293607	5.607806	13.664581	6.865764	14.233852	19.042120	5.720730	7.565221	16.418021	12.855198	21.591431	22.538387	9.231886	4.869320	9.291588	15.802481	5.184322
11.909690	20.461484	12.973129	16.841769	7.005464	9.894001	13.399764	22.403278	17.608893	19.967858	12.842920	11.369675	14.845901	16.095269	17.385122	7.300204	7.714843	13.595818	19.550437	14.137530	15.434735	17.958685	11.485548	18.670845	13.114996	16.068803	9.862632	23.596724	12.315070	23.571545	19.258384	17.204319	10.670876	20.264351	20.104707	17.898156	16.390774	14.471004	21.040232	21.168199	22.139799	14.036439	10.914298	17.109403	17.810616	5.848230	5.570918	17.757443	5.998482	8.347158	16.743126	19.246611	16.067071	11.567317	10.977296	19.604226	9.658906	4.893405	10.473856	15.408426	14.782250	17.424220	22.820718	17.701524	9.096520	11.639611	15.314563	23.549575	17.470735	11.148179	20.648886	14.761913	8.489061	21.088426	16.761830	13.414109	21.891468	23.337664	11.895704	10.256691	9.065001	11.586594
5.017929	21.283024	12.092464	13.961140	22.346043	14.152927	10.812580	16.016510	19.971957	6.074168	19.563932	19.049359	8.298310	16.104328	12.737612	15.438842	11.269156	8.807258	15.660535	8.872420	20.198785	13.478410	22.068447	13.937067	19.115297	14.660143	14.696281	6.014912	18.370554	16.356678	21.573879	16.909422	15.539744	6.955228	19.071416	8.106387	6.227577	6.132435	16.958536	12.930317	18.757185	10.761256	13.455875	15.678728	15.112329	15.428307	19.011361	8.248312	18.981305	14.448445	17.328861	22.816100	8.794289	23.364241	17.520232	23.044009	22.002039	15.521584	17.430226	13.149589	18.966994	11.773735	5.170283	16.072118	15.758959	14.560407	12.944205	14.801596	10.232254	22.337671	11.278248	19.799651	9.075918	13.740650	10.700111	15.760068	15.409944	18.825645	8.281084	12.074167	23.296698	18.385719
13.000424	18.690705	9.988822	13.073356	14.822759	22.633291	14.954300	16.384118	18.260729	12.235134	22.454433	21.521437	5.947479	11.619076	9.232687	5.062433	19.948912	13.637220	22.981841	21.996246	9.181355	22.129708	11.214647	17.766571	5.374591	10.075465	11.744941	15.727005	23.653995	10.937913	21.536313	9.148915	20.487162	14.688612	16.400711	22.316059	17.040882	19.161489	15.505926	9.998535	12.179956	12.743616	18.880921	10.253892	17.614973	15.003536	12.459444	20.752944	20.748320	12.270242	5.394898	17.017614	16.399509	23.252719	13.385489	8.592116	21.570498	9.504874	7.477460	18.473030	11.537766	9.132002	16.068696	10.286512	11.982852	6.425453	20.848842	16.002669	20.114142	13.807712	9.427632	6.706415	5.978856	7.640744	15.409542	5.083523	15.920547	14.684754	14.532573	14.406221	9.034878	7.862846
18.276144	5.298051	22.308213	17.314768	13.443440	16.315256	8.294813	15.210603	5.853260	11.661485	21.810177	20.014988	20.517247	6.859560	16.021847	23.082034	15.165828	18.469047	6.942023	20.231739	13.659227	16.488171	11.888530	15.438738	7.440745	12.210767	20.016570	20.755436	8.551755	7.641963	19.340986	18.405141	6.685569	12.658892	11.063886	14.198347	16.538472	17.472507	20.458952	5.001771	11.554243	22.911349	19.903522	15.763775	16.321167	20.389979	8.038032	14.995323	6.785706	20.375958	14.613822	15.833194	5.705806	19.046144	23.341728	7.706088	13.160642	10.201992	15.847022	14.655322	9.823379	10.404973	6.009021	14.376691	7.841594	14.284511	9.186497	15.102594	18.202486	20.864393	5.536985	8.600756	12.319705	21.800703	18.795056	13.009628	8.996859	5.148725	7.595090	13.960293	22.310522	13.902796
8.816813	21.714107	6.559434	22.850746	14.617936	12.804007	23.531484	8.162861	22.433710	4.957643	12.223799	19.602782	20.375102	21.782392	8.367189	6.136034	18.216890	15.676260	6.804520	20.799628	11.980801	17.798265	18.825441	11.970452	14.985347	8.022032	20.146018	8.280895	13.009028	20.227729	12.346100	15.157243	8.107950	8.952762	11.895804	16.391620	6.649738	11.200017	15.735439	6.917700	23.217135	14.407658	11.626514	8.890536	13.930667	14.375489	5.595426	23.184118	12.028702	12.116862	5.915865	15.117391	11.216980	9.237344	9.294016	8.581379	18.409125	20.846084	9.580389	6.794687	15.434811	16.066578	19.714589	14.911805	14.315739	19.070563	12.226355	15.999427	6.364893	10.031991	10.766088	17.964690	18.423143	21.686131	12.958447	9.053016	17.946114	17.649602	15.414400	13.786067	18.559869	21.606655
16.149875	19.794182	8.001471	7.233214	9.505279	8.660027	18.102513	9.921894	11.677889	8.547368	22.177207	21.905268	19.215505	8.071564	6.818435	18.244395	21.675896	6.325059	7.364410	14.636907	16.039172	16.632331	18.293696	20.596517	20.459504	11.401321	9.627485	13.222794	22.566620	20.735236	4.751914	20.362999	21.168262	20.549946	9.491132	10.202417	9.060425	9.117991	11.922108	12.962273	21.936531	6.619480	12.672149	19.647715	14.905651	20.048238	18.423737	17.922887	15.736687	11.002514	6.163277	20.150694	10.707837	16.285888	21.170844	6.459849	19.383369	21.642402	22.264970	14.570830	20.544660	18.941186	5.182340	8.736201	6.864181	20.555932	8.475245	9.180608	10.502032	10.369187	15.938573	10.904883	17.858346	20.587538	14.911191	14.355555	18.318428	17.182986	5.529849	11.769365	10.010468	8.570910
6.971920	8.601705	11.204329	13.093546	5.863712	6.879451	9.464149	19.171299	12.479732	16.162042	14.740223	12.075836	17.498752	12.875624	18.285246	6.930694	21.971599	15.769116	17.812298	4.802167	18.824171	11.882169	15.823763	10.057822	22.485003	7.993104	22.722854	21.345752	11.766918	8.784842	9.150137	18.811347	12.399839	19.216924	13.004824	19.938708	21.186307	22.930485	8.991161	20.133350	16.134747	23.266141	17.185126	22.719031	13.668179	11.547796	20.896360	12.957420	20.229828	5.553914	14.143566	5.848897	21.424144	16.538359	8.179732	23.175126	22.528442	21.961970	20.065300	6.709801	6.852055	19.582917	19.316541	17.235817	10.972937	12.960289	20.804735	22.647610	21.228281	16.940983	13.455778	21.319006	7.158685	20.622008	21.972562	9.662811	18.970453	22.913671	16.055995	8.208211	5.438954	18.453731
19.748766	21.542834	14.472241	16.565076	13.940592	8.960286	17.982751	7.614140	9.552419	8.875110	11.536634	11.424852	6.076900	14.670795	11.885962	15.572701	8.003518	12.674845	8.535306	21.129111	11.189042	21.468501	13.204216	14.234844	16.518556	8.426319	10.031323	7.818790	13.049777	13.348989	17.218074	17.513076	6.503565	7.070208	17.771086	10.381572	20.994078	9.620391	9.173198	8.634543	18.794668	5.849632	11.658110	12.993229	23.418771	21.185245	21.638442	5.797920	7.749382	17.084934	15.492866	16.564647	17.912026	11.239246	14.753213	14.454652	11.306212	16.409323	11.707449	18.905949	16.150966	21.848784	5.873629	21.094468	21.089644	18.955510	19.287511	16.435470	22.942950	17.978881	7.449231	18.088914	5.312856	16.913611	9.589755	15.292563	16.059777	14.300304	8.494196	17.166133	16.613325	17.157193
23.199565	17.821904	9.600918	19.633173	21.420663	16.238283	16.598282	14.701437	22.989426	18.793931	21.981925	17.003073	18.435197	17.888368	21.027447	22.513069	12.278150	19.309292	6.607959	13.939399	10.780652	9.386628	9.970485	12.008932	20.437041	6.074463	6.280401	9.263772	13.430279	18.525646	20.351530	13.012282	7.722805	8.254211	18.467982	21.671262	15.173524	21.211898	19.373304	16.726791	18.628941	20.734588	6.310128	12.197054	15.258154	12.496045	14.626383	5.861104	15.954520	16.779982	23.297795	12.543866	13.519516	21.421392	17.096854	6.997646	9.236543	17.226219	19.046148	7.201606	18.471275	11.605355	9.842644	10.186794	7.574734	23.617122	16.413538	10.658343	14.524976	21.386138	16.229878	5.745090	14.680363	10.567896	12.413729	6.307596	12.304520	14.236743	19.869570	6.727090	19.207849	20.501606
21.800567	23.071688	13.660040	10.209472	4.786670	10.363779	10.815216	15.092504	18.896208	15.449240	9.526854	7.928670	16.853008	19.706752	21.986513	5.083263	10.884015	7.082314	15.839103	9.338055	7.704098	21.810564	5.595551	8.948482	17.288727	12.082977	16.803228	21.009829	8.657645	18.693574	13.620907	14.520082	21.374665	19.831479	20.891400	11.073796	14.539685	16.489719	5.821984	15.700475	17.642645	22.418044	13.967324	19.960815	20.194553	22.608188	18.096391	11.970414	21.603661	14.707378	10.200102	5.413310	10.757480	23.328177	21.620510	11.377369	8.115924	16.852671	5.131206	6.280409	22.412475	15.644161	13.435482	10.729745	12.833046	5.097574	16.214150	12.998097	18.069649	16.407517	10.337949	15.195986	5.338859	8.726140	15.622956	18.874188	11.824408	8.671174	22.697603	11.838507	6.621545	14.464103
22.111523	18.568235	4.960210	18.650102	16.434714	10.444516	19.664877	10.530074	6.676082	19.648757	20.671159	5.916539	9.332598	23.108774	16.847176	6.418956	10.057652	16.933909	14.028813	22.482210	13.480740	9.889526	9.660500	11.100514	18.610936	5.515823	19.716117	17.864372	20.592050	19.850829	9.416106	14.039063	13.315919	10.583242	10.170273	11.677805	17.085323	21.195741	11.869502	20.724052	6.395000	5.174107	16.377908	4.957535	23.602485	7.716636	6.498399	7.114274	12.978353	17.112216	11.517937	20.045555	8.847352	22.529926	11.077276	16.497077	5.719256	22.674925	14.356494	19.503921	9.966958	17.977809	5.973289	23.432359	14.896958	14.994229	22.142152	19.040261	6.054596	22.938661	9.666672	6.580599	20.851169	5.249249	17.211233	4.755665	16.432604	22.602716	15.767124	23.072245	15.201571	4.960229
13.167655	20.898236	5.690142	8.393813	6.509074	6.738942	18.125834	9.259875	10.992212	14.879984	15.816020	21.123613	8.683516	23.136386	10.105500	20.114336	14.727342	20.794746	5.032486	19.378467	9.211619	15.316360	18.885270	6.864167	14.882768	22.236947	19.294182	10.794655	6.505199	12.518535	12.106732	17.027263	14.734284	20.300814	16.333543	21.200399	5.153181	15.998930	12.824198	5.527256	8.040408	21.654325	21.103308	9.372749	20.846859	16.158447	18.441415	17.091386	17.980064	8.016624	17.171845	16.018111	16.003676	22.152883	19.844099	16.048862	5.660699	14.397286	8.298666	23.128069	13.323963	5.031831	17.108076	15.560694	13.865452	17.605718	12.049925	10.250698	14.258241	23.373315	12.915521	11.656914	7.508156	19.394859	20.988623	13.089662	5.159875	23.091140	17.009679	12.634438	12.555304	8.004425
5.888043	21.940691	18.482245	12.372372	11.814234	22.116607	10.007321	15.163921	10.190766	23.238820	6.697256	5.435136	10.526299	18.899550	17.612576	14.153833	13.194865	20.581617	4.958433	23.520057	22.398769	10.175253	6.290042	19.940513	23.259121	20.828723	22.876952	20.911813	12.619239	15.460080	8.580899	6.304805	12.180330	12.843293	16.825615	21.699136	6.393761	11.855920	4.785695	11.511028	7.596977	21.127226	9.790367	17.627938	23.090900	13.092028	14.072947	12.775347	10.792760	6.105700	15.804613	14.212955	21.810771	5.534349	13.843409	8.567118	19.143867	16.020498	8.720243	14.006472	7.322090	14.787190	6.311223	6.706772	7.427869	6.984338	14.326863	22.300758	17.003584	12.240613	20.728755	18.990852	23.246977	22.274080	16.866550	23.176505	12.839661	7.483007	14.103956	18.769543	9.960421	10.564707
22.342113	13.312267	13.166951	6.693753	5.356484	10.597934	20.763077	15.049001	21.769055	15.501644	6.313337	22.048151	19.842063	20.272820	10.252222	12.158829	14.158779	11.580007	11.490412	7.735534	15.017338	21.946749	11.971106	8.247818	14.595713	21.397741	9.125542	6.521518	5.911083	22.828149	9.370506	16.081772	7.878893	12.915800	9.256578	14.680779	19.237013	8.766863	4.786845	16.390128	15.313829	22.289259	5.928645	13.662060	11.001612	18.185615	14.186045	9.009757	13.482094	11.553741	20.528752	19.281024	18.919324	16.497957	6.316895	21.703248	23.464016	8.574522	21.554731	5.968524	14.916159	15.327127	23.602846	12.129475	22.126497	10.186029	6.682201	5.219517	17.088505	5.878533	16.471526	10.037550	7.563524	11.528109	15.204149	22.930401	9.585705	18.682091	23.584883	14.548949	10.578638	11.524028
23.486491	5.776887	19.643614	12.531161	5.428747	8.444196	17.946038	19.826679	18.621960	7.017018	19.157853	7.393148	9.833814	9.298797	10.649905	17.064618	19.672889	14.297022	10.265601	8.113363	18.959932	18.563339	11.943171	12.762746	10.260380	18.649407	15.107406	20.033625	16.723821	20.422964	16.551391	8.046483	19.564135	22.171441	22.890575	7.562921	7.949375	9.143353	16.256490	22.196364	23.597407	22.550437	20.613578	18.294303	7.988806	13.633085	16.655900	7.881116	10.750984	12.805493	8.785861	10.235455	10.491769	17.741772	10.661250	10.253997	7.988275	5.589619	10.822246	7.260498	13.079612	12.082306	7.884463	11.795379	6.938549	12.612028	11.049363	8.878500	7.622050	18.173405	7.593976	14.276099	5.740401	22.018343	17.539663	17.107337	10.662024	14.896132	20.809994	15.200358	9.974047	7.193755
21.793320	18.839567	6.044281	17.821713	13.902322	21.392593	13.152698	14.900483	22.266515	11.569615	17.902011	5.635288	20.038777	9.090182	22.723126	21.520825	22.321390	11.142418	19.560808	22.416491	13.675926	22.062838	10.098024	6.143690	18.218025	20.200152	8.502168	7.079025	20.501884	14.138479	14.111272	8.339743	20.553611	20.903059	10.091658	17.030207	16.953436	17.477519	9.779596	12.164856	5.125392	9.518625	21.548447	15.226497	11.046162	12.676068	23.398272	11.029795	8.074332	14.482191	19.026575	6.640479	19.334769	13.210257	19.914502	19.980965	6.142580	19.049026	15.602434	8.236157	15.113947	7.629298	19.052273	9.995405	17.086080	7.534769	19.818709	7.492674	19.064583	11.279883	14.795323	6.330181	15.058272	22.834344	12.484536	14.069503	16.177086	6.765420	12.971237	20.280003	16.876661	9.592419
15.206944	22.154559	22.362422	21.374443	17.175556	11.052376	19.593525	16.409359	13.220313	18.320098	6.987161	20.635876	18.873858	19.429099	20.963206	14.244083	19.991667	15.758618	7.132441	20.161107	13.611751	18.279166	20.824841	17.829014	6.781186	17.138534	16.094182	9.949813	21.198161	22.142976	22.235821	8.695234	17.858405	22.251644	15.572495	7.600083	8.090408	18.157269	23.154136	14.093077	6.467988	18.566815	8.807562	7.802529	15.318568	12.765075	6.251970	21.557982	13.477574	19.767037	9.640617	11.965571	13.607750	5.868859	16.309269	21.470958	20.595289	22.120314	22.173445	10.088114	16.097383	8.965190	23.436386	14.296978	7.830513	20.112769	6.064143	17.659414	14.969462	17.436244	11.598127	10.238732	11.126169	11.848291	18.663162	7.613352	16.774622	14.276235	14.122378	21.918616	17.529516	5.860772
12.820196	20.042680	16.875056	15.286493	13.205559	8.037049	6.003717	7.234804	9.828892	13.877606	7.328165	18.153665	13.749727	21.158416	10.098150	13.690572	7.636268	7.079463	21.602975	23.578624	13.656989	18.959850	9.700436	21.356049	17.453823	19.757170	4.815522	15.494024	15.404026	15.913967	7.668603	13.399049	23.257993	17.468428	6.199750	14.448292	12.255122	22.583308	7.835306	21.582419	18.111184	19.247675	23.143573	12.137320	15.190993	19.193708	13.310032	7.840938	13.513995	4.890367	7.263640	16.306915	21.291018	4.758623	21.125987	9.078707	12.619652	18.699357	23.434293	17.816074	23.057231	20.614745	17.721667	18.840983	6.400410	20.886949	17.541914	15.436245	21.453043	9.838698	13.525634	15.736956	18.836015	7.067606	8.497515	10.494225	15.454987	13.763960	21.406050	5.795281	6.491963	15.417869
23.250261	7.705390	22.889006	5.327132	9.964059	17.085893	12.241941	20.345781	19.680930	5.140471	5.721346	15.102332	20.097637	17.929192	18.828131	19.954993	21.135116	7.689797	23.609519	8.670387	18.898800	7.975573	23.131234	8.345705	8.863279	23.397546	21.170361	20.890230	6.207934	21.580381	9.828302	15.370693	20.832287	16.809963	15.513856	9.869134	19.295944	6.538861	15.163588	21.852382	18.017694	13.127143	23.400323	15.938517	8.664692	14.833401	16.691533	5.650643	7.281857	12.539141	6.472441	15.316981	14.202346	21.928752	10.433754	21.639849	9.587832	15.839193	11.641153	18.373173	18.381326	6.560568	20.968137	7.092472	7.098810	9.891064	9.806770	10.009852	18.944721	18.064041	6.061630	18.274271	13.346986	6.997795	9.116012	7.836716	7.477318	19.928114	17.090147	16.768319	14.774655	14.090967
13.434036	22.059418	14.900541	16.975883	15.925844	9.556237	11.726106	21.625269	22.487113	15.909565	12.031347	5.151688	20.601794	11.721699	15.393793	19.208969	7.576019	23.254543	18.166216	14.759282	6.025229	23.116063	10.107571	5.906916	5.616763	15.592234	6.629211	14.357053	12.295742	18.641430	13.309787	20.749538	5.065531	7.202059	8.190704	14.578018	11.236379	13.233621	11.511933	16.040774	17.488310	6.767197	11.400075	7.239055	20.076432	18.323967	15.945071	15.617554	7.008669	21.599089	5.213266	19.299571	20.635323	12.404075	18.431574	20.563628	22.573781	8.718513	14.095802	22.572540	19.283981	23.441730	18.024725	14.347261	6.954661	22.401219	22.677460	11.625218	19.056168	6.474929	9.296712	18.194565	18.917733	11.607029	14.121539	17.027912	5.546606	10.861340	4.954893	18.838195	18.338505	10.362597
15.358710	12.389616	7.331926	20.457847	7.492368	7.779700	16.724570	17.889580	5.341106	20.566602	20.769206	15.311447	17.658106	15.476918	6.476225	9.916986	17.961280	13.127985	21.009009	8.531065	19.434384	20.957258	20.384711	13.385135	9.643680	7.976809	6.339513	9.107850	14.308998	8.917247	21.171454	21.437734	19.768411	14.103493	17.582261	4.906273	17.918523	16.703859	13.568845	20.637478	12.827859	9.998378	16.028739	14.379343	10.533918	8.152474	4.990178	21.477831	7.231200	12.458302	19.144254	19.327498	5.701436	13.572609	12.981123	7.516525	17.241083	11.673648	5.437660	20.845878	16.350013	7.899281	11.609807	17.189321	6.578545	7.218661	21.511475	9.069833	11.799812	13.531779	14.525160	6.431880	9.590433	23.040359	5.046250	12.939650	23.468708	10.396678	4.817720	16.830194	12.010924	20.331791
8.211435	14.543118	18.918867	12.052311	7.833655	22.500471	9.773587	7.681417	8.690197	6.172983	21.119141	15.992302	9.273346	11.386820	22.591591	14.834813	17.638705	17.725551	18.403258	16.213456	6.456485	11.345397	14.287428	14.396725	17.456833	16.241986	16.803274	17.609498	5.099846	11.106075	19.771920	12.385979	17.230060	17.951458	22.115110	15.927374	18.457794	9.922042	21.729472	7.197054	11.192142	16.000869	11.515970	11.862058	10.355276	12.975676	19.231180	16.693372	21.450858	14.574763	12.641129	11.154177	8.643668	22.376385	20.255347	6.203580	10.742719	15.886616	13.709211	9.699162	8.799261	9.355016	4.858081	16.533110	14.403715	19.216447	23.294495	6.741070	8.684013	12.447079	10.299957	9.616084	15.325214	18.752220	14.723280	10.562165	20.835225	10.667537	21.933351	9.774594	22.348353	12.211033
13.688778	13.598554	18.097776	7.254058	23.563952	13.508234	15.979986	12.680896	12.156257	5.906311	18.085932	7.981922	5.797643	4.834090	15.429107	20.290042	17.095402	23.180868	21.016359	16.736501	14.352372	5.641941	4.872729	21.474260	19.945790	7.871987	8.118386	21.145133	11.279080	11.929071	14.924934	19.637941	19.234329	19.644344	7.560296	11.972823	7.302378	12.283324	7.041528	15.652696	23.727989	9.630511	7.600960	6.011858	20.944770	14.793321	23.008104	23.721964	20.783197	16.591942	10.646296	12.732334	13.443791	9.945997	7.347274	16.009295	21.530274	9.538988	7.895371	15.398907	17.766706	23.496847	8.255424	23.072075	15.515158	18.400364	21.001714	17.688027	13.639766	9.514455	8.623550	7.391568	17.275402	20.982124	23.598027	18.632961	13.360027	20.692699	9.387251	20.508006	8.212884	9.659695
11.120047	21.765842	17.065479	12.349706	15.143665	23.657161	5.893717	13.610655	15.815809	15.395753	12.453552	18.148798	18.271918	11.602943	17.415733	22.264791	15.068314	10.536399	14.207332	5.747839	6.332817	11.632453	15.819672	15.416563	13.193103	6.358711	14.491948	15.116092	13.406537	15.674936	6.851448	16.636588	4.769717	15.281886	7.965110	10.902429	20.528225	14.165189	8.190829	18.326159	17.548790	16.001942	12.639510	22.550898	6.155164	21.114580	7.224357	17.722098	21.935163	11.478075	8.979303	15.679463	20.418035	16.877943	5.012241	22.926975	22.398230	15.081932	20.741198	4.883245	17.939890	20.234680	11.716142	20.134572	15.972912	10.776304	6.738834	17.817684	22.237205	13.681828	7.775479	21.524491	8.203166	19.888897	9.293734	5.593066	15.221908	15.398032	15.356593	7.838729	10.642953	8.888382
8.643958	21.183649	16.205573	17.359181	7.404464	22.733652	20.976575	19.579830	17.794762	10.589831	11.396692	5.425190	19.196939	20.000619	18.703207	19.087123	5.655302	9.892514	19.974731	5.747525	5.662855	6.689148	9.486066	19.527766	22.332470	6.513614	19.978023	9.050244	9.062347	22.966943	9.222458	21.710637	12.822974	18.017733	21.120303	23.725397	15.802075	21.704688	9.139614	19.947834	19.900293	23.510707	16.023598	11.791622	21.106717	7.345136	19.907945	20.682757	6.873303	10.005058	8.557629	14.105649	22.824427	14.674502	23.076294	22.754046	8.607870	10.091075	12.986603	22.523709	8.076602	23.667912	12.067919	17.771482	23.061946	4.863199	9.488309	5.730770	5.315323	15.805898	23.065037	8.340871	16.127340	21.686981	9.452234	8.752008	18.662955	18.355325	5.445536	5.228010	11.210320	6.511694
20.712553	11.672870	8.190871	18.829448	19.645041	9.345077	14.971180	18.647000	20.411065	21.850326	16.756748	13.234155	15.460169	13.183405	11.841794	23.031139	21.917346	12.483046	6.295954	5.572114	7.195329	6.165273	11.928176	10.446986	8.842966	13.189314	9.256129	5.533759	20.762785	15.639576	7.760780	13.551014	21.406170	10.728338	11.340856	10.550091	15.463792	16.071997	15.356666	13.302923	16.013647	6.341233	5.172432	17.211506	10.017931	14.641016	15.973118	23.046390	20.388575	8.965432	18.266592	12.032938	13.166556	6.471844	17.598353	22.319215	11.823874	13.997738	16.848404	10.301952	14.841459	10.854185	20.399287	22.882801	18.035629	4.798682	8.234170	6.373764	17.605383	14.538657	21.614318	18.224914	9.851325	15.902688	5.130516	8.565028	5.554098	13.912499	7.899434	7.644095	8.803388	16.981990
14.520101	19.537077	8.319842	13.467785	10.132942	16.088701	13.427271	13.536317	15.062245	17.389943	10.594572	16.110409	5.315270	13.049972	20.796139	21.305698	12.264168	8.693262	7.747344	9.067581	5.937589	7.715264	7.407088	15.650543	13.301882	14.618873	19.883064	12.812935	17.221917	6.872052	10.488785	16.106487	9.850255	15.527551	16.533035	17.531185	14.323926	15.230770	14.341703	17.650289	8.503503	12.453562	5.592619	4.918324	10.844963	21.311493	11.974034	17.422939	14.829093	19.830242	15.107256	8.172255	6.645518	11.784180	5.609636	10.682266	14.686884	14.808641	5.629753	8.255279	9.822772	22.865307	10.554026	9.221942	15.394635	6.510078	17.206880	23.398659	16.246314	23.342400	8.202583	7.451782	23.465204	8.191116	22.513128	16.271433	18.101076	11.490128	21.925893	9.874738	18.358521	7.006045
13.513426	14.361794	19.723751	9.912250	15.464765	9.704903	22.080334	11.087836	22.225827	9.576884	5.789820	16.726999	19.795141	16.569989	16.601617	7.889889	20.007834	12.193792	18.727849	19.465972	5.743495	15.462938	9.866409	15.201562	9.265029	11.945177	14.534621	5.205030	5.538289	5.437041	7.127081	11.238489	7.477380	18.986628	20.696177	11.864096	13.072031	17.747656	12.444356	16.029463	8.128017	17.020977	16.571199	4.874717	7.072935	17.700294	15.684849	22.105274	5.010882	19.031262	15.607484	16.050861	12.376775	5.475645	12.366737	5.417496	22.221977	8.656707	23.227430	18.913337	19.566691	23.211179	15.812019	9.544902	20.882253	21.095365	20.534296	17.866413	13.060262	12.632274	19.900674	18.918403	15.564295	23.359274	8.121364	21.302165	5.661810	20.930003	16.854482	12.899772	7.761125	18.818930
22.815772	22.940299	12.010473	9.519061	11.143103	8.896239	15.419931	7.308465	5.697284	10.717851	9.348945	19.312627	14.144218	9.778416	12.440080	16.579529	21.154042	22.844257	9.021533	21.806038	14.494727	10.522919	13.598928	17.268798	8.239414	5.508370	9.590167	16.017229	9.920597	9.781226	21.110838	10.587802	11.481340	14.115989	10.155303	15.666284	12.549568	23.014414	10.041020	15.219430	4.894840	6.250037	5.752073	14.043905	20.817171	9.607315	22.225121	14.185185	18.136688	23.491382	18.565365	20.345042	13.393048	19.477054	19.339526	21.685760	5.658980	5.114457	21.945421	16.451280	11.106262	7.136958	9.146433	4.823370	13.154594	7.493078	18.227011	5.885071	5.389222	18.990968	6.855581	23.053850	6.614885	13.881067	14.210580	17.421944	8.842469	19.113609	12.559455	10.298301	6.167678	9.025566
9.805031	10.573965	23.116297	7.214533	19.343073	15.561501	5.108734	12.105302	18.357374	7.949955	11.571639	20.531845	13.253081	5.552881	9.279731	15.846031	13.058630	8.377349	5.438310	16.822346	16.627755	15.846784	22.710374	11.504529	7.580252	12.177689	11.268267	9.918611	19.600231	15.647186	14.031728	22.619546	11.063895	11.189582	16.913271	5.013440	16.949607	22.849753	22.622584	9.057191	22.659209	21.735273	5.985471	14.067346	9.942422	15.397962	16.509773	19.708408	12.779498	11.770550	12.775044	12.203334	14.923141	10.792268	4.862529	15.133152	17.958438	15.598850	14.599745	17.628497	17.467356	9.121300	23.063673	5.029783	23.677530	6.373152	20.898195	6.801100	16.073939	14.079249	11.935187	4.935111	14.033392	5.794420	13.444315	14.568477	8.910742	15.814338	20.491342	10.232826	18.698710	17.157880
20.924450	13.184145	6.341649	9.901838	16.142007	16.401988	20.247562	11.862174	13.184765	23.573985	19.864542	6.982802	8.690909	5.517733	13.010243	15.691719	18.349526	11.835634	8.787104	12.202005	16.728883	20.817129	9.675439	5.966451	11.797239	10.800555	22.284594	8.623969	11.842297	7.731525	13.638813	4.785971	16.059331	14.451214	15.273598	10.801382	5.623659	13.003492	21.318754	21.178937	5.997911	6.356444	23.087092	4.770154	10.856556	10.327660	11.488936	9.473850	22.397064	9.323784	11.699070	13.984453	10.897479	6.672292	8.554984	7.698885	18.376871	22.699250	11.797037	16.846512	16.863665	18.998432	11.138948	18.372539	6.702586	22.268537	10.040540	9.433280	7.624752	13.273604	18.101357	22.036616	11.921646	23.639612	18.374246	15.535586	12.380239	23.111236	22.581372	13.716642	20.941747	5.980909
10.676423	18.014390	17.064644	15.523848	14.345855	23.255986	11.354541	4.777251	18.383390	6.421567	7.539439	10.754660	13.373508	7.985108	5.511054	16.941222	10.411696	18.285333	9.338660	22.089743	22.055461	21.116904	5.999891	21.406131	7.328305	12.429755	18.509815	4.869144	23.254981	20.560102	15.063851	14.506308	12.222965	17.673555	15.060667	19.090103	5.573822	13.872076	19.965102	5.009165	22.605316	5.483030	23.367713	10.838103	5.821496	18.821949	10.423408	12.890060	11.055653	5.079075	14.518789	6.908668	15.250389	23.164326	23.315164	10.037830	10.954299	16.849188	11.335756	10.478242	17.581192	21.757084	14.416833	20.241436	23.231007	15.823393	10.273599	9.158325	13.495382	15.456603	14.677088	16.470190	9.388928	8.815847	18.971598	5.654381	16.785408	22.714210	21.525276	16.487159	16.080163	23.617062
19.064584	17.640147	6.602544	16.153485	16.946467	13.194062	20.430794	21.474584	21.531207	11.796300	11.019207	10.602454	9.448098	6.702016	11.833134	4.947518	5.144470	19.491270	12.258440	21.034211	14.007553	12.666605	14.256036	19.681058	10.137850	6.591776	13.068119	14.174041	5.115547	10.085745	8.013105	6.840045	5.684853	12.975576	6.926801	17.914132	11.247913	8.375675	23.467486	17.909930	8.157357	18.496144	21.244070	18.927162	12.320651	12.625862	16.494246	9.287747	14.372802	19.490111	10.827609	11.754103	13.627930	5.175504	18.526866	22.644624	19.798837	20.736108	19.615176	20.074639	11.468852	21.450118	17.690292	23.146600	9.140478	22.634064	19.071790	14.857166	10.069404	11.014827	21.159910	5.774777	12.149797	5.331289	17.148708	14.278205	10.432516	15.056429	19.258716	15.981850	11.992277	19.296476
15.268378	16.102575	13.020654	18.903855	22.206574	6.766398	23.532896	11.591866	21.561983	19.413574	19.411459	11.659111	16.902162	18.625691	7.462267	18.098988	11.855568	7.947164	9.439274	21.748573	14.682900	7.770010	23.521180	7.157309	10.359833	19.355528	9.062422	15.680550	5.347203	19.514272	5.106916	20.988206	14.075689	20.630576	11.032843	16.622286	15.127487	16.227533	15.414566	11.688374	22.286304	9.023515	8.236017	6.521342	13.274417	20.454433	7.490780	19.978229	13.283484	7.297578	14.242063	23.385746	14.778455	8.918087	14.197648	6.909280	8.855357	12.964198	12.418223	8.125706	18.260638	9.817265	12.914213	12.143153	7.323471	14.801570	12.084611	11.998190	23.130216	23.586135	13.920278	8.634230	18.640992	19.923948	10.878687	11.923691	15.182835	14.842829	19.465545	11.147644	13.636891	23.475093
