0.000000	9.070082	3.821041	8.418291	4.470130	4.997044	4.906388	11.435761	5.052910	3.643406	5.976008	7.467520	6.163197	9.255485	2.566190	4.747455	4.173483	2.684871	3.341353	10.375451	4.727648	10.870421	9.884785	5.621854	3.681025	6.383622	5.189830	9.371269	8.853732	6.627262	10.655465	11.142165	3.779839	9.888676	5.340844	6.351213	6.208189	5.143690	6.190950	8.615947	8.394099	10.829609	5.159962	4.741125	10.930988	2.677970	2.989769	2.670164	4.839747	8.744507	2.456751	5.280064	4.363898	7.995518	8.438691	10.495847	8.390189	4.666375	2.722284	6.364340	8.996363	4.578126	4.997785	8.546874	10.503550	8.002659	10.937639	4.234432	5.245452	9.049680	8.287025	2.937120	7.237343	3.348485	6.266847	9.968080	2.882271	4.700482	11.359715	7.306580	10.718124	9.520676
3.827379	0.000000	11.531612	3.898673	4.470609	5.307523	4.662047	7.102731	8.102832	10.630362	5.028816	9.780893	3.344156	9.784116	6.373108	6.953749	5.602472	7.070647	8.016066	11.213729	11.242969	11.620828	7.817154	4.019279	5.296009	7.809871	10.383906	7.932361	3.671969	11.532234	3.032626	4.879541	7.752203	9.004443	10.049879	3.915959	5.865708	11.264721	6.206814	4.798161	9.740648	4.778009	11.486791	10.123115	4.821530	4.759892	7.800675	3.429252	7.659539	9.614896	5.083925	2.625209	11.588907	3.637240	2.898173	4.616698	4.033734	6.811206	8.442922	9.823931	4.950316	8.274520	5.856285	11.103099	11.268172	8.122963	11.516863	10.024863	8.647508	8.989188	5.022817	4.589672	11.106879	8.537745	6.560757	7.894180	2.903057	5.613006	7.954969	7.527466	8.188759	9.864615
2.676111	4.894661	0.000000	7.978537	8.585263	4.162337	6.556101	3.595700	5.861111	8.365235	11.246436	8.018043	8.090331	9.190372	5.591081	9.913896	7.856789	8.728902	9.123851	4.374672	9.886417	5.600673	9.345428	4.704727	8.926706	9.450570	5.965535	9.240993	4.438671	8.318899	10.179687	11.608590	9.987257	9.012403	3.943294	10.753882	6.745510	4.883131	2.379532	6.103585	4.670153	11.623157	2.360948	8.546340	5.252022	10.840921	8.035637	7.710218	8.846568	7.200514	8.175952	7.911343	7.073371	4.135025	3.427060	11.075676	6.154691	6.909564	6.352265	10.954731	6.586142	3.564326	7.031125	8.499490	9.579676	4.021089	5.713236	8.266099	3.611073	6.484166	9.348372	11.324874	9.221539	8.978532	10.242237	4.644219	7.725599	5.552846	10.574544	7.903910	8.848351	4.408255
8.497258	2.475862	3.050365	0.000000	4.216530	5.336368	6.793706	8.547739	5.692458	7.840644	4.696355	4.163301	9.018990	7.026963	11.431108	8.529685	5.481416	7.395485	9.573136	5.631262	3.980817	6.197987	6.747602	6.259476	3.488031	3.396697	5.731061	3.866563	6.349627	8.183103	6.839267	3.136365	8.121031	2.517477	6.886821	10.275955	8.723225	4.902022	2.833120	11.565539	2.376581	11.148942	4.549813	3.051309	7.677445	9.419241	3.286798	9.880853	9.617803	5.412856	8.118830	2.679973	10.109830	11.260544	10.467626	8.167425	2.978136	8.200328	11.083063	11.185609	2.803201	6.285901	4.900135	9.157609	8.242597	8.362493	2.592172	6.172500	6.158429	8.174579	9.072914	11.622061	7.359691	3.173703	3.366024	2.417344	8.732009	5.660922	9.021688	11.677960	10.871564	8.356121
9.551148	7.779906	9.630975	8.906879	0.000000	7.706872	4.120356	8.713613	9.367843	3.641643	9.091607	10.687052	9.072370	9.649045	11.352162	9.098181	5.057025	5.552403	8.866160	5.174686	2.483036	6.527093	5.172103	5.168893	6.175084	11.384002	8.917891	6.491984	5.489118	7.025465	10.427806	2.654145	7.533643	8.970451	2.993653	3.937911	6.524587	7.104310	2.396692	6.240278	2.501427	5.276238	9.447837	6.265693	3.234828	9.512612	3.790148	6.674592	4.663158	5.468930	3.191078	7.170377	9.130708	5.486927	8.980119	6.261558	2.566600	11.330309	6.315109	5.450991	4.455080	8.675463	6.696662	6.065643	3.907609	8.115134	10.315047	10.218692	7.866540	10.583011	8.815056	10.236127	8.035606	5.692897	10.085233	10.332333	5.641694	3.478650	7.364415	4.835944	11.230876	2.659845
2.516478	10.727696	10.645116	10.851019	8.161824	0.000000	3.120429	9.064202	4.045009	5.511996	3.020768	9.446844	9.214751	2.809602	9.139977	5.298479	5.529979	5.805797	6.252784	8.816606	9.448017	3.389322	7.712894	7.597395	10.056872	3.417465	8.130694	7.835516	6.795210	4.429319	6.971884	7.711810	9.021296	3.585554	6.124266	4.726117	10.042292	8.787537	5.698979	11.594295	5.480688	7.258640	6.363864	9.828330	10.807805	7.666818	4.479919	7.951227	5.076393	9.930688	7.928076	2.413885	10.401673	8.904488	5.770805	5.978721	8.191602	8.621644	7.143381	9.545376	6.541973	7.499662	7.262013	5.315566	6.720875	4.489807	2.425005	3.701987	2.752109	2.594769	4.072036	8.998811	10.528128	5.905839	7.581165	5.353255	10.958874	4.528941	6.314099	2.521468	11.310643	4.688633
3.845774	5.647809	9.077086	5.834608	4.731269	10.552044	0.000000	8.819767	11.173290	9.983208	9.739073	8.710455	10.532320	11.597339	4.679989	2.992536	2.710544	5.404392	5.479866	9.323123	3.034317	9.907281	11.042069	6.133294	10.509415	4.527704	7.948956	3.722578	8.841261	6.998265	8.874372	6.479052	6.589557	6.192472	9.108332	9.056007	7.045644	2.426645	10.642494	9.734278	8.208021	10.107672	4.499114	7.280239	4.169036	9.357896	7.436722	10.514519	7.194425	5.859449	11.238579	4.759121	4.053899	9.754131	6.249382	5.746084	11.543084	8.786481	2.837409	6.676604	5.303874	4.530108	3.780467	11.107605	7.639832	11.258209	6.688942	8.355695	7.538571	9.308218	2.710635	10.653712	10.859354	7.131158	3.052699	4.787848	7.267184	4.876518	2.441593	9.294319	10.078274	6.282517
8.596159	10.095235	11.086831	7.210522	3.854931	9.920108	11.673363	0.000000	9.709355	10.958324	4.536822	9.328746	5.334798	8.842511	5.266371	8.626311	5.869175	10.081993	7.503632	8.166187	6.393172	10.171519	3.623678	8.761377	8.245458	7.316520	2.991417	9.116642	8.791747	3.130508	10.695188	6.545160	4.747839	6.397791	5.943980	9.376723	10.291805	6.027929	4.894338	8.000826	5.428006	5.514754	9.697603	10.463043	8.838148	8.873944	10.384353	3.309962	2.671929	8.524587	8.538195	8.789556	11.222346	11.010594	5.857744	3.904795	7.360553	5.224980	5.993088	7.308546	10.102204	9.848934	9.958445	9.158266	6.654251	9.324644	4.159401	4.111310	5.119737	5.398164	10.219064	5.049915	4.526740	7.682058	6.330545	8.263980	10.289961	9.927229	11.553770	3.795180	3.486146	5.218727
3.087213	7.625237	6.819755	2.738701	10.359044	2.340125	11.490122	10.514539	0.000000	8.346693	10.693045	7.705065	4.362115	3.041820	7.247670	8.398431	10.318463	7.813480	10.774482	7.245144	8.184531	5.845599	6.470852	9.165242	10.207331	7.401965	2.526009	4.966116	5.965234	9.629951	10.089229	10.378760	2.776729	4.511828	2.399437	9.098299	4.634618	9.493188	8.391038	6.932353	10.102430	8.365727	3.371013	3.571221	3.868262	2.890132	5.743019	11.033482	8.797674	2.870670	3.876845	3.770837	5.407622	9.137446	5.491197	11.030383	7.549775	10.185149	4.192894	3.620561	9.054605	3.153796	7.452212	5.689069	5.014690	8.418291	3.375918	7.757013	4.722643	8.891618	9.935429	7.692503	7.773219	8.307271	7.604173	2.373306	2.611765	8.963374	3.514223	6.782454	3.718869	7.264993
9.752509	8.864849	10.349589	8.665718	4.619092	4.645685	5.760054	3.426637	4.984767	0.000000	5.248400	6.678393	4.822425	4.188391	8.284297	3.081068	4.263819	8.666493	4.830569	4.049177	11.552103	10.559004	7.977595	3.125678	11.281690	8.536254	8.145803	9.998477	4.500903	6.636856	5.016309	11.440588	3.828812	11.026928	6.324054	5.585059	10.371380	8.599281	6.633834	9.232800	10.618053	10.287380	6.781322	11.586905	6.642156	8.439737	9.327696	5.555341	2.950105	11.389358	9.849117	5.636724	7.333683	6.757584	4.918956	9.565653	7.964739	8.087963	10.564423	9.969110	5.146402	3.732661	3.012128	9.128675	6.174950	6.275454	8.066371	9.652219	10.870315	4.774260	10.439220	6.940634	8.489242	9.601909	2.506057	10.065596	6.473119	7.054740	8.411359	2.517151	8.213022	5.257016
7.637346	3.800463	10.987396	3.330549	6.476069	10.833986	6.097084	3.563000	11.351907	6.207663	0.000000	4.429166	8.306991	8.500720	5.171224	8.696271	4.961436	5.938163	5.570938	6.549602	3.748279	10.860370	7.592659	8.250504	11.646700	3.097230	8.725766	5.737573	7.499529	7.607877	8.692504	3.327277	11.285979	2.851395	4.801808	7.271694	8.270987	9.035186	6.997056	7.638675	2.757040	7.586740	5.189692	2.978230	5.731240	6.859659	6.539612	3.452351	3.511002	6.247619	5.254396	7.545308	7.565182	4.096393	7.718344	7.971996	10.052479	3.331125	2.831616	7.368544	10.901401	8.301674	10.766886	7.635312	3.535183	3.014328	6.655426	9.601448	9.209007	11.314612	2.374186	7.662884	3.446443	7.067988	4.064699	10.351881	7.048023	7.550502	4.568142	6.705987	6.713117	3.443642
11.041550	4.806456	3.872593	6.292558	9.976163	3.969165	5.006922	10.612481	10.043939	3.252684	9.174256	0.000000	10.518754	2.991442	5.626207	7.254224	8.490115	2.469485	4.305234	11.136374	7.748948	5.659095	9.898367	6.009889	4.060216	7.422938	3.617355	2.814977	10.503533	10.333305	6.515585	10.065219	6.303857	7.883873	5.587615	9.419108	3.405113	6.459919	7.367179	9.451580	10.984999	4.688498	9.639134	3.886116	3.695968	7.847603	11.516592	10.598056	4.719187	5.551412	8.511722	2.888395	7.581413	6.435709	4.164216	2.561831	9.235753	7.207557	5.538102	3.576955	3.703614	11.008898	11.258632	10.038785	10.769184	7.237971	3.395954	8.382348	7.735474	10.232657	11.660712	7.256481	11.209475	4.578222	7.837267	5.033900	8.900467	4.319076	10.251425	6.716077	4.116039	9.805967
2.442138	8.699623	8.838035	3.079376	9.564298	3.742225	2.358145	11.632483	5.348761	6.021715	3.821043	3.870933	0.000000	3.903004	10.952229	11.077779	2.598834	3.823277	7.358162	10.175506	4.371511	11.122055	4.147910	3.291005	3.925945	9.578232	6.804516	8.295124	9.431617	10.512613	2.439443	8.095860	3.918175	11.479381	6.106673	11.274283	7.996633	5.864446	8.510933	3.301474	7.284984	10.099326	7.596339	3.382596	6.250527	4.250643	6.169416	6.007053	8.517519	5.739369	5.257351	4.852404	8.767370	3.935824	2.546944	10.687513	9.323163	6.790757	10.402338	9.832400	6.811824	4.157134	7.077284	10.513915	7.681930	11.574822	2.554404	6.150961	11.673111	8.516973	2.552613	5.343808	2.349115	5.562187	8.732576	9.266685	8.564653	3.105935	7.859571	3.321429	6.732422	9.680990
3.832779	8.994223	9.469181	5.368887	3.862650	10.219584	9.093211	10.316110	10.557411	8.653935	4.098215	5.571299	8.409766	0.000000	8.634664	6.315379	10.973973	9.916185	3.814930	7.670990	10.407105	11.267552	10.293819	4.661750	6.395526	10.429048	7.149494	3.289591	10.299246	10.104250	6.851351	5.821843	5.371674	7.858495	11.442972	3.618730	5.093636	4.653833	6.336058	4.284419	9.104662	9.886764	3.977568	9.185690	5.810956	4.537482	10.842014	4.411203	6.889452	3.660049	2.476155	6.599641	10.981011	4.964402	3.145010	3.542679	9.303956	11.176445	2.503472	2.670535	10.587823	4.420047	6.422003	3.591910	3.157675	5.214593	5.062159	7.747330	5.234497	5.340654	4.207658	7.881146	7.999392	3.385406	10.535880	5.224817	7.464444	4.307838	8.139756	3.644759	7.963639	10.967671
9.811414	5.171474	3.106778	9.370564	7.307766	9.389806	5.985060	9.813573	9.592296	7.252312	3.595865	3.779577	2.476118	7.734882	0.000000	7.600761	7.860373	3.450815	3.111615	3.637542	6.473317	5.054955	2.833532	2.461039	10.720812	4.648911	5.301270	2.837035	9.916670	5.191498	4.468350	3.453667	9.358147	3.453357	7.432696	4.610703	6.306639	3.098161	3.300675	7.702313	8.119300	6.248875	3.700720	3.761801	7.387462	11.672389	6.219840	4.468317	4.454925	2.630348	6.251804	7.812155	8.856419	10.016619	5.091418	5.895830	4.486324	2.384360	2.785563	10.557552	4.990103	8.866434	10.142825	8.269262	6.427015	9.121180	10.985350	6.561769	5.158913	4.274216	4.818779	9.900711	3.635524	3.508324	8.859441	7.894240	5.411763	4.662116	8.055936	3.352678	5.522501	6.610334
10.408744	10.612100	3.475244	10.609996	2.947208	9.442368	3.299495	10.644597	4.267296	9.758454	7.479198	8.094045	7.615721	4.920877	10.091134	0.000000	2.762094	10.722655	7.001950	5.020134	5.940676	11.084770	4.007841	5.463698	9.870507	9.859239	6.045303	4.507886	5.467992	7.941654	10.733707	8.298433	6.513988	11.341331	4.364899	8.551536	6.590002	5.485058	3.421918	11.144690	7.636303	3.795669	3.425793	7.446615	9.535231	10.133884	8.070921	9.975395	10.323525	8.047055	5.913443	10.074168	11.442746	11.533399	3.009947	6.758481	4.476083	4.528059	4.119958	11.339534	9.377101	5.840868	5.527191	8.023614	11.195369	4.249166	7.812623	10.951161	2.550334	10.560995	8.684493	5.627591	9.302687	2.423738	8.258899	11.314442	9.316291	8.384751	10.019491	6.226396	11.126374	3.260161
3.540906	2.380648	7.777138	8.421120	10.817557	3.763977	3.865142	10.658604	10.522770	6.300301	7.107781	5.535666	11.078845	8.061122	2.776189	8.436099	0.000000	2.904698	7.853697	6.762040	10.495300	7.490263	6.287884	4.487226	7.521321	11.428674	5.712737	11.583635	2.420385	3.755798	2.451289	10.516192	7.879567	8.035160	4.496155	8.043663	11.558707	6.216093	2.718962	4.212540	3.165597	7.021540	10.682505	8.350932	10.445329	6.749520	4.917008	4.768164	4.737531	3.984994	9.908312	10.195694	3.072452	5.434218	4.537635	11.621940	4.403674	3.266371	3.378271	8.465484	5.801406	9.962132	4.702671	2.856794	5.983823	10.326415	9.212333	3.760814	10.190504	9.934438	3.364473	9.285572	3.096872	5.169434	3.866149	10.930090	10.089602	9.925637	5.118009	3.542621	10.844936	8.380268
2.868128	2.495764	11.207355	9.874204	6.907453	6.034969	2.517196	5.707933	6.518710	4.594503	7.824158	6.415845	4.240778	7.993492	10.917235	11.515221	5.488032	0.000000	3.461004	8.105083	4.066593	2.419071	10.988656	3.282428	8.713814	2.597620	5.121468	6.954931	8.201899	5.962388	7.523280	4.449546	3.883109	3.378800	10.312874	2.366592	8.304977	5.956905	7.577924	9.964068	11.159380	2.981244	9.739273	11.362138	4.818062	9.768460	10.933503	9.476006	9.770628	10.734734	4.889193	4.172421	3.504540	4.226321	7.740492	3.435252	6.291212	6.357710	4.201448	9.226181	5.369334	3.361299	3.437350	9.581836	5.104129	9.146965	4.833933	6.290144	3.694226	9.389542	6.072494	9.481747	4.112674	10.874728	6.246805	8.196258	7.803920	2.930866	4.658168	10.289601	11.428812	4.339151
4.999574	5.484487	6.050970	4.539706	6.614303	3.847294	5.712911	8.131564	4.230151	10.843195	9.989679	10.585598	6.607353	9.782892	10.165264	6.430391	7.889968	3.590986	0.000000	10.959557	5.239540	9.838731	7.383937	11.479325	8.476487	8.498282	6.621476	3.605465	6.097889	9.118162	6.778494	3.053281	11.237345	6.812271	4.625159	7.149591	9.791301	8.128176	8.565656	10.730276	5.076257	10.453962	11.457721	5.786889	10.895090	7.598848	6.426372	6.556981	7.847080	11.430918	4.115847	5.029994	3.152397	5.042979	4.285236	8.229821	3.870167	7.673999	9.342856	6.722882	9.844719	7.348760	3.871049	3.691349	8.225888	6.685994	3.704409	9.906583	10.775582	11.554633	11.663425	3.919222	6.034307	8.472461	5.241361	7.266443	3.942952	5.567460	5.373129	3.097124	6.909254	5.448716
2.417779	3.475295	10.135309	5.612633	5.271189	6.163263	2.926666	10.902238	3.545887	5.629063	8.204367	4.162267	3.066705	9.073820	4.777514	7.475854	9.737388	7.828397	8.449480	0.000000	2.362291	11.556207	10.651651	7.395331	11.551510	5.313919	9.171442	7.233486	4.675634	9.150703	10.672788	7.861297	4.807571	2.982391	8.160949	9.575932	10.271162	9.634965	4.165621	8.104431	8.494324	9.424443	11.076288	4.030727	8.586066	8.702152	10.368587	4.077555	7.716542	8.535550	5.518795	6.293659	10.298046	8.264805	6.980962	8.057252	5.215523	10.315484	6.678063	4.662483	11.377832	3.777576	4.892434	2.909994	2.826884	2.423458	6.294080	2.756045	5.203880	5.629978	7.690252	2.705479	10.828263	8.436447	5.257153	4.378546	2.944374	6.163206	8.173033	9.878735	2.346249	8.096043
8.823495	6.495023	8.214701	9.413410	6.654190	11.397002	4.046436	10.986968	7.029847	3.018159	4.993955	3.584488	6.309892	2.537956	9.978551	8.267050	7.931142	10.940255	6.899008	2.760293	0.000000	8.052239	11.276686	3.697370	8.110705	8.115047	4.895751	9.390187	3.912678	10.291961	6.538165	6.158888	7.491782	2.407747	10.755717	5.981716	6.401130	6.397806	2.970862	7.189927	4.578307	7.950959	7.831818	11.576298	8.272647	3.640348	3.134861	6.997198	4.565279	2.772684	11.328099	3.020495	7.940714	6.345078	7.913114	11.501635	7.777333	4.332634	8.600705	9.816722	8.400165	4.186319	8.450903	10.017100	2.703635	4.163487	8.196588	5.366499	3.128544	7.928210	5.999233	4.747613	2.558708	11.570228	7.507622	4.357061	5.366796	10.565003	3.438961	9.876215	9.495860	6.069242
6.605422	8.509522	8.913577	8.010299	3.583343	8.656478	4.164797	11.455354	4.608543	5.058644	3.929216	10.443769	5.015588	4.181554	3.651416	4.168352	4.754730	3.245774	2.776843	10.853722	4.399836	0.000000	8.078191	10.479195	8.085138	8.545165	7.378959	10.875132	4.491672	11.357118	5.590160	9.302213	10.455935	5.245449	10.671518	11.594907	3.948875	2.413996	8.023694	5.072597	6.498308	3.266497	9.358857	7.120193	8.184133	3.234191	2.967316	3.526451	4.329351	7.901409	3.185527	11.042893	2.688750	2.978432	4.037433	7.807137	11.297374	5.407926	3.633575	10.452392	11.147386	4.794347	9.820177	8.028669	3.258164	10.894277	8.784106	6.417294	11.621218	4.648824	10.023009	3.813052	5.873463	7.337370	8.167693	11.431551	4.718591	5.155550	2.697704	5.662530	3.407927	3.652797
6.370584	5.755412	8.606887	4.910222	10.831882	5.537806	8.781544	10.593385	9.540294	6.511064	4.405936	6.861443	2.403606	3.061663	7.059881	3.112482	11.452637	4.969495	9.330395	2.870573	5.939499	5.790820	0.000000	3.891518	7.627807	5.169804	2.951558	8.779424	7.980796	8.086028	10.959654	9.893943	5.328335	4.761579	7.373751	4.413274	2.411590	4.641133	7.301456	10.493157	6.486649	5.125264	3.966247	5.449911	9.291705	8.419467	10.087990	10.020049	6.577064	8.468199	5.581425	8.013826	7.568732	10.756571	10.759273	11.499245	8.060208	7.462294	2.613007	7.223820	3.665182	8.948531	2.569891	3.841790	5.834589	5.920657	10.486472	3.386706	10.831297	9.282938	6.098909	2.398079	10.763531	5.382138	3.177580	7.358175	9.434071	6.502132	10.714164	7.943546	7.963554	8.465524
11.653577	6.820686	6.788361	3.783933	4.363791	3.606531	3.711692	7.930608	5.480408	4.411992	10.048085	5.189618	5.573686	8.164791	3.436783	2.760937	6.710582	3.926330	8.172434	7.157708	3.554153	3.716773	11.295368	0.000000	6.380437	5.910048	10.058369	5.020279	4.783369	11.544244	5.707643	3.556564	9.328097	2.994939	2.784675	2.982876	5.535658	7.222523	7.022261	7.023310	7.684507	4.248868	3.099480	8.164439	4.995710	9.467763	6.392657	10.150864	9.249407	10.280749	4.360578	3.520824	5.931120	3.001037	4.689160	11.061309	3.518019	7.165418	4.190372	5.122729	6.715935	8.576510	9.454670	2.761313	7.673930	5.758213	11.660772	4.183842	4.845243	11.491180	5.739538	4.259144	2.807604	8.467463	6.831300	10.792391	6.793887	6.090364	10.347445	10.076620	5.451850	3.093019
9.435774	7.234517	9.077363	11.343471	3.361979	6.137658	11.191386	2.497380	8.666544	4.328140	4.262226	5.775254	10.117545	11.652259	5.303860	7.985071	7.536966	7.663092	5.539410	9.015530	9.599331	11.423709	5.710805	10.309063	0.000000	4.681768	8.305558	5.127234	7.552022	10.580311	11.663613	2.468700	11.661023	9.574533	3.966459	8.319380	5.032500	7.449536	6.002645	11.141617	7.274552	9.870303	7.550561	11.247887	4.340151	2.511984	11.454487	9.215888	4.182396	4.254371	3.520078	3.398371	10.101454	11.520964	10.469907	10.892880	4.479620	9.806346	10.137513	2.890297	8.575205	10.778217	2.462609	6.389988	9.787834	3.208783	3.073743	8.884213	10.693821	5.106405	5.087855	5.416900	2.555509	9.987849	6.518209	10.671994	9.648823	8.485090	11.312767	8.303922	2.437610	5.432004
9.618886	11.269639	9.388774	3.963120	9.819328	9.109818	11.215992	5.591546	5.100438	10.756014	4.434304	7.124142	6.912519	5.812609	6.359001	10.476272	6.344008	3.642292	7.262252	3.415535	6.423624	2.630255	7.560488	4.645389	4.890588	0.000000	11.188358	4.628457	2.595745	3.381367	8.678298	10.392010	5.765771	9.598474	7.021779	5.759707	5.779276	5.920190	10.549573	8.990315	6.410950	8.127285	9.751803	9.849566	7.019756	5.049791	5.600786	9.703777	8.391817	3.820737	6.855686	9.139998	10.464450	4.233764	6.097701	4.407723	3.551339	6.519645	8.151213	4.052583	10.746351	4.630338	11.232452	4.530416	7.917982	6.722906	5.083078	6.956851	11.593808	8.407097	10.007362	11.654616	4.764907	3.378242	8.216294	4.821784	7.981085	9.408169	6.964218	2.348204	5.976248	6.815067
3.418408	9.607927	4.340880	9.818673	10.677407	11.482115	11.614636	8.835271	4.481263	5.145220	7.934483	6.710769	4.409830	3.884663	5.598498	9.717214	10.263539	7.421158	5.410436	3.961501	2.566083	7.470325	10.256384	11.039331	6.728955	3.729786	0.000000	6.385826	7.403563	5.129015	3.136912	4.740800	11.453607	10.402448	5.776571	9.896846	10.005401	5.876312	5.526963	5.877827	8.232430	3.393206	10.395168	3.580059	10.867074	6.130398	8.587901	7.639751	10.282002	7.818246	5.718184	4.790040	5.375592	10.392234	4.112295	3.823744	4.712870	7.991317	3.667124	5.034248	10.856774	11.449496	3.358989	9.980896	3.551733	6.177640	8.919781	6.180874	6.729935	7.096429	10.599548	5.967017	6.468584	10.035417	5.657922	3.432861	10.173312	6.648227	10.288103	2.986411	10.689601	3.877274
3.862067	4.331947	10.704205	5.160347	7.871886	8.812480	5.531384	3.853831	10.081170	7.818087	6.551260	2.823207	9.890633	5.050150	2.627628	8.464919	9.146126	6.531893	9.352521	3.380917	6.569267	3.814127	2.970708	9.189263	5.164132	5.042408	6.359061	0.000000	10.368876	8.255270	11.265487	9.373940	9.397031	7.871261	4.166795	9.347726	6.971023	4.624495	10.411366	8.161113	8.539910	11.225676	8.718473	6.382631	5.692277	5.356812	10.915889	11.131636	2.387437	7.069113	11.483539	7.111265	10.312198	9.099177	6.263300	3.408995	5.654355	3.850592	5.174399	9.278375	8.029384	4.640745	5.276565	10.513180	5.531235	10.943592	8.687083	6.333558	4.555043	4.317228	5.605656	3.295333	11.620117	2.507427	2.545223	8.190370	6.502038	2.941055	3.139244	10.184831	11.050497	10.505470
6.855137	11.060755	7.120444	10.782100	6.690311	7.437753	4.179948	4.829689	3.795027	9.885080	4.214878	8.156860	7.812713	10.000049	9.918858	9.231991	10.527484	4.318264	4.147826	8.886699	6.409680	10.195312	6.319408	6.242229	9.537812	5.826674	2.351971	8.460064	0.000000	3.295213	7.400685	10.769977	11.294332	8.668233	8.535638	4.774956	10.397611	11.293438	7.072499	4.200970	4.886983	5.065427	5.815442	8.464917	10.341501	11.065277	5.577548	3.964935	10.394014	8.865175	5.666790	8.624361	8.486308	4.969792	6.734828	3.575637	4.834892	2.725015	5.374784	9.403377	5.852070	8.779231	2.800179	4.434749	7.153725	6.646175	3.460418	7.318346	10.697239	9.040435	6.404407	11.320653	4.144109	3.662322	5.860342	4.700559	5.920284	3.478693	10.399143	9.436265	11.055840	4.783989
10.228735	6.578283	9.536833	10.897485	4.682329	9.024092	10.424076	6.831149	7.434063	7.298859	6.818056	10.328241	8.572380	11.163769	4.147575	6.550831	10.176586	6.111209	10.740038	8.894718	5.186321	11.071082	4.224854	10.613029	11.186110	6.447862	4.084860	7.529567	9.961120	0.000000	7.990036	11.286746	6.192855	6.280632	7.385541	7.021336	7.314975	3.148335	9.598997	3.352406	4.630795	9.126045	7.292456	5.883686	6.475106	3.420289	5.946268	10.642655	4.182146	2.830101	3.714202	10.357094	10.628591	3.841791	8.650865	5.635522	8.523065	3.262578	5.740110	10.556040	6.457693	8.905072	4.610360	9.610255	2.975233	10.586276	7.533846	10.043307	8.053944	6.502839	7.472109	6.627478	10.353797	10.966610	6.434172	4.493241	4.730382	8.667538	11.308736	5.196185	11.559929	8.348895
6.802912	2.602365	7.111794	10.401606	4.259276	11.528179	9.016974	4.161312	10.007152	6.592923	7.649102	3.510608	9.092494	6.105258	7.499314	3.975253	7.766340	2.347572	8.203853	5.994970	7.817958	9.620853	7.274324	7.179580	6.352835	8.976395	9.155597	4.661835	11.177347	5.210506	0.000000	4.047100	7.068852	3.988332	10.125300	6.776765	10.770225	5.819414	6.184126	9.342446	7.321671	5.013240	7.286164	6.196180	7.903501	3.615937	7.247664	11.270886	8.831538	11.589814	10.373053	10.388253	11.371535	8.595686	11.287712	4.673785	10.492913	10.085446	11.643630	10.096993	7.660010	7.363284	7.970775	7.296697	10.214986	3.180031	8.366506	8.134258	6.215657	7.022171	10.329051	4.309857	6.105220	7.022126	8.163649	3.569144	3.414918	8.611258	5.395984	5.333583	4.633068	4.489345
11.629479	3.061525	3.007690	8.791888	10.082427	8.448469	11.056915	3.224391	10.204469	7.904250	7.223450	2.690897	10.655678	10.909632	9.004392	4.426833	4.978813	7.131637	9.884185	6.350657	8.533195	7.972368	10.961736	11.331032	3.171829	6.657743	9.715975	11.334736	11.353119	7.311654	9.861815	0.000000	7.707399	7.283746	10.195187	4.544671	6.001682	7.856493	5.831045	4.648604	3.635195	7.138252	8.483629	11.382229	3.403494	8.628284	10.465517	4.507838	9.498897	3.320116	2.448102	3.396554	8.563818	3.166548	5.780164	10.648113	2.898170	3.165781	5.428558	10.041382	7.835016	10.897757	5.780924	8.615053	6.618145	8.486570	6.607578	3.297685	7.115473	9.816051	8.794575	5.242498	11.030727	4.362690	6.582042	10.240948	9.919251	6.761757	7.810581	11.593965	2.651086	7.239984
11.317654	4.929228	11.020630	5.613461	7.445757	9.170760	3.241223	10.119628	5.828805	8.990050	3.483815	10.329532	9.009035	10.120656	9.593325	3.505446	6.124477	7.266004	6.777600	5.359100	6.379485	3.396247	11.390408	10.863120	10.500298	5.223360	10.064258	7.165728	6.069873	11.381818	2.575808	8.688745	0.000000	10.986845	3.422912	2.496260	4.979325	8.191560	6.602025	5.046223	10.969637	7.505446	6.897377	4.034341	6.908246	2.660771	10.165734	3.174358	10.426139	9.594190	2.607251	9.274213	3.847259	8.801876	2.780375	7.130775	4.414640	9.635145	8.151505	3.472731	3.526731	9.314830	9.069302	3.527199	4.018832	11.340594	3.919953	5.393696	9.614597	4.821236	2.646051	2.870016	6.435085	10.459852	8.589031	10.874568	5.255374	3.786119	6.646622	11.302981	10.652955	5.886893
5.684925	11.165316	10.828298	5.574155	7.881141	6.197300	4.624363	8.134468	3.939790	6.335224	6.041925	8.860656	4.090329	3.876178	11.281459	6.812596	2.649994	11.634124	7.725539	5.753506	3.384069	10.881166	11.601062	11.556625	8.028037	8.117967	10.279619	10.618598	4.716647	10.767652	10.860428	7.566285	3.891946	0.000000	4.105493	3.082133	5.202524	4.077238	6.398071	5.958990	6.988254	8.942483	11.234105	2.685842	4.398652	5.103623	3.473507	7.501401	6.027244	5.402956	11.433920	11.189419	5.724340	7.329334	8.347642	10.986970	3.071262	5.630165	10.181076	10.230916	4.307744	10.622899	11.600929	7.078082	7.909888	6.756267	7.511300	8.715282	3.537416	6.965775	9.466871	9.312943	2.343922	3.637092	8.780420	7.158786	3.991308	11.327956	3.359651	3.022845	6.093013	5.257450
2.760490	9.511235	5.046786	5.850458	9.542427	8.542329	9.935231	6.637066	9.253038	8.748814	3.729831	10.262456	6.510603	5.807679	7.511045	9.331369	7.759064	5.748993	5.166039	10.050843	8.711865	3.152680	3.736428	3.354538	3.221878	8.737138	10.305198	9.561943	10.210157	3.957040	7.661722	8.396914	4.803759	3.864443	0.000000	6.688357	11.168619	9.366671	8.267646	7.512241	10.500911	7.455714	8.964360	8.196626	4.509495	10.685993	10.017012	10.880887	5.204601	4.582457	11.113116	10.341918	5.137205	2.854065	8.078634	9.727166	3.998328	3.381552	10.422248	8.389081	3.225918	4.250530	9.001237	9.949736	7.807051	4.600575	3.774817	9.307917	9.441197	7.266571	6.852027	6.906181	5.495704	3.166469	3.480411	9.246034	10.445335	11.393363	8.280999	2.767764	6.954086	4.174467
5.800264	11.167894	3.668220	7.647111	7.437249	4.417812	7.804300	6.610404	6.282270	9.029866	5.155524	3.505732	4.903703	10.746682	11.052383	8.738482	4.225435	4.612178	9.738427	5.425763	11.192047	8.871387	5.267344	6.337308	8.997894	10.966916	3.963744	9.904211	6.080235	4.581554	11.553813	9.823313	7.798461	3.352900	4.648850	0.000000	9.965701	10.824034	4.634316	8.450483	4.310830	6.628660	3.532579	9.252845	7.674514	9.821940	5.802708	4.335397	8.879596	5.129204	5.671619	5.680704	11.438927	7.254859	9.176540	7.061535	8.400417	10.955759	2.913925	7.545662	4.389356	9.012861	6.715601	7.798219	11.407117	8.880982	10.060736	10.606351	4.262119	9.781869	4.878917	10.418759	3.947433	9.532396	8.162270	8.944761	6.656805	10.882153	2.705930	10.235482	9.152862	6.185777
10.264888	9.222384	4.570172	11.116900	11.026630	11.197105	7.956859	6.275641	6.552564	8.441440	10.242619	4.982968	8.910371	3.582720	8.243706	3.575104	2.535336	7.958685	10.679887	10.851315	9.168981	2.357368	4.909499	10.702211	4.156670	5.967627	9.878832	2.899187	10.656908	3.099499	2.815210	9.773071	3.493386	5.916421	9.857610	3.138192	0.000000	2.597863	7.674751	9.517730	6.829383	2.429024	6.786208	2.446044	4.010351	7.295144	3.152744	10.020432	7.830332	4.891439	4.544351	3.183995	8.619530	6.613936	9.226977	9.538648	11.480538	7.636738	10.780178	9.958405	4.836591	2.439566	11.285982	5.471791	7.904169	10.070961	10.092528	10.265583	5.832968	7.529015	2.627873	8.822054	3.444286	7.205965	4.374411	11.265716	2.576588	6.281133	10.499591	11.038120	8.724414	3.338731
5.727279	6.986368	6.743825	2.724459	9.945199	4.862970	8.972639	9.053107	7.145032	8.335588	6.472752	5.246236	9.333451	2.624212	7.674908	6.242171	7.102876	11.313383	2.501166	10.499783	3.369081	9.564898	4.428746	5.131356	7.338579	2.379871	6.604204	8.638150	7.083445	6.129600	6.870817	10.415367	7.842767	6.094698	10.746638	5.925594	7.589771	0.000000	4.686342	10.521630	11.673656	10.612376	4.138829	3.213332	7.633049	3.892781	9.937232	5.812341	11.489520	3.076935	7.652211	6.920360	6.659389	6.036697	2.578020	2.423358	6.756318	6.194939	8.348863	4.281073	6.896570	7.933173	9.862412	9.440314	11.274442	4.961442	11.187345	9.793568	2.566075	8.308792	11.458784	2.424803	4.751914	8.719904	9.844938	8.988453	9.116280	8.593978	9.024563	3.339347	8.989604	5.019093
3.344063	7.919750	9.610525	7.483971	9.683959	6.939494	10.963145	10.727579	7.360173	3.177009	6.165653	8.297779	7.384416	6.147831	6.882683	4.550481	10.125603	3.891113	10.307652	3.224151	7.908252	11.246220	4.722891	7.376603	4.252581	2.437123	5.994556	8.090144	8.994167	4.446553	9.869494	3.316261	7.659502	10.727468	6.297891	8.868826	9.217558	9.440439	0.000000	8.575475	9.267403	8.191564	6.554139	3.055772	9.521252	9.889886	7.333396	10.531930	7.437137	11.586200	4.464516	9.799567	8.725614	10.592210	9.788166	6.611683	5.875618	4.765419	3.177379	8.920012	2.778575	4.323474	5.612526	5.004099	7.589739	6.918277	6.197193	5.889795	4.094261	10.903819	9.872225	3.915775	8.469947	6.728843	6.921202	7.338884	2.637673	4.526656	6.096789	7.501289	11.349942	9.693406
7.082369	3.633951	2.472487	10.191664	7.832195	10.443334	3.312371	9.717845	2.467583	7.962377	9.061548	3.639690	9.257101	11.463420	6.217451	8.290258	6.219289	6.605343	2.571484	4.025657	10.191798	7.486871	8.320625	10.423773	6.787581	4.157450	8.785426	4.689589	9.678955	7.981334	7.205124	3.392475	9.257308	10.358950	4.788172	8.138416	5.344348	6.862451	4.950787	0.000000	2.619966	9.411653	5.302202	3.894751	9.449103	8.364287	9.946346	7.600527	8.331318	8.939215	4.290651	3.691290	6.053142	5.734873	2.843605	3.621145	2.739486	9.726237	9.770766	7.737034	4.170120	2.884114	10.200251	7.626973	2.944799	5.031849	7.561350	11.489276	7.717593	6.614955	2.641277	8.796520	5.260934	3.112066	3.492375	7.854432	8.251377	6.054077	8.362077	9.474833	10.442028	2.467790
3.586597	9.380031	5.713231	9.641803	3.048587	2.375001	5.607013	4.872005	7.645004	4.907797	3.637249	5.136039	10.017167	8.547505	3.792579	2.475735	8.276901	3.338038	9.989612	9.743516	2.581808	4.128156	11.509646	8.104743	2.893979	5.760109	4.936635	5.246913	5.294075	8.058597	7.460895	5.316984	9.332995	6.607335	3.930278	7.204156	10.056496	4.276672	6.348992	10.746717	0.000000	9.531424	10.750321	7.272807	3.293129	11.472529	5.297917	3.681814	4.424765	10.018734	11.237992	8.751474	6.921083	8.245083	8.077704	7.879046	7.600541	11.636159	3.822013	10.806791	5.078866	7.269126	11.510960	5.540947	4.274264	3.589996	10.889231	11.576917	3.212733	3.496145	9.527085	3.639013	8.278701	7.840037	4.593689	10.907788	3.628700	6.116811	4.509523	3.629137	9.774991	2.803960
6.424022	6.686065	8.346779	8.821611	7.258286	6.194174	4.802557	5.913868	3.256951	9.559009	11.648605	6.300868	6.585764	6.916979	9.716810	10.771182	10.142999	11.414568	11.294740	9.731762	8.212965	5.171228	6.506986	2.871479	10.998248	9.131423	4.021156	6.840816	3.067233	7.509924	5.655405	11.378586	5.169656	5.690565	6.597811	11.546534	4.918640	4.717641	2.768003	10.559096	4.272984	0.000000	2.669441	4.253868	3.346351	6.950393	7.638910	2.813983	10.011936	7.692300	4.351799	3.330154	6.374323	6.815007	9.906013	6.190616	7.577430	3.569323	8.779176	11.379745	7.537770	4.380549	7.992063	4.114114	7.819099	11.219782	6.316746	11.418004	9.820214	8.899447	7.843619	5.259410	6.752879	8.730735	8.529599	8.021453	8.321635	10.189857	3.022140	10.552958	4.226755	3.492822
3.528894	3.041925	4.858615	9.097415	9.682859	8.794249	7.262926	2.834448	7.930945	7.914221	11.673479	10.263048	7.034412	8.852422	4.021132	6.309587	2.528406	2.693771	6.693063	10.876185	7.915855	9.579737	3.317009	2.533145	11.102647	4.636174	8.845230	3.605411	7.280415	6.649515	9.683351	11.390059	6.629526	5.111085	9.749124	11.303901	3.878855	7.670148	3.134783	8.224268	7.027670	3.741760	0.000000	8.866795	2.564645	5.817812	8.766840	6.570811	7.508356	2.447147	2.842040	2.658303	11.031024	11.436584	6.070001	10.424816	7.527572	8.211991	4.333177	9.581622	4.867873	7.094869	7.517634	7.911081	9.184494	2.783026	7.762486	9.396302	11.493640	8.474847	3.136137	6.381511	4.466679	8.811731	2.503222	5.220708	9.760644	7.454869	3.424524	5.611395	11.426166	4.632903
3.269518	7.126635	3.845392	7.246394	10.166363	9.481712	10.242964	8.130354	8.927802	3.128105	8.817051	2.536718	10.737472	6.507113	6.843323	6.165520	10.022908	8.589099	9.054095	5.555315	6.520915	7.939550	8.406333	7.859660	2.343833	7.463066	7.125376	7.325985	3.955159	5.592837	10.413373	10.926556	3.857836	10.381018	6.459630	5.336275	9.921417	9.823909	8.512494	4.163107	4.701181	2.934881	11.225132	0.000000	7.216415	6.286546	8.884537	9.397635	9.759220	4.184735	5.730425	8.601624	3.862649	5.125469	5.000961	6.875105	6.345258	10.682052	3.793678	7.578625	8.084991	9.906042	10.454067	5.693392	2.833620	7.728272	2.365339	7.465155	2.859609	3.388660	3.269507	4.586846	2.726310	7.872190	7.806401	7.008186	4.517172	3.380556	2.343950	6.815130	5.592728	3.550362
4.183637	9.166759	3.591516	3.433434	4.645316	8.657340	3.256845	10.247728	5.063266	4.126476	6.437759	3.994576	3.227605	5.836854	4.662018	11.130938	9.764194	5.679288	4.890890	5.432935	5.747586	7.203196	11.004201	10.513668	6.077525	9.926324	11.514749	6.799459	9.741332	6.802421	5.808229	3.786294	5.428415	11.149319	3.472163	3.521821	8.685598	9.243810	2.654402	10.365498	8.477671	8.300086	6.423686	11.136505	0.000000	5.373464	7.290531	5.055980	9.691244	7.290585	2.861045	8.526036	9.142906	8.970053	9.529440	4.584867	6.084275	3.698047	8.888264	11.582236	10.224451	2.840627	8.302949	5.332527	7.452303	7.898507	6.966969	7.299640	6.830910	4.131758	2.808085	3.425135	9.188217	4.622959	9.550512	2.501121	2.648581	11.251682	6.893118	10.668467	3.787328	4.719662
10.702788	5.575647	4.846499	7.345837	7.440348	7.680291	8.537621	4.091782	10.957258	3.293411	8.965364	9.879783	2.443518	9.637396	9.041695	2.639696	6.522052	5.518711	7.369828	5.413014	8.360350	3.777863	10.808678	5.336385	2.835181	9.985788	4.322005	4.791535	10.501555	4.304764	7.606917	2.685649	4.242024	4.660899	5.288312	11.001434	6.677009	8.419769	9.304342	9.796111	5.211742	9.421939	7.642721	9.538851	9.245983	0.000000	9.855719	5.924846	11.007373	7.676357	10.105829	7.253947	9.125773	11.529380	9.923364	8.872677	6.538634	3.991221	3.507331	11.433990	9.479603	4.785248	5.956311	10.122584	8.923854	10.642428	9.765035	6.282467	3.122633	4.333997	7.599644	3.525648	8.801049	4.229268	9.929043	11.466058	2.551672	5.771622	3.822013	11.523594	7.889944	3.075556
11.550717	10.591944	4.060236	11.520124	10.141122	9.760453	9.863259	10.631123	9.070709	2.933666	2.732651	9.743639	3.787242	9.470031	6.786900	5.879173	4.308291	3.060014	2.416435	8.292764	3.563479	6.659288	4.783208	5.406098	9.260097	3.070870	6.630434	4.927646	6.732443	5.879564	2.796266	9.672635	5.722831	2.558067	9.554741	6.441508	3.048979	5.450642	11.475730	6.129106	7.310157	2.562301	3.237303	5.609363	2.683877	10.459871	0.000000	3.642034	4.120523	2.435934	7.568838	10.420707	4.715403	4.107498	5.246058	7.511875	9.771098	6.549751	7.049910	10.858662	9.263382	6.432543	2.561175	9.747623	5.660349	10.522427	5.107426	8.164777	10.031360	6.180621	4.229979	2.720289	9.348896	4.182226	10.346841	5.038043	7.515020	2.934406	5.239388	5.244080	2.754088	4.886329
6.410711	11.275613	5.750558	9.003468	5.955309	8.504710	4.400871	9.220489	5.558670	3.587888	2.785132	5.086296	2.749212	8.553173	8.259168	4.675980	9.302093	10.007291	9.872255	4.699025	11.143652	2.568083	9.803607	5.215551	8.123633	8.865391	8.688719	10.737067	8.906236	6.326050	2.976659	6.907026	4.749468	11.647353	9.290169	11.489505	10.900376	5.218166	11.440700	9.892186	5.456783	3.051345	4.089863	7.764217	3.943314	2.867654	8.509676	0.000000	5.400770	3.544475	9.398006	8.436555	6.479835	8.536279	5.653264	6.411088	11.478017	7.141901	8.041210	5.749434	5.104668	4.115726	3.814411	7.064728	5.985353	8.512671	2.762124	6.726838	3.381161	7.006975	9.373109	2.817693	3.725362	8.081798	6.328543	10.627617	11.093611	4.545522	2.398717	4.574902	7.778892	2.553729
5.863261	10.071573	6.386577	8.290322	3.449907	4.871347	6.596523	11.027124	8.667822	9.828661	6.322501	5.597522	7.308162	7.922972	8.557705	3.594947	3.798990	6.693000	9.623250	6.959575	7.597926	8.839954	5.654542	9.190405	6.456389	7.909948	4.855911	11.614415	6.062748	11.602025	9.479532	8.468732	5.253645	9.974565	9.896004	8.810167	8.068390	7.123676	10.356373	10.419346	10.897467	6.909828	5.373432	8.422024	8.767089	2.880436	2.743971	8.740923	0.000000	4.110150	8.241781	9.473738	7.909096	5.694781	5.404433	9.649719	4.755658	2.410569	5.156692	7.584979	7.276839	8.576945	11.232545	8.713405	4.478909	5.730356	7.538789	11.591214	8.599835	5.488524	10.163793	7.266832	4.179981	10.380089	8.250985	6.603581	10.775264	11.486933	5.856379	5.049826	4.463399	5.704267
2.471847	10.475851	5.953204	6.872774	10.998959	6.967152	5.323377	7.884215	9.830679	2.991619	9.629891	9.376671	4.086112	7.927430	6.270680	7.599946	5.548057	4.336564	7.709041	4.368630	9.942300	6.635224	10.862355	6.860928	9.409119	7.216751	7.234534	2.962459	9.042633	8.051611	10.618979	8.323614	7.649600	3.425186	9.387525	3.991668	3.067111	3.020292	8.347783	6.365509	9.232893	5.298121	6.624134	7.717993	7.439270	7.594762	9.357972	4.061509	9.343182	0.000000	8.530019	11.230272	4.330182	11.500011	8.624192	11.342426	10.829676	7.640663	8.579901	6.473412	9.336139	5.796358	2.546820	7.911580	7.757475	7.167671	6.372343	7.286360	5.037800	10.994839	5.552531	9.745887	4.468771	6.764271	5.268032	7.758021	7.585726	9.266582	4.077636	5.944200	11.466774	9.050096
6.400009	9.200178	4.918008	6.435898	7.296774	11.140313	7.361505	8.065114	8.988588	6.023411	11.052297	10.593173	2.929276	5.720251	4.545916	2.493747	9.819338	6.713374	11.311833	10.826825	4.520656	10.892501	5.521233	8.745415	2.647359	4.960645	5.782189	7.741751	11.642598	5.385053	10.600493	4.504692	10.084209	7.230761	8.073279	10.984204	8.388305	9.431850	7.632958	4.922788	5.996259	6.273634	9.293783	5.048448	8.670814	7.385734	6.133794	10.215000	10.212724	6.040688	0.000000	8.376855	8.072688	11.445132	6.589498	4.230693	10.617316	4.679859	3.682175	9.093061	5.680239	4.496370	7.909896	5.064500	5.899264	3.164485	10.262191	7.877404	9.900648	6.797272	4.641848	3.302746	2.944716	3.762526	7.585528	2.504126	7.836992	7.228862	7.153974	7.091797	4.448575	3.871822
8.996174	2.609694	10.980343	8.523084	6.618015	8.031227	4.084392	7.487631	2.882911	5.741121	10.735261	9.851854	10.099014	3.378108	7.886842	11.361138	7.465597	9.091101	3.418688	9.958516	6.724203	8.116318	5.852849	7.599895	3.664108	6.011421	9.852632	10.216226	4.210832	3.763126	9.520180	9.059653	3.292488	6.231942	5.447044	6.989503	8.141071	8.600707	10.070327	2.463896	5.688347	11.277144	9.797002	7.759845	8.034136	10.036386	3.958030	7.381692	3.341765	10.029486	7.193957	0.000000	2.810349	9.375089	11.488933	3.794682	6.478851	5.022909	7.800811	7.214379	4.836594	5.122795	2.959560	7.077265	3.861364	7.031903	4.523187	7.434480	8.959927	10.269843	2.727273	4.234945	6.065029	10.730599	9.251529	6.404538	4.429866	2.536211	3.740060	6.872357	10.981479	6.844063
4.341266	10.687985	3.230417	11.247322	7.195981	6.303352	11.582311	4.019458	11.042099	2.442180	6.017834	9.649009	10.029065	10.721588	4.120008	3.022063	8.967015	7.716779	3.351023	10.237973	5.898255	8.761011	9.266482	5.893162	7.376783	3.950157	9.916333	4.077543	6.404242	9.956543	6.078018	7.461373	3.992437	4.408167	5.856429	8.068806	3.274855	5.514033	7.745901	3.406718	11.427621	7.092504	5.723912	4.377545	6.857778	7.076674	2.756032	11.411373	5.921827	5.965211	2.913719	7.441762	0.000000	4.548208	4.576096	4.225410	9.061613	10.260834	4.717020	3.346184	7.597963	7.908853	9.704029	7.340593	7.047271	9.387105	6.019091	7.875808	3.134684	4.939252	5.300498	8.842909	9.068512	10.674218	6.379352	4.457501	8.833767	8.687855	7.587919	6.786621	9.135795	10.635108
7.949844	9.743196	3.940039	3.561982	4.680058	4.264112	8.910731	4.885073	5.749193	4.208673	10.915876	10.782055	9.458431	3.974531	3.357870	8.980550	10.669182	3.115082	3.626543	7.205317	7.895367	8.187259	9.004811	10.138023	10.070599	5.613095	4.740195	6.509436	11.107504	10.206286	2.340942	10.023109	10.419377	10.115105	4.673096	5.023118	4.461147	4.489475	5.869372	6.381234	10.797439	3.259965	6.238465	9.671120	7.337565	9.868216	9.068804	8.822337	7.746515	5.416843	3.035470	9.918634	5.271833	0.000000	10.420647	3.181411	9.541036	10.652699	10.959063	7.172800	10.112504	9.323439	2.552753	4.301597	3.380382	10.118051	4.173182	4.520289	5.170558	5.105185	7.845863	5.368799	8.790577	10.133604	7.340291	7.066864	9.016982	8.458234	2.723761	5.794208	4.928660	4.220258
3.433400	4.235412	5.516156	6.445833	2.888054	3.387897	4.659818	9.436677	6.143777	7.955831	7.256158	5.945022	8.613622	6.338595	9.000653	3.413113	10.814696	7.762473	8.767917	2.365671	9.265857	5.849718	7.789365	4.951963	11.067341	3.935921	11.184386	10.506719	5.793004	4.325533	4.505294	9.259546	6.104462	9.459129	6.402174	9.814317	10.428257	11.286561	4.427062	9.910099	7.942399	11.451736	8.459288	11.182505	6.728609	5.685174	10.285574	6.378846	9.957576	2.735603	6.962545	2.880764	10.545295	8.141016	0.000000	11.406948	11.088717	10.809958	9.876612	3.304412	3.374415	9.639233	9.508150	8.484232	5.402288	6.380258	10.240486	11.147359	10.448912	8.339145	6.624087	10.493557	3.525307	10.150567	10.815170	4.757579	9.337841	11.278287	7.903646	4.041775	2.679032	9.083564
9.720847	10.603702	7.124285	8.154163	6.862662	4.411869	8.851796	3.749435	4.703256	4.369954	5.679682	5.624674	2.992963	7.221993	5.851585	7.665818	3.941046	6.239792	4.202737	10.400111	5.508633	10.567123	6.500294	7.007463	8.131271	4.149105	4.938923	3.850142	6.424295	6.571536	8.475501	8.620671	3.202924	3.481767	8.747637	5.111279	10.333661	4.736704	4.516642	4.251572	9.251338	2.881126	5.739460	6.396468	11.526845	10.427734	10.650751	2.855678	3.815987	8.409983	7.626532	8.153952	8.816993	5.533338	7.262551	0.000000	5.566292	8.077517	5.763739	9.306099	7.950381	10.754259	2.892935	10.383063	10.380689	9.330488	9.493865	8.090384	11.292695	8.849892	3.668283	8.904039	2.616980	8.325676	4.721629	7.527963	7.905507	7.039676	4.182507	8.449941	8.177906	8.445542
11.418975	8.772644	4.727122	9.663964	10.543582	7.993349	8.170503	7.237072	11.315566	9.250975	10.819778	8.369700	9.074444	8.805351	10.350082	11.081152	6.044580	9.504583	3.254296	6.862075	5.307665	4.621670	4.908985	5.912098	10.059545	2.991764	3.093106	4.561213	6.611539	9.118953	10.017465	6.405844	3.802908	4.064411	9.090577	10.666901	7.469384	10.440850	9.536083	8.233742	9.169784	10.205967	3.107734	6.004673	7.511031	6.151805	7.200138	2.886771	7.853710	8.259917	11.467313	6.175338	6.655452	10.543941	8.415849	3.446060	0.000000	8.479509	9.375091	3.546428	9.092198	5.713499	4.846075	5.015429	3.730043	11.624453	8.079591	5.247477	7.150236	10.526592	7.989213	2.829681	7.226701	5.202969	6.111298	3.106488	6.057556	7.008397	9.780294	3.312920	9.454663	10.091317
10.730532	11.356047	6.724604	5.026590	2.358045	5.102523	5.324674	7.429514	9.301306	7.605063	4.690675	3.904214	8.295853	9.700172	10.822035	2.503998	5.358530	3.487725	7.796913	4.597768	3.793703	10.735451	2.756093	4.406060	8.510269	5.948536	8.271357	10.341412	4.262940	9.201590	6.705346	7.147828	10.520947	9.761550	10.283134	5.451921	7.157474	8.117080	2.867520	7.728695	8.684431	11.034391	6.875817	9.825196	9.940217	11.127960	8.907718	5.893144	10.633635	7.239995	5.021979	2.666413	5.296263	11.482264	10.641926	5.601308	3.996361	0.000000	2.527590	3.093109	11.031650	7.700984	6.614099	5.282614	6.317642	2.511040	7.981473	6.398863	8.894558	8.076629	5.089813	7.480438	2.629776	4.296646	7.690548	9.290470	5.821294	4.269598	11.171960	5.828232	3.260982	7.120280
10.883552	9.139911	2.443444	9.180198	8.090012	5.142254	9.679565	5.184357	3.287819	9.671633	10.174754	2.914050	4.595082	11.374297	8.292983	3.161288	4.951879	8.335665	6.906076	11.065967	6.636371	4.869145	4.756442	5.465069	9.160924	2.716859	9.704780	8.793542	10.135824	9.771072	4.636176	6.911119	6.555262	5.210520	5.007300	5.749152	8.410175	10.432899	5.843485	10.200782	3.149500	2.548702	8.062058	2.442127	11.617250	3.799873	3.200382	3.503452	6.389147	8.423409	5.670481	9.866896	4.356294	11.089447	5.453633	8.120701	2.816968	11.160801	0.000000	9.600359	4.907249	8.849364	2.941977	11.533532	7.333287	7.381154	10.898625	9.372194	2.981987	11.290585	4.759479	3.240832	10.263336	2.585679	8.472135	2.342788	8.088974	11.125267	7.761493	11.356321	7.483186	2.443453
6.482302	10.286498	2.802641	4.133109	3.205635	3.318752	8.922207	4.559296	5.411773	7.324934	7.785555	10.397405	4.275671	11.387884	4.975425	9.900743	7.249819	10.235571	2.479010	9.538624	4.535549	7.539673	9.295923	3.380375	7.326304	10.945273	9.497148	5.314556	3.203728	6.162872	5.960226	8.381604	7.253235	9.992508	8.040226	10.435191	2.538404	7.875564	6.313288	2.722485	3.959200	10.658567	10.387413	4.614840	10.261215	7.954062	9.077504	8.413158	8.850474	3.947496	8.452752	7.885003	7.877900	10.903905	9.767760	7.900135	2.788152	7.087400	4.086288	0.000000	6.559221	2.478688	8.421371	7.659909	6.825686	8.666259	5.932271	5.046877	7.018976	11.504476	6.358228	5.738871	3.697280	9.546690	10.330977	6.443922	2.541698	11.365619	8.372951	6.219908	6.180966	3.941493
2.900027	10.799487	9.097596	6.090946	5.816288	10.886054	4.927112	7.464659	5.017384	11.438292	3.298239	2.677153	5.182499	9.302950	8.669634	6.967598	6.495692	10.130690	2.442569	11.576688	11.024905	5.009750	3.097850	9.815205	11.448282	10.252291	11.260218	10.293179	6.212428	7.610398	4.225174	3.105115	5.996443	6.322685	8.282373	10.680618	3.148890	5.836801	2.357565	5.667081	3.740989	10.399183	4.820349	8.677194	11.365501	6.445086	6.927794	6.289249	5.313624	3.007136	7.779941	6.996691	10.735553	2.725976	6.814839	4.218392	9.423178	7.886178	4.293744	6.895082	0.000000	7.279270	3.108273	3.302922	3.657771	3.439511	7.052745	10.976674	8.369951	6.026108	10.203097	9.347880	11.442306	10.963546	8.302517	11.407627	6.320898	3.684904	6.943053	9.238975	4.904032	5.201399
10.997025	6.553466	6.481956	3.296515	2.638449	5.217750	10.219986	7.408107	10.715025	7.630851	3.109313	10.852367	9.766758	9.978732	5.047627	5.985862	6.970031	5.701025	5.656936	3.809172	7.392526	10.802468	5.893484	4.061266	7.185045	10.532303	4.493191	3.211758	2.911365	11.236202	4.613737	7.916330	3.879719	6.358365	4.557673	7.226906	9.469015	4.316686	2.358131	8.068072	7.538428	10.971016	2.920007	6.725597	5.416399	8.951625	6.983449	4.436213	6.637037	5.688100	10.104676	9.490672	9.312681	8.121134	3.111064	10.682641	11.549110	4.222036	10.609557	2.939632	7.342736	0.000000	11.617428	5.971417	10.890921	5.015053	3.290830	2.571048	8.411740	2.895348	8.108127	4.941987	3.724527	5.675487	7.484455	11.286520	4.719636	9.195939	11.608589	7.162033	5.208255	5.673478
11.560170	2.845328	9.669102	6.169086	2.674010	4.157903	8.833730	9.759188	9.166349	3.455592	9.430060	3.640685	4.841729	4.578449	5.243325	8.399986	9.683508	7.038060	5.054211	3.995101	9.332664	9.137502	5.879737	6.283048	5.051641	9.179856	7.436848	9.861025	8.232281	10.052617	8.147429	3.962189	9.629990	10.913038	11.266922	3.724230	3.914403	4.501956	8.002309	10.925302	11.614751	11.099541	10.146418	9.005110	3.933807	6.711339	8.198857	3.880813	5.293066	6.304084	4.326035	5.039376	5.165507	8.733211	5.248908	5.048500	3.933545	2.753174	5.328133	3.575408	6.438976	5.948205	0.000000	5.807009	3.416978	6.208880	5.439897	4.371622	3.753327	8.945616	3.739512	7.027764	2.827373	10.837699	8.633754	8.421008	5.249289	7.332880	10.243074	7.482589	4.910737	3.542565
10.726966	9.273433	2.976912	8.772550	6.843830	10.529769	6.474942	7.335021	10.959824	5.695912	8.812065	2.775647	9.863560	4.475790	11.184521	10.592872	10.986827	5.485689	9.628353	11.033626	6.732421	10.859594	4.971746	3.025831	8.967574	9.942972	4.186431	3.486106	10.091454	6.960042	6.946653	4.106502	10.116909	10.288871	4.968614	8.383052	8.345274	8.603173	4.815049	5.988828	2.524729	4.686626	10.606465	7.495452	5.438322	6.240394	11.516758	5.430268	3.975894	7.129181	9.365459	3.270299	9.517120	6.503267	9.802405	9.835112	3.025284	9.376507	7.680449	4.055527	7.440067	3.756894	9.378105	0.000000	8.410547	3.710376	9.755266	3.689661	9.384163	5.553336	7.283273	3.117602	7.412669	11.239250	6.146142	6.926099	7.963234	3.331782	6.385645	9.982267	8.307493	4.722940
7.485830	10.904731	11.007019	10.520838	8.454578	5.441380	9.644453	8.077535	6.508215	9.017804	3.440900	10.157391	9.290308	9.563540	10.318469	7.012009	9.840378	7.757307	3.512392	9.923759	6.700840	8.997661	10.250380	8.776143	3.339540	8.436360	7.922437	4.898812	10.434090	10.899031	10.944719	4.281438	8.790606	10.952505	7.665717	3.742517	3.983804	8.937676	11.396619	6.937700	3.185416	9.139213	4.336714	3.842140	7.540760	6.284194	3.079115	10.611157	6.634813	9.729838	4.746658	5.890761	6.698872	2.890587	8.028281	10.568332	10.137418	10.887878	10.914024	4.966869	7.924013	4.414282	11.535514	7.038039	0.000000	9.899972	2.986686	8.692683	7.368966	8.582862	5.709942	5.040988	5.477693	5.833047	9.186625	3.749047	8.257280	7.027831	6.952119	10.788623	8.628761	2.886607
6.311319	9.865481	8.306703	7.524976	6.500955	3.957547	2.956950	3.562764	4.839307	6.831667	3.608707	8.935903	6.768738	10.414531	4.971808	6.739628	3.760324	3.486321	10.633298	11.605508	6.723102	9.332624	4.776094	10.511786	8.591513	9.724982	2.372243	7.627102	7.582814	7.833754	3.776236	6.596170	11.447727	8.598699	3.053418	7.112500	6.033248	11.115716	3.858270	10.623182	8.914998	9.474262	11.391421	5.975278	7.477981	9.447705	6.552366	3.861041	6.652735	2.409074	3.576955	8.027123	10.479784	2.344243	10.398573	4.470143	6.212632	9.204436	11.534483	8.769775	11.348932	10.146993	8.723318	9.274130	3.152162	0.000000	8.634862	7.598669	10.559516	4.844133	6.658463	7.746647	9.271685	3.480487	4.184141	5.166715	7.607891	6.775742	10.536391	2.854380	3.197215	7.589626
11.443922	3.794338	11.266149	2.624005	4.905822	8.410455	6.026761	10.014636	9.687465	2.532149	2.817996	7.434351	9.892525	8.825440	9.267805	9.822331	10.403066	3.786665	11.620712	4.269210	9.302581	3.927295	11.385349	4.109436	4.364132	11.516400	10.420410	10.282558	3.057445	10.622179	4.839017	7.566410	10.254044	8.274671	7.636860	4.859110	9.498014	3.220293	7.464495	10.756030	8.868992	6.462366	11.517767	7.845835	4.266408	7.302011	8.216392	2.783204	3.585919	6.173013	3.187608	7.539979	6.991471	10.793611	5.136958	10.651443	4.720682	7.796958	5.731115	9.043922	9.047934	3.230975	10.320896	3.492723	3.495842	4.869902	0.000000	4.928357	9.325179	8.891799	2.985449	8.995252	6.570550	3.446133	4.488501	3.858963	3.682105	9.809104	8.412549	8.254178	7.273102	6.936662
6.613388	10.857912	7.335050	8.356320	7.839599	4.705135	5.772920	10.644268	11.068379	7.831588	5.923129	2.537669	10.140620	5.770752	7.577778	9.455214	3.730675	11.446029	8.942079	7.265537	2.967536	11.377883	4.976444	2.909315	2.766532	7.675430	3.264754	7.067602	6.053237	9.175930	6.552245	10.213324	2.495272	3.546651	4.033160	7.176338	5.531927	6.514764	5.667527	7.896156	8.608484	3.332656	5.612481	3.564856	9.882091	9.019708	7.849060	7.687890	3.451484	10.631385	2.567972	9.499799	10.157119	6.106547	9.072661	10.121838	11.111028	4.292893	6.939041	11.110417	9.492128	11.538143	8.872452	7.062783	3.424907	11.026111	11.162048	0.000000	9.380022	3.188832	4.577423	8.956030	9.311898	5.714323	6.951705	8.381923	2.732008	5.347372	2.440827	9.272758	9.026862	5.101942
7.560514	6.099432	3.610558	10.069783	3.689511	3.830906	8.232649	8.805947	2.630881	10.123301	10.223002	7.537256	8.692040	7.618683	3.189470	4.882658	8.841231	6.462781	10.341009	4.200651	9.566141	10.315542	10.033794	6.589324	4.748165	3.927903	3.122195	4.484485	7.043954	4.390689	10.420947	10.551983	9.730514	6.942826	8.654716	2.416901	8.820190	8.222458	6.679727	10.158180	6.315090	4.922711	7.890233	7.078570	5.186249	4.014347	2.458191	10.571714	3.560991	6.133232	9.423368	9.513542	2.808199	6.681579	6.390511	3.701398	8.486824	5.747106	2.678395	10.260732	8.048331	3.889752	5.715690	8.461352	3.239821	3.554821	10.588271	4.465777	0.000000	6.661487	7.150327	3.167648	4.721962	11.340630	2.485784	6.370102	11.551419	5.118713	2.373325	8.284627	5.913079	10.007752
4.043361	7.159163	9.312456	5.933445	3.857457	11.074953	4.812092	3.782541	4.278959	3.040246	10.395204	7.872303	4.565925	5.605959	11.119792	7.302706	8.682492	8.725229	9.058727	7.981132	3.179756	5.585575	7.033339	7.087124	8.592993	7.995171	8.271380	8.668120	2.512158	5.467805	9.732241	6.097642	8.481399	8.836397	10.885317	7.840351	9.085563	4.885146	10.695546	3.544188	5.510158	7.876518	5.669513	5.839822	5.098339	6.387830	9.466145	8.217297	10.558441	7.174736	6.223200	5.491476	4.256062	11.013890	9.970134	3.055302	5.288999	7.820295	6.748800	4.775468	4.332629	4.606114	2.393186	8.138432	7.090564	9.458895	11.465689	3.319800	4.275916	0.000000	5.071117	4.734585	7.544031	9.230450	7.247821	5.200149	10.255490	5.252002	10.795875	4.812588	11.000096	6.011551
6.738745	6.694346	8.908400	3.572239	11.598288	6.649900	7.866242	6.242770	5.984596	2.909017	8.902571	3.930419	2.855542	2.381380	7.595156	9.987207	8.415135	11.409774	10.344625	8.238520	7.065298	2.778921	2.400395	10.569957	9.817802	3.876320	3.997573	10.407995	5.552940	5.872799	7.347054	9.666310	9.467694	9.669461	3.722938	5.894329	3.596017	6.047126	3.467654	7.705184	11.679010	4.741685	3.742949	2.960956	10.309397	7.282288	11.324757	11.676046	10.229887	8.167383	5.241549	6.268082	6.618188	4.896934	3.618111	7.880665	10.597521	4.696646	3.887828	7.580295	8.745481	11.565266	4.065008	11.356237	7.637501	9.057303	10.337419	8.706764	6.714627	4.684574	0.000000	3.639907	8.503712	10.327779	11.615056	9.171762	6.576968	10.185354	4.621977	10.094466	4.044075	4.756046
5.474681	10.713444	8.400409	6.079792	7.454691	11.644156	2.902819	6.700301	7.785451	7.578742	6.130894	8.933507	8.994095	5.712312	8.572768	10.958975	7.417611	5.187469	6.993924	2.831034	3.118899	5.726834	7.787352	7.588983	6.494825	3.131642	7.133983	7.441122	6.599855	7.716127	3.374116	8.189354	2.349703	7.522709	3.922146	5.367592	10.104416	6.973186	4.033222	9.020787	8.638245	7.877046	6.222404	11.099768	3.031477	10.392960	3.557624	8.723530	10.796766	5.650865	4.421227	7.718355	10.050192	8.308124	2.469048	11.284834	11.024640	7.424312	10.209220	2.405569	8.830705	9.959964	5.768017	9.910701	7.862761	5.305526	3.318699	8.770567	10.945400	6.735325	3.828829	0.000000	4.039293	9.789805	4.575958	2.754870	7.493194	7.579864	7.559472	3.859954	5.239904	4.376485
4.256205	10.426948	7.977253	8.544940	3.646254	11.189700	10.325048	9.637714	8.759288	5.213763	5.610817	2.672259	9.449295	9.844783	9.206330	9.395254	2.785496	4.870615	9.832044	2.830879	2.789213	3.294249	4.670604	9.612093	10.992280	3.207869	9.833664	4.456137	4.462093	11.304502	4.540883	10.686278	6.312686	8.869011	10.395776	11.677735	7.778692	10.683350	4.500116	9.818808	9.795413	11.572087	7.887703	5.805161	10.389091	3.617058	9.799178	10.180461	3.384871	4.925998	4.213722	6.943886	11.234370	7.223817	11.358313	11.199736	4.238446	4.968327	6.393207	11.086388	3.977011	11.649447	5.941126	8.747832	11.351253	2.395705	4.671707	2.822634	2.618194	7.780573	11.352774	4.107057	0.000000	10.674637	4.653955	4.309376	9.186523	9.035139	2.682271	2.575227	5.519104	3.206924
10.195124	5.746723	4.033242	9.268453	9.669804	4.601223	7.369811	9.178671	10.046762	10.755018	8.248484	6.515027	7.610441	6.490053	5.829850	11.336093	10.787998	6.145408	3.100759	2.744560	3.543339	3.036452	5.872358	5.143469	4.354136	6.492961	4.557452	2.725685	10.219842	7.698727	3.821595	6.670952	10.536450	5.281922	5.583340	5.194207	7.612224	7.911520	7.559508	6.548867	7.882806	3.123041	2.547877	8.472269	4.932333	7.207339	7.862862	11.343597	10.035695	4.414401	8.991474	5.923911	6.481762	3.187314	8.662635	10.985757	5.821032	6.890784	8.293588	5.072099	7.305976	5.343851	10.040966	11.263096	8.877818	2.363956	4.054549	3.139049	8.666095	7.156968	10.638879	8.970964	4.850347	0.000000	2.527251	4.217364	2.735694	6.848838	3.889827	3.764175	4.334660	8.359325
7.147837	9.616675	4.096709	6.629995	4.988929	7.919740	6.610058	6.663720	7.414624	8.560077	5.216096	7.930423	2.618168	6.424391	10.236256	10.487008	6.037699	4.280467	3.814984	4.464668	2.924409	3.799197	3.647545	7.704124	6.548355	7.196442	9.786935	6.307746	8.477392	3.384255	5.164039	7.928492	4.849820	7.643600	8.138395	8.629582	7.051300	7.497555	7.060048	8.688193	4.187087	6.130899	2.754650	2.422832	5.339313	10.489860	5.894925	8.576314	7.299891	9.760941	7.436774	4.024081	3.272779	5.801499	2.763024	5.259250	7.229910	7.289827	2.772924	4.064937	4.836296	11.254487	5.196143	4.540629	7.578192	3.206129	8.469993	11.516948	7.997301	11.489263	4.039006	3.669539	11.549695	4.033363	0.000000	8.009662	8.910024	5.656796	10.792204	4.861868	9.036712	3.450193
6.652455	7.069935	9.708537	4.880327	7.612703	4.778293	10.868205	5.458830	10.939801	4.715295	2.851692	8.233845	9.743668	8.156581	8.172144	3.885130	9.848334	6.003067	9.218457	9.581685	2.828896	7.611804	4.857769	7.483182	4.561832	5.880725	7.154982	2.563919	2.727915	2.678091	3.509754	5.532966	3.682135	9.345801	10.187065	5.840825	6.435246	8.736107	6.126369	7.890589	4.002312	8.378510	8.157176	2.401373	3.483109	8.712800	7.721006	10.880477	2.468379	9.367765	7.682935	7.901119	6.093113	2.697088	6.088173	2.668473	10.937907	4.262479	11.432687	9.309735	9.631249	11.424690	7.783586	4.699556	10.278632	10.383504	10.107404	8.794547	6.429454	6.218843	9.795600	9.312228	7.661682	11.497567	3.999038	0.000000	2.788699	10.302130	8.296578	6.350478	3.821766	9.263278
11.230111	11.291390	5.912857	4.686840	5.486026	4.380351	7.590641	3.599013	2.806155	5.276761	4.603127	9.506224	6.962866	4.814468	6.124265	8.161275	10.412379	11.244128	4.442008	10.733224	7.135350	5.180836	6.694530	8.500462	4.057130	2.713191	4.721832	7.884569	4.884435	4.815851	10.391118	5.212765	5.652472	6.948975	4.999933	7.711870	6.178143	11.327862	4.943695	7.491975	2.411275	3.078163	2.833117	6.913502	10.246606	4.730270	10.939453	6.983026	8.927548	11.562577	9.138499	10.014272	6.593218	9.587138	9.519461	10.674036	2.787306	2.519348	10.801814	8.098164	5.467897	3.514615	4.503471	2.376105	6.475875	3.689860	8.971996	2.898565	2.654559	9.347937	3.376150	11.347269	3.257704	6.833370	6.995522	8.575825	0.000000	9.408288	6.183009	5.070302	3.037635	4.443993
4.827565	5.205955	11.377998	3.552789	9.521207	7.660307	2.516532	5.959522	9.036147	3.914688	5.696908	10.106198	6.524340	2.735095	4.569067	7.800323	6.428651	4.125007	2.678715	8.280764	8.185007	7.800694	11.178245	5.663883	3.732758	5.995143	5.547619	4.883458	9.647753	7.702472	6.907510	11.133549	5.447049	5.508899	8.325509	2.469638	8.343389	11.246833	11.135044	4.459555	11.153067	10.698401	2.947971	6.925037	4.895175	7.579830	8.126948	9.700987	6.291291	5.794791	6.289100	6.007763	7.346172	5.313382	2.395375	7.449517	8.839832	7.678686	7.187030	8.677469	8.598172	4.491104	11.352102	2.477680	11.654180	3.138748	10.286477	3.349340	7.912476	6.930895	5.875809	2.431093	6.908329	2.853956	6.618446	7.171643	4.387488	0.000000	10.086266	5.038082	9.204117	8.445880
10.299398	6.490417	3.123245	4.875204	7.945972	8.073908	9.966303	5.839879	6.490722	11.603225	9.777820	3.438755	4.279309	2.717799	6.404840	7.724387	9.032285	5.826819	4.326647	6.007109	8.234772	10.246585	4.763794	2.938612	5.807925	5.317460	10.968720	4.246368	5.830098	3.807199	6.714158	2.357701	7.905287	7.113938	7.518630	5.317867	2.769925	6.401518	10.493433	10.424630	2.954093	3.130526	11.363627	2.349918	5.345017	5.084750	5.656210	4.664592	11.024066	4.590745	5.759616	6.884246	5.365156	3.285954	4.212421	3.791137	9.045742	11.172771	5.807825	8.292657	8.301097	9.351610	5.483982	9.043610	3.300862	10.960819	4.943458	4.644628	3.754657	6.534440	8.910162	10.846691	5.869145	11.635521	9.044450	7.647554	6.094817	11.375508	0.000000	6.752457	10.307909	2.945727
5.256375	8.867366	8.399999	7.641777	7.062091	11.446739	5.590074	2.353410	9.048949	3.162573	3.712674	5.294875	6.583602	3.931987	2.714512	8.339263	5.126103	9.000696	4.598065	10.872835	10.855965	10.394103	2.955068	10.536431	3.608776	6.119184	9.111163	2.398630	11.446244	10.120103	7.415415	7.141049	6.017423	8.699642	7.413848	9.396721	2.745401	6.828946	9.827305	2.467534	11.126546	2.700722	11.501720	5.335937	2.867280	9.264763	5.131867	6.345699	5.442993	2.501937	7.147191	3.402274	7.507209	11.401633	11.475861	4.942125	5.393117	8.293973	5.580830	5.158850	8.654190	10.709134	7.097019	9.963288	11.434447	7.789183	5.058146	4.509323	6.643576	7.608687	7.225090	8.107469	4.622802	4.340791	9.338405	2.785043	8.262588	11.180133	10.595062	0.000000	7.915539	11.624424
9.384163	8.683202	3.251631	7.951620	8.341844	6.495297	10.056471	10.570116	10.597981	5.807462	5.425057	5.219975	4.651920	3.300581	5.825588	2.437198	2.534117	9.594134	6.034880	10.353410	6.895614	6.235737	7.017891	9.687528	4.991345	3.246332	6.433321	6.977542	2.519884	4.965704	3.945764	3.368505	2.800038	6.387781	3.411197	8.818029	5.537603	4.124184	11.550818	8.815961	4.016750	9.104435	10.456681	9.316538	6.065494	6.215688	8.119308	4.573012	7.075351	9.593563	5.330773	5.786698	6.708802	2.549389	9.119553	11.145890	9.745487	10.206715	9.655108	9.881208	5.646326	10.558077	8.707878	11.392911	4.500541	11.140693	9.387709	7.313705	4.957662	5.422902	10.415267	2.844289	5.981417	2.626051	8.441367	7.028801	5.136349	7.411762	9.479695	7.867159	0.000000	9.498276
7.516062	7.926568	6.409963	9.305069	10.930327	3.332263	11.583005	5.706861	10.613126	9.555900	9.554859	5.739952	8.320042	9.168185	3.674698	8.908996	5.836628	3.913315	4.647577	10.704946	7.227950	3.826137	11.577240	3.524630	5.100582	9.527336	4.462130	7.718890	2.633882	9.605453	2.515637	10.330772	6.929143	10.154783	5.431768	8.182316	7.446730	7.988059	7.588000	5.754353	10.969562	4.442984	4.055458	3.211672	6.534840	10.068103	3.688729	9.833765	6.539301	3.593655	7.011015	11.510593	7.274972	4.391103	6.989159	3.402575	4.360234	6.382182	6.113509	4.001175	8.988544	4.833586	6.357584	5.978148	3.606397	7.286347	5.949340	5.906812	11.384848	11.609205	6.852666	4.251418	9.175715	9.807054	5.355908	5.870151	7.473966	7.306650	9.581475	5.488261	6.713212	0.000000
