0.000000	19.690275	8.287380	18.274338	9.697446	10.842101	10.645161	24.829421	10.963463	7.901490	12.968779	16.208906	13.375424	20.093040	5.561370	10.299900	9.053016	5.819190	7.245316	22.526029	10.256871	23.601289	21.460117	12.199425	7.983211	13.854271	11.260904	20.344566	19.220280	14.383548	23.134323	24.191619	8.197873	21.468569	11.588964	13.783867	13.473164	11.160672	13.435715	18.703722	18.221784	23.512630	11.196021	10.286148	23.732863	5.804197	6.481543	5.787240	10.500394	18.983003	5.323626	11.456928	9.466669	17.355916	18.318655	22.787573	18.213292	10.123764	5.900464	13.812382	19.530130	9.932052	10.843710	18.553670	22.804306	17.371430	23.747313	9.185420	11.381738	19.645954	17.989180	6.367169	15.708875	7.260809	13.600592	21.641064	6.248017	10.197855	24.664220	15.859284	23.270443	20.669136
8.301148	0.000000	25.037646	8.456024	9.698486	11.516578	10.114360	15.416447	17.589044	23.079791	10.911121	21.234423	7.251405	21.241426	13.831432	15.092801	12.157318	15.346749	17.400555	24.347083	24.410603	25.231456	16.968443	8.718028	11.491566	16.952622	22.544396	17.218715	7.963539	25.038996	6.574645	10.586840	16.827345	19.547683	21.818762	8.493577	12.729167	24.457858	13.470178	10.410053	21.146998	10.366273	24.940277	21.977858	10.460819	10.326918	16.932645	7.436266	16.626044	20.873815	11.030840	5.689581	25.162111	7.888095	6.282563	10.015847	8.749429	14.783145	18.327846	21.327918	10.740591	17.962013	12.708697	24.106754	24.465354	17.632774	25.005604	21.764418	18.772285	19.514542	10.898090	9.957135	24.114964	18.533838	14.239075	17.135771	6.293171	12.180202	17.267829	16.339130	17.775709	21.416300
5.800159	10.619686	0.000000	17.319027	18.637064	9.028803	14.228960	7.797853	12.719179	18.159082	24.418135	17.404849	17.561886	19.951591	12.132573	21.523357	17.054544	18.949104	19.807080	9.490075	21.463663	12.153410	20.288430	10.207078	19.378807	20.516838	12.946028	20.061557	9.629104	18.058422	22.100754	25.204870	21.682725	19.564975	8.552959	23.348123	14.640429	10.594638	5.155878	13.245924	10.131971	25.236515	5.115507	18.552509	11.396009	23.537204	17.443069	16.736137	19.204719	15.628868	17.747887	17.173057	15.352667	8.969471	7.431503	24.047180	13.356947	14.996815	13.786152	23.784441	14.294221	7.729697	15.260891	18.450734	20.797305	8.721960	12.397941	17.943721	7.831250	14.072690	20.294826	24.588532	20.019295	19.491393	22.236637	10.075632	16.769551	12.049513	22.958534	17.156908	19.208592	9.563029
18.445885	5.365143	6.613180	0.000000	9.146529	11.579241	14.745127	18.555548	12.352801	17.019471	10.188891	9.030896	19.579283	15.251849	24.819313	18.516329	11.894339	16.052419	20.783098	12.219861	8.634473	13.451001	14.644972	13.584579	7.563955	7.365544	12.436662	8.386270	13.780421	17.763423	14.844104	6.800005	17.628579	5.455546	14.947409	22.309884	18.936771	10.635678	6.141243	25.111348	5.149467	24.206342	9.870548	6.615231	16.664942	20.448780	7.126803	21.451575	20.880132	11.745402	17.623797	5.808549	21.948999	24.448784	22.726266	17.729362	6.456271	17.800841	24.063227	24.285996	6.076247	13.641985	10.631578	19.880417	17.892666	18.153125	5.617812	13.395634	13.365067	17.744904	19.696426	25.234135	15.974661	6.881116	7.298910	5.238019	18.955853	12.284294	19.585145	25.355569	23.603773	18.139282
20.735332	16.887527	20.908745	19.335737	0.000000	16.728869	8.937605	18.915890	20.337124	7.897660	19.737036	23.202942	19.695244	20.948001	24.647813	19.751317	10.972403	12.048551	19.247279	11.228007	5.380729	14.165944	11.222395	11.215423	13.401249	24.716981	19.359658	14.089674	11.911072	15.248595	22.639762	5.752441	16.352549	19.473838	6.489981	8.541266	14.160500	15.419876	5.193156	13.542874	5.420680	11.448615	20.510900	13.598084	7.013904	20.651616	8.220269	14.486368	10.116775	11.867216	6.918863	15.563399	19.821978	11.906311	19.494842	13.589102	5.562261	24.600339	13.705434	11.828244	9.664751	18.833014	14.534313	13.163501	8.475438	17.615766	22.394807	22.185487	17.075728	22.976926	19.136262	22.223364	17.443003	12.353755	21.895566	22.432359	12.242523	7.543577	15.984922	10.492130	24.384334	5.764823
5.453377	23.291237	23.111841	23.559140	17.717196	0.000000	6.765387	19.677501	8.773921	11.960771	6.548886	20.508744	20.004550	6.090153	19.842112	11.496931	11.999837	12.599018	13.570042	19.139629	20.511292	7.349523	16.741950	16.491044	21.833955	7.410659	17.649570	17.008333	14.748395	9.608788	15.132198	16.739596	19.584292	7.775813	13.290852	10.253546	21.802281	19.076481	12.366969	25.173817	11.892758	15.755141	13.811350	21.337475	23.465264	16.641856	9.718710	17.259700	11.014476	21.559835	17.209407	5.230505	22.582992	19.330542	12.523002	12.974673	17.781885	18.716099	15.504754	20.722793	14.198269	16.278731	15.762467	11.534051	14.586911	9.740190	5.254663	8.028750	5.965255	5.623454	8.832634	19.535447	22.857700	12.816346	16.455786	11.615925	23.793443	9.825205	13.703241	5.464217	24.557617	10.172115
8.341109	12.255807	19.705490	12.661606	10.264738	22.909655	0.000000	19.146495	24.259235	21.673928	21.143575	18.909029	22.866807	25.180429	10.153338	6.487554	5.874962	11.727013	11.890971	20.239975	6.578318	21.508987	23.974174	13.310464	22.817048	9.822518	17.254767	8.073480	19.193190	15.189508	19.265118	14.061580	14.301639	13.439021	19.773367	19.659697	15.292433	5.258226	23.106146	21.133158	17.817552	21.944310	9.760410	15.802061	9.043356	20.315515	16.142001	22.828136	15.615640	12.715569	24.401067	10.325242	8.793235	21.176287	13.562651	12.469298	25.062567	19.074186	6.150560	14.490739	11.508651	9.827740	8.199237	24.116542	16.583233	24.443711	14.517542	18.138357	16.363255	20.207595	5.875159	23.130516	23.577247	15.478200	6.618251	10.387649	15.773700	10.580274	5.290698	20.177401	21.880447	13.634634
18.660734	21.917293	24.071414	15.650609	8.361002	21.536852	25.345581	0.000000	21.079016	23.792247	9.842325	20.252190	11.575830	19.195905	11.427182	18.726236	12.736699	21.888526	16.287355	17.726674	13.875018	22.083012	7.858632	19.019651	17.898880	15.880877	6.485124	19.791420	19.085627	6.787282	23.220616	14.205192	10.300734	13.885051	12.899202	20.356414	22.344317	13.081572	10.618985	17.367448	11.778313	11.966763	21.053486	22.716310	19.186427	19.264188	22.545367	7.177123	5.791075	18.505255	18.534815	19.080867	24.365803	23.905797	12.711866	8.469324	15.976534	11.337265	13.005883	15.863554	21.932434	21.382234	21.620134	19.881843	14.442178	20.243280	9.022424	8.917952	11.108636	11.713485	22.186297	10.956958	9.820424	16.674964	13.738967	17.939118	22.340311	21.552322	25.085781	8.231200	7.559862	11.323679
6.693229	16.551528	14.801717	5.936129	22.490385	5.070271	24.947514	22.828180	0.000000	18.118800	23.215962	16.724942	9.462795	6.594617	15.731309	18.231196	22.402228	16.960461	23.392874	15.725821	17.766523	12.685482	14.043767	19.896998	22.160808	16.066495	5.474083	10.774915	12.945374	20.906521	21.904246	22.533216	6.018740	9.788029	5.199119	19.751573	10.054774	20.609420	18.215135	15.046321	21.932923	18.160151	7.309748	7.744676	8.389960	6.265094	12.462641	23.955518	19.098501	6.222815	8.408606	8.178317	11.734032	19.836613	11.915587	23.948788	16.387595	22.112620	9.095183	7.851862	19.656653	6.837872	16.175652	12.345439	10.880436	18.274340	7.320403	16.837794	10.245999	19.302584	21.570134	16.697653	16.872999	18.033162	16.505767	5.142353	5.660375	19.458464	7.620855	14.720685	8.065424	15.768942
21.172764	19.244431	22.469846	18.811843	10.021046	10.078818	12.499647	7.430585	10.815430	0.000000	11.388140	14.494624	10.462763	9.085403	17.983254	6.679878	9.249259	18.813528	10.480453	8.782978	25.082160	22.924774	17.316980	6.776788	24.494720	18.530600	17.682392	21.707098	9.764295	14.404390	10.883952	24.839906	8.304261	23.941281	13.724867	12.119491	22.517185	18.667518	14.397825	20.043760	23.053051	22.334704	14.718226	25.157763	14.415904	18.320927	20.249908	12.054933	6.395378	24.728616	21.382632	12.231726	15.918160	14.666657	10.672464	20.766843	17.289052	17.556741	22.936547	21.643302	11.166564	8.095385	6.530116	19.817561	13.400957	13.619289	17.509835	20.954894	23.601060	10.358130	22.664558	15.064312	18.428472	20.845603	5.430739	21.852906	14.048692	15.312192	18.259280	5.454839	17.828417	11.406859
16.577832	8.242677	23.855403	7.221846	14.055101	23.522139	13.231802	7.726818	24.647258	13.472022	0.000000	9.608457	18.032553	18.453405	11.220487	18.878217	10.764747	12.886566	12.088816	14.214842	8.129312	23.579455	16.480755	17.909843	25.287659	6.714989	18.942291	12.450810	16.278442	16.513815	18.870033	7.214738	24.504039	6.180942	10.417975	15.783498	17.954338	19.614466	15.186881	16.580720	5.975968	16.467896	11.260605	6.456476	12.437052	14.888403	14.193140	7.486445	7.613858	13.558822	11.401168	16.377891	16.421064	8.885548	16.753791	17.304817	21.824412	7.223098	6.137975	15.993893	23.668589	18.021002	23.376372	16.573414	7.666389	6.534894	14.444731	20.844601	19.992071	24.566239	5.144264	16.633311	7.473611	15.340971	8.816697	22.474825	15.297600	16.389174	9.910363	14.554570	14.570057	7.467527
23.973045	10.428072	8.399371	13.656446	21.658624	8.609161	10.863560	23.040947	21.805859	7.052694	19.916580	0.000000	22.837337	6.485177	12.208879	15.745546	18.430367	5.351290	9.339229	24.179040	16.820274	12.280325	21.489622	13.042382	8.806957	16.112058	7.844895	6.101828	22.804271	22.434471	14.140944	21.852087	13.680990	17.113381	12.125043	20.448490	7.383827	14.020017	15.990928	20.519031	23.850195	10.171822	20.926471	8.428747	8.015675	17.034589	25.005017	23.009610	10.238492	12.046397	18.477305	6.261321	16.456324	13.967423	9.032885	5.551900	20.050173	15.644169	12.017482	7.757133	8.032284	23.902113	24.444629	21.794662	23.381365	15.710239	7.363931	18.196258	16.791003	22.215825	25.318098	15.750450	24.337842	9.932261	17.012135	10.922167	19.321808	9.369299	22.256596	14.576489	8.928225	21.288894
5.291883	18.885499	19.186180	6.676203	20.763898	8.116161	5.109419	25.256776	11.606162	13.068073	8.287383	8.395764	0.000000	8.465433	23.779006	24.051749	5.632285	8.292236	15.971340	22.091671	9.483208	24.147932	8.997461	7.135940	8.515271	20.794169	14.768612	18.006774	20.475665	22.823994	5.286027	17.573897	8.498392	24.924181	13.252634	24.478631	17.358339	12.726426	18.475593	7.158683	15.812368	21.926180	16.488749	7.334911	13.565138	9.220637	13.388936	13.036222	18.489900	12.454710	11.407586	10.527889	19.032669	8.536731	5.519560	23.203945	20.240062	14.738721	22.584436	21.346317	14.784487	9.017500	15.361165	22.826824	16.674685	25.131513	5.535766	13.348844	25.345035	18.488714	5.531876	11.595403	5.089800	12.069805	18.957084	20.117370	18.592293	6.733900	17.060588	7.202033	14.611997	21.017397
8.312879	19.525480	20.557267	11.649884	8.377771	22.187427	19.740520	22.397117	22.921314	18.786246	8.889506	12.089599	18.255820	0.000000	18.744382	13.706022	23.826243	21.528329	8.274103	16.650918	22.594792	24.464007	22.348692	10.113716	13.880132	22.642461	15.518034	7.132870	22.360482	21.936877	14.870355	12.633876	11.655939	17.058251	24.845085	7.847883	11.051936	10.096518	13.750945	9.294011	19.765395	21.464415	8.627415	19.941418	12.610224	9.843759	23.539579	9.569434	14.953125	7.937643	5.365779	14.323546	23.841532	10.771191	6.818785	7.682671	20.198336	24.266090	5.425123	5.788046	22.987381	9.588646	13.937649	7.789621	6.846299	11.314699	10.983554	16.816758	11.357938	11.588551	9.127257	17.107458	17.364333	7.341017	22.874541	11.336910	16.202223	9.344887	17.669256	7.904428	17.286664	23.812554
21.300727	11.221028	6.735731	20.343034	15.861860	20.384835	12.988444	21.305417	20.824719	15.741393	7.798212	8.197304	5.365699	16.789716	0.000000	16.498355	17.062331	7.483110	6.746238	7.888750	14.049122	10.967906	6.142138	5.332943	23.276283	10.085826	11.502995	6.149747	21.529382	11.264529	9.693578	7.489303	20.316060	7.488630	16.133254	10.002824	13.687035	6.717012	7.156949	16.718964	17.624819	13.561551	8.025997	8.158688	16.034990	25.343467	13.498474	9.693507	9.664414	5.700745	13.567912	16.957583	19.226117	21.746510	11.047117	12.794604	9.732625	5.166366	6.037930	22.921619	10.827022	19.247874	22.020676	17.950592	13.948537	19.801278	23.850958	14.241273	11.193742	9.271845	10.454843	21.494714	7.884367	7.608041	19.232683	17.135902	11.743026	10.114512	17.487168	7.269919	11.983591	14.346776
22.598353	23.040119	7.536179	23.035548	6.389084	20.499019	7.154385	23.110716	9.256813	21.185678	16.234275	17.569953	16.530855	10.676638	21.908385	0.000000	5.986948	23.280287	15.197512	10.892260	12.892026	24.066937	8.693179	11.855849	21.429099	21.404620	13.119315	9.779465	11.865177	17.238903	23.304295	18.013961	14.137474	24.624283	9.468843	18.563797	14.302606	11.902251	7.420333	24.197104	16.575567	8.232261	7.428752	16.163492	20.700754	22.001253	17.519721	21.656956	22.413226	17.467875	12.832865	21.871527	24.844596	25.041528	6.525378	14.668607	9.710377	9.823288	8.936740	24.620380	20.357235	12.675206	11.993781	17.416952	24.307200	9.217428	16.958600	23.776687	5.526925	22.929100	18.852630	12.211887	20.195580	5.251911	17.928079	24.565869	20.225134	18.201477	21.752749	13.512718	24.157315	7.068936
7.678821	5.158303	16.881513	18.280484	23.486449	8.163416	8.383182	23.141143	22.846059	13.673266	15.427417	12.012191	24.054064	17.498434	6.017566	18.313023	0.000000	6.296737	17.047829	14.676337	22.786386	16.258312	13.646291	9.734584	16.325782	24.814026	12.396855	25.150659	5.244627	8.145646	5.311761	22.831771	17.104028	17.442034	9.753982	17.460505	25.096506	13.490335	5.893247	9.137863	6.863507	15.240070	23.193066	18.128010	22.677830	14.649140	10.668233	10.344887	10.278340	8.643547	21.511227	22.135528	6.661161	11.791808	9.844093	25.233871	9.553078	7.082427	7.325517	18.376859	12.589478	21.628144	10.202611	6.192671	12.985757	22.419503	19.999297	8.156544	22.124254	21.567981	7.295541	20.158401	6.714212	11.216596	8.385371	23.730912	21.905056	21.548862	11.104882	7.682546	23.545927	18.191739
6.217294	5.408379	24.333237	21.437131	14.992229	13.096864	5.454936	12.386419	14.147732	9.967630	16.983659	13.924270	9.199206	17.351516	23.702987	25.002038	11.908712	0.000000	7.505244	17.593932	8.820811	5.241772	23.858140	7.117309	18.916327	5.629647	11.112398	15.095370	17.804255	12.939192	16.330037	9.652728	8.422214	7.326665	22.390087	5.127768	18.028179	12.927280	16.448744	21.632349	24.229018	6.463024	21.144009	24.669484	10.453285	21.207415	23.738327	20.572094	21.212125	23.306527	10.607808	9.050710	7.599820	9.167800	16.801903	7.449299	13.653521	13.797981	9.113767	20.029380	11.650855	7.288647	7.453858	20.801996	11.074731	19.857294	10.487762	13.651201	8.011890	20.384262	13.178385	20.584566	8.920915	23.610647	13.557053	17.791999	16.939693	6.353583	10.105935	22.339530	24.814325	9.412909
10.847596	11.901011	13.131626	9.848591	14.355396	8.344411	12.397235	17.651459	9.176119	23.542144	21.687985	22.982546	14.340300	21.238766	22.069421	13.955872	17.126623	7.787612	0.000000	23.794926	11.368894	21.360071	16.027332	24.924058	18.400762	18.448108	14.370979	7.819068	13.233550	19.794723	14.712083	6.619516	24.398387	14.785459	10.034227	15.518245	21.257033	17.644099	18.594472	23.296841	11.014182	22.696583	24.877126	12.557943	23.654879	16.494200	13.947139	14.230873	17.033453	24.818900	8.927810	10.913680	6.834833	10.941889	9.295786	17.864910	8.394100	16.657457	20.282842	14.591272	21.373078	15.950915	8.396016	8.005640	17.856368	14.511137	8.034011	21.507469	23.395264	25.087655	25.323992	8.500665	13.095426	18.392015	11.372849	15.772091	8.552216	12.081258	11.659099	6.714760	14.996141	11.823302
5.238966	7.536288	22.004348	12.179393	11.437647	13.375569	6.344459	23.670408	7.689641	12.215084	17.809615	9.028651	6.648678	19.698395	10.365200	16.227010	21.139914	16.992866	18.342094	0.000000	5.118423	25.091074	23.126039	16.052083	25.080871	11.530472	19.910466	15.700496	10.143878	19.865413	23.171955	17.064338	10.430494	6.465514	17.715296	20.789171	22.299473	20.917414	9.035938	17.592516	18.439510	20.460081	24.048511	8.742896	18.638809	18.890991	22.511116	8.844625	16.749875	18.529069	11.975541	13.658837	22.357874	17.940910	15.151918	17.490026	11.316719	22.395757	14.493907	10.115309	24.703577	8.192957	10.614849	6.308242	6.127695	5.251301	13.659752	5.973806	11.291427	12.217073	16.692764	5.863959	23.509706	18.313780	11.407156	9.498490	6.382928	13.375445	17.741546	21.446973	5.083576	17.574295
19.154595	14.096275	17.832065	20.436113	14.442046	24.745221	8.777023	23.854474	15.258116	6.543216	10.835391	7.773497	13.694102	5.500036	21.663812	17.945785	17.216069	23.752996	14.973884	5.983035	0.000000	17.479136	24.483850	8.018719	17.606145	17.615578	10.622054	20.385663	8.486449	22.344655	14.189997	13.366065	16.261611	5.217172	23.352109	12.981180	13.892304	13.885083	6.440469	15.605869	9.932446	17.259118	17.000298	25.134720	17.957944	7.894846	6.796738	15.187189	9.904144	6.009953	24.595538	6.548293	17.236861	13.770540	17.176904	24.972525	16.881936	9.398751	18.670611	21.312257	18.234963	9.080900	18.345185	21.747554	5.859953	9.031300	17.792717	11.644697	6.783014	17.209698	13.019232	10.300243	5.545117	25.121534	16.296024	9.451817	11.645342	22.937806	7.457358	21.441500	20.615226	13.171320
14.336105	18.472528	19.350287	17.388027	7.771010	18.791771	9.034147	24.871984	9.998131	10.975920	8.522376	22.674441	10.882385	9.070549	7.918890	9.041869	10.315703	7.037682	6.018988	23.565013	9.544740	0.000000	17.535513	22.751399	17.550606	18.549958	16.016517	23.611523	9.744243	24.658579	12.130573	20.194551	22.700870	11.381730	23.169197	25.175146	8.565083	5.230747	17.417126	11.006232	14.103413	7.082702	20.317602	15.454380	17.765660	7.012520	6.432767	7.647419	9.391619	17.151477	6.906804	23.975963	5.827617	6.456914	8.757465	16.946682	24.528792	11.734691	7.880131	22.693172	24.202962	10.401768	21.319764	17.427933	7.064599	23.653113	19.069026	13.927419	25.232303	10.085635	21.760391	8.270024	12.746013	15.926171	17.729946	24.820276	10.237197	11.186437	5.847069	12.287787	7.389940	7.921889
13.825947	12.489563	18.684040	10.653491	23.517568	12.016840	19.063462	22.999463	20.711753	14.131122	9.557992	14.892277	5.208177	6.637724	15.323361	6.748123	24.866082	10.782254	20.255772	6.222605	12.889469	12.566481	0.000000	8.440482	16.557109	11.217401	6.398535	19.058856	17.323934	17.552538	23.795138	21.480012	11.561790	10.330582	16.005203	9.573933	5.225520	10.068928	15.848153	22.781729	14.078084	11.120643	8.602822	11.825899	20.171722	18.276894	21.901554	21.753962	14.274501	18.382757	12.111597	17.395688	16.428777	23.353963	23.359834	24.967332	17.496447	16.197553	5.663074	15.679498	7.948795	19.426219	5.569409	8.332454	12.661564	12.848537	22.767207	7.343839	23.516296	20.152677	13.235768	5.196169	23.369085	11.678671	6.889539	15.971367	20.480995	14.111719	23.261841	17.243014	17.286480	18.376946
25.302600	14.803739	14.733516	8.206767	9.466437	7.821382	8.049832	17.214908	11.892149	9.571147	21.814865	11.260443	12.094784	17.723642	7.452625	5.984434	14.564551	8.516108	17.740245	15.535877	7.707598	8.060871	24.524434	0.000000	13.847352	12.825489	21.837205	10.892576	10.377919	25.065087	12.385790	7.712835	20.250779	6.492775	6.036002	6.466568	12.012174	15.676679	15.241635	15.243915	16.680284	9.216781	6.719876	17.722877	10.839203	20.554188	13.873898	22.038140	20.079836	22.320299	9.459456	7.635195	12.871265	6.506021	10.173261	24.015970	7.629101	15.552627	9.089705	11.115136	14.576181	18.618051	20.525745	5.985251	16.657307	12.495648	25.318229	9.075519	10.512332	24.949811	12.455077	9.239104	6.085813	18.381160	14.826796	23.431778	14.745522	13.217205	22.465188	21.876854	11.830110	6.705841
20.484695	15.702736	19.706092	24.628932	7.290123	13.319945	24.298546	5.411889	18.813637	9.388990	9.245798	12.532666	21.965760	25.299735	11.508620	17.333222	16.359770	16.633762	12.020325	19.571767	20.840004	24.803239	12.392658	22.381807	0.000000	10.157203	18.029439	11.124924	16.392476	22.971061	25.324401	5.349586	25.318774	20.786132	8.603281	18.059467	10.919125	16.169837	13.026646	24.190429	15.789707	21.428656	16.389303	24.421288	9.415082	5.443613	24.870101	20.007019	9.072379	9.228736	7.633574	7.369181	21.930803	25.014515	22.731222	23.650079	9.718061	21.289717	22.009136	6.265452	18.615216	23.400987	5.336352	13.868100	21.249502	6.957323	6.663966	19.286497	23.217648	11.079675	11.039377	11.754186	5.538167	21.684010	14.146644	23.170230	20.947517	18.419451	24.562232	18.025886	5.282046	11.786997
20.882483	24.468541	20.382593	8.596028	21.317919	19.776596	24.352000	12.133584	11.066711	23.352753	9.619617	15.462960	15.003235	12.613816	13.800784	22.745049	13.768214	7.899068	15.762986	7.406467	13.941170	5.700543	16.410866	10.078173	10.610839	0.000000	24.291969	10.041390	5.625574	7.332242	18.839173	22.562001	12.512065	20.838140	15.240588	12.498892	12.541403	12.847521	22.904287	19.516990	13.913637	17.642165	21.171230	21.383608	15.236193	10.956687	12.153655	21.066899	18.216827	8.286719	14.879772	19.842158	22.719367	9.183969	13.233142	9.561874	7.701486	14.149764	17.694146	8.790375	23.331762	10.045478	24.387757	9.828409	17.187480	14.591323	11.028998	15.099541	25.172758	18.250021	21.726399	25.304856	10.337812	7.325453	17.835525	10.461370	17.324563	20.424728	15.115544	5.087823	12.969301	14.791532
7.412709	20.858677	9.416665	21.316496	23.181990	24.930120	25.218005	19.180176	9.721630	11.163996	17.223324	14.564958	9.566452	8.425591	12.148686	21.096088	22.282913	16.108190	11.740144	8.592511	5.561138	16.214999	22.267369	23.968224	14.604465	8.089139	0.000000	13.859059	16.069967	11.128792	6.801193	10.285441	24.868188	22.584676	12.535527	21.486318	21.722140	12.752202	11.993284	12.755494	17.870579	7.357960	22.568860	7.763876	23.594019	13.304172	18.642795	16.583056	22.323021	16.970815	12.408688	10.392410	11.664450	22.562487	8.920093	8.293251	10.224767	17.346790	7.953013	10.922922	23.571643	24.859258	7.283628	21.668906	7.702340	13.406800	19.363763	13.413827	14.606593	15.402756	23.012851	12.949248	14.038840	21.787346	12.277776	7.444105	22.086906	14.429094	22.336275	6.474248	23.208481	8.409539
8.376503	9.397259	23.240206	11.196856	17.087340	19.130667	12.002890	8.358612	21.886740	16.970469	14.218444	6.119708	21.472820	10.957467	5.694837	18.375633	19.855471	14.176372	20.303839	7.331264	14.257562	8.272360	6.440136	19.949180	11.205078	10.940649	13.800916	0.000000	22.511744	17.920197	24.459522	20.350368	20.400530	17.085983	9.038487	20.293422	15.130327	10.032784	22.604048	17.715650	18.538541	24.373036	18.926448	13.852118	12.352408	11.623652	23.700062	24.168746	5.173052	15.343415	24.933212	15.434987	22.388618	19.753479	13.592885	7.392260	12.270029	8.351575	11.227383	20.142766	17.429486	10.068086	11.449325	22.825226	12.002566	23.760243	18.858257	13.745512	9.881908	9.365284	12.164236	7.145343	25.229912	5.433715	5.515822	17.779209	14.111516	6.375718	6.806260	22.111930	23.992483	22.808479
14.878580	24.014765	15.454926	23.409422	14.520514	16.144240	9.067061	10.478542	8.230867	21.460758	9.142942	17.706412	16.958795	21.710514	21.534136	20.042001	22.856302	9.367535	8.997280	19.291898	13.910880	22.134697	13.714773	13.547113	20.706359	12.644370	5.096005	18.365086	0.000000	7.145082	16.063714	23.383087	24.522184	18.817306	18.529262	10.359641	22.574168	24.520241	15.350772	9.112729	10.603007	10.990655	12.619969	18.375628	22.452277	24.024591	12.103175	8.599971	22.566355	19.245139	12.297041	18.722002	18.422097	10.782900	14.617223	7.754268	10.489846	5.906397	11.662695	20.414317	12.699539	19.058435	6.069683	9.620584	15.527225	14.424636	7.503970	15.884845	23.225074	19.625871	13.899423	24.579363	8.989205	7.942581	12.717510	10.198025	12.847727	7.543671	22.577497	20.485762	24.004090	10.379265
22.207305	14.277147	20.704234	23.660082	10.158422	19.590368	22.631659	14.826468	16.136224	15.842510	14.798026	22.423471	18.609077	24.238551	8.996735	14.217513	22.094018	13.262486	23.318047	19.309317	11.253282	24.037202	9.164612	23.042136	24.287085	13.993825	8.860494	16.343696	21.625945	0.000000	17.344007	24.505704	13.439853	13.630537	16.030816	15.239627	15.877522	6.826009	20.839277	7.269327	10.046470	19.811847	15.828601	12.768220	14.053009	7.416795	12.904172	23.106495	9.071835	6.134685	8.055285	22.486149	23.075942	8.332457	18.779578	12.229116	18.501948	7.074187	12.456320	22.918336	14.015181	19.331811	10.002078	20.863734	6.449965	22.984020	16.352991	21.804485	17.482839	14.113254	16.218875	14.384018	22.478988	23.810248	13.964085	9.747650	10.262812	18.815798	24.553475	11.274709	25.099161	18.123584
14.765127	5.639956	15.436135	22.582846	9.239392	25.030187	19.574904	9.026576	21.725943	14.308951	16.603369	7.613002	19.738962	13.249560	16.277975	8.622386	16.858055	5.086449	17.808500	13.009972	16.970188	20.886758	15.789211	15.583392	13.787390	19.486751	19.876045	10.113900	24.268048	11.305820	0.000000	8.778465	15.342849	8.650798	21.982605	14.708326	23.383627	12.628598	13.420890	20.281953	15.892067	10.877285	15.814932	13.447077	17.156020	7.841816	15.731296	24.471251	19.172067	25.164082	22.520819	22.553839	24.689898	18.659707	24.507803	10.139861	22.781199	21.896029	25.280990	21.921112	16.627068	15.982467	17.302166	15.837814	22.177437	6.894863	18.161841	17.657313	13.489387	15.241441	22.425230	9.349271	13.249477	15.241342	17.721161	7.740164	7.405128	18.693535	11.708749	11.573190	10.051409	9.739188
25.250249	6.637425	6.520474	19.085933	21.889468	18.339897	24.006425	6.991231	22.154591	17.157649	15.678695	5.832281	23.134787	23.686471	19.547571	9.603387	10.802496	15.479242	21.458813	13.782658	18.523953	17.305625	23.799660	24.601910	6.877047	14.449765	21.093397	24.609958	24.649891	15.870306	21.410217	0.000000	16.730013	15.809680	22.134427	9.859376	13.024553	17.053901	12.653866	10.085157	7.883651	15.493612	18.416279	24.713129	7.380309	18.730523	22.721684	9.779360	20.621822	7.199182	5.304838	7.365234	18.590478	6.865574	12.543333	23.118352	6.282555	6.863908	11.779512	21.800304	17.007245	23.660672	12.544983	18.701780	14.363743	18.422666	14.340787	7.150452	15.444128	21.310800	19.091769	11.375320	23.949534	9.464045	14.285315	22.233836	21.534989	14.675723	16.954164	25.173099	5.745796	15.714611
24.572847	10.694779	23.927600	12.181190	16.161627	19.908986	7.027795	21.970284	12.648999	19.516415	7.554796	22.426274	19.557658	21.972516	20.826955	7.601789	13.291311	15.771137	14.710140	11.628622	13.845283	7.364566	24.730897	23.585429	22.797244	11.333745	21.850000	15.553299	13.172689	24.712237	5.582265	18.861868	0.000000	23.854205	7.422493	5.409455	10.803609	17.781794	14.328725	10.948935	23.816825	16.291296	14.970340	8.750746	14.993951	5.766835	22.070443	6.882539	22.636142	20.828835	5.650569	20.133725	8.344334	19.107630	6.026660	15.477369	9.576900	20.917805	17.694779	7.530718	7.648027	20.221959	19.688580	7.649044	8.717057	24.622682	8.502254	11.703778	20.873167	10.460180	5.734859	6.221395	13.966068	22.709379	18.645251	23.610299	11.403291	8.211516	14.425605	24.540973	23.128872	12.775187
12.336439	24.241913	23.509783	12.095803	17.107447	13.449510	10.032497	17.657768	8.545347	13.749133	13.111976	19.235323	8.872373	8.407157	24.494220	14.786164	5.743423	25.260339	16.769420	12.485422	7.338112	23.624632	25.188517	25.091982	17.426560	17.621921	22.317845	23.054234	10.232974	23.378036	23.579580	16.423461	8.441411	0.000000	8.905315	6.682193	11.288480	8.843935	13.885659	12.931809	15.167759	19.413082	24.391347	5.821298	9.542168	11.073630	7.532404	16.282508	13.080085	11.723896	24.825421	24.294273	12.422062	15.908714	18.120863	23.854477	6.658577	12.217478	22.103771	22.212043	9.344681	23.063579	25.188229	15.362899	17.169896	14.663797	16.304013	18.919515	7.671239	15.118927	20.552251	20.217859	5.078520	7.887772	19.061019	15.538218	8.657262	24.595228	7.285066	6.553396	13.222960	11.407801
5.983462	20.648626	10.950159	12.696038	20.716386	18.543796	21.569704	14.404846	20.087724	18.992358	8.089237	22.280560	14.130122	12.603105	16.303459	20.257887	16.842250	12.475617	11.209222	21.820857	18.912093	6.835447	8.103567	7.273959	6.985770	18.966994	22.373412	20.758781	22.166947	8.582820	16.630787	18.227899	10.422214	8.381665	0.000000	14.516270	24.249088	20.334578	17.947081	16.306056	22.798575	16.183259	19.460606	17.792798	9.782962	23.200643	21.747362	23.624025	11.292994	9.941463	24.128515	22.453181	11.146582	6.186742	17.536476	21.117708	8.672513	7.332644	22.627689	18.210883	6.994547	9.220392	19.540717	21.601215	16.946496	9.980820	8.186964	20.206941	20.496475	15.772369	14.871824	14.989467	11.925378	6.865401	7.547403	20.072509	22.677843	24.737317	17.976089	5.999264	15.093535	9.055154
12.586998	24.247513	7.955395	16.599045	16.143146	9.583790	16.940518	14.346927	13.634096	19.602910	11.186380	7.602410	10.639328	23.332481	23.996579	18.969915	9.165874	10.006026	21.142172	11.773440	24.299983	19.258635	11.429294	13.753660	19.533454	23.810912	8.597383	21.502317	13.195199	9.939501	25.085874	21.326577	16.927834	7.270402	10.085692	0.000000	21.635897	23.500520	10.054120	18.344271	9.351385	14.386585	7.660731	20.087304	16.658575	21.323594	12.592307	9.404753	19.276466	11.129202	12.307531	12.327268	24.836298	15.746927	19.921542	15.326953	18.235510	23.786677	6.316782	16.378660	9.521974	19.565970	14.575455	16.927308	24.767195	19.279478	21.842349	23.027630	9.245566	21.236545	10.585484	22.620109	8.561950	20.694594	17.718164	19.418029	14.447727	23.626776	5.864938	22.221962	19.870104	13.424476
22.285843	20.021132	9.914774	24.136734	23.940634	24.310970	17.271935	13.619695	14.221277	18.324627	22.237467	10.811523	19.343322	7.769655	17.895075	7.753111	5.494343	17.275901	23.187377	23.559784	19.905121	5.107730	10.651920	23.235873	9.016493	12.950573	21.447184	6.284765	23.137458	6.719919	6.102336	21.217432	7.575590	12.839334	21.401081	6.803973	0.000000	5.630175	16.659090	20.662734	14.822632	5.263393	14.728838	5.300367	8.698631	15.834440	6.835587	21.754792	16.997071	10.612687	9.858680	6.903475	18.711506	14.354599	20.031110	20.708177	24.926693	16.576510	23.405246	21.620047	10.493536	5.286294	24.504045	11.873429	17.157473	21.864561	21.911412	22.287354	12.658043	16.342497	5.695368	19.151465	7.468926	15.640710	9.489507	24.460019	5.583959	13.631626	22.795707	23.965595	18.939354	7.239620
12.428447	15.163662	14.636769	5.905189	21.591359	10.550841	19.478592	19.653397	15.508340	18.094677	14.047896	11.383439	20.262410	5.687415	16.659432	13.546986	15.416761	24.563570	5.420114	22.796123	7.305551	20.765202	9.607543	11.133877	15.928798	5.156615	14.333459	18.751956	15.374550	13.302439	14.912643	22.612740	17.024084	13.226619	23.332386	12.859262	16.474480	0.000000	10.167140	22.843584	25.346217	23.040718	8.977734	6.967206	16.568497	8.443226	21.574052	12.613233	24.946207	6.670900	16.610124	15.020268	14.453341	13.100619	5.587070	5.251085	14.663906	13.444380	18.123514	9.286742	14.968588	17.220480	21.411514	20.494557	24.478976	10.764760	24.289768	21.261958	5.561121	18.036466	24.879436	5.254224	10.309587	18.929556	21.373554	19.512947	19.790634	18.655997	19.591390	7.240958	19.515446	10.890000
7.251202	17.191320	20.864320	16.244643	21.023847	15.061835	23.802722	23.290983	15.975708	6.888300	13.380760	18.012542	16.028372	13.342045	14.938420	9.871997	21.983264	8.439601	22.378744	6.990708	17.166343	24.417666	10.246538	16.011399	9.224847	5.280987	13.009073	17.561481	19.525358	9.646228	21.426898	7.190806	16.625963	23.290741	13.668030	19.253071	20.010649	20.494830	0.000000	18.615803	20.118929	17.781802	14.224699	6.624926	20.670386	21.471197	15.917537	22.865958	16.142902	25.156231	9.685249	21.274990	18.941960	22.996910	21.250223	14.349704	12.750694	10.338925	6.889104	19.364266	6.022749	9.378852	12.179160	10.857427	16.474413	15.015743	13.449277	12.781492	8.880917	23.673842	21.432832	8.493178	18.386555	14.604220	15.022098	15.929459	5.716659	9.820240	13.231161	16.282264	24.642989	21.044370
15.372213	7.880949	5.357811	22.126773	17.001117	22.673496	7.182355	21.097460	5.347159	17.283922	19.671736	7.893417	20.096550	24.889506	13.493284	17.996203	13.497278	14.335932	5.572870	8.731882	22.127064	16.250944	18.062171	22.631002	14.731823	9.018187	19.071895	10.174192	21.012976	17.325103	15.638884	7.356373	20.097001	22.490181	10.388353	17.666344	11.596577	14.894469	10.741612	0.000000	5.678193	20.432296	11.505019	8.447505	20.513650	18.157021	21.593851	16.497847	18.085401	19.405983	9.307549	8.005510	13.136344	12.444944	6.164021	7.853129	5.937833	21.115691	21.212424	16.794393	9.045711	6.252020	22.145428	16.555297	6.383851	10.917710	16.412740	24.945675	16.752159	14.356812	5.724487	19.095994	11.415370	6.747219	7.573394	17.049425	17.911739	13.138376	18.152222	20.569545	22.670658	5.347607
7.778079	20.363601	12.397928	20.932268	6.609317	5.146036	12.167184	10.570469	16.594468	10.648222	7.888113	11.144050	21.747701	18.555040	8.225549	5.364869	17.967186	7.238115	21.687841	21.153227	5.595298	8.954548	24.989928	17.593195	6.273451	12.499766	10.710871	11.384912	11.487364	17.492948	16.194513	11.537131	20.261421	14.340261	8.524684	15.636780	21.833137	9.277182	13.779042	23.332557	0.000000	20.692484	23.340387	15.785917	7.140556	24.909294	11.495711	7.984927	9.598896	21.751105	24.399792	18.998137	15.021840	17.898065	17.534456	17.102895	16.497877	25.264761	8.289492	23.463060	11.019849	15.777919	24.992781	12.023664	9.271951	7.785463	23.642152	25.136064	6.965905	7.581582	20.683057	7.891945	17.971096	17.018154	9.965861	23.682464	7.869543	13.274656	9.783021	7.870491	21.221602	6.077897
13.942035	14.511291	18.118988	19.150502	15.754372	13.442718	10.419601	12.833787	7.061964	20.752408	25.291799	13.674498	14.293399	15.012923	21.095211	23.385705	22.021055	24.783381	24.523070	21.127692	17.828294	11.220495	14.122264	6.224572	23.878977	19.823530	8.722105	14.847470	6.649825	16.301024	12.272309	24.705215	11.217080	12.348689	14.319571	25.070060	10.671777	10.235131	5.999785	22.924974	9.269170	0.000000	5.785670	9.227642	7.256174	15.085512	16.581228	6.099670	21.736335	16.697212	9.440385	7.220987	13.834069	14.791401	21.506232	13.434988	16.447673	7.740553	19.058317	24.707734	16.361514	9.502842	17.348410	8.924043	16.972668	24.360234	13.708992	24.790847	21.319845	19.319592	17.025935	11.412058	14.656437	18.953086	18.516143	17.412257	18.064364	22.122847	6.551866	22.911640	9.168743	7.574363
7.652725	6.594847	10.541380	19.749653	21.021458	19.091061	15.764450	6.144127	17.215639	17.179309	25.345834	22.281846	15.268033	19.217434	8.722053	13.693439	5.479288	5.838525	14.526494	23.613811	17.182857	20.797437	7.192433	5.489584	24.105771	10.058155	19.201811	7.818950	15.802443	14.431891	21.022526	24.730140	14.388467	11.089840	21.165409	24.542972	8.412973	16.649091	6.796568	17.852847	15.253385	8.115151	0.000000	19.248658	5.558013	12.625119	19.031519	14.260915	16.297617	5.302763	6.160621	5.761474	23.950180	24.831208	13.172968	22.633267	16.339361	17.826177	9.399931	20.801532	10.561492	15.399368	16.317773	17.172488	19.938821	6.032420	16.849683	20.398946	24.955156	18.397199	6.799510	13.849684	9.689948	19.129039	5.424580	11.327983	21.190435	16.181424	7.425994	12.176702	24.808577	10.051050
7.089264	15.468375	8.340279	15.728536	22.071810	20.584490	22.238217	17.648831	19.381189	6.782060	19.140595	5.497346	23.312475	14.122541	14.852915	13.380470	21.760171	18.645399	19.655544	12.054876	14.152523	17.234333	18.248361	17.060783	5.078327	16.199230	15.465640	15.901439	8.578734	12.136387	22.608409	23.723235	8.367312	22.538123	14.019388	11.579038	21.539694	21.327870	18.478983	9.030476	10.199374	6.362306	24.371855	0.000000	15.663411	13.643386	19.287201	20.401844	21.187343	9.077460	12.435281	18.672608	8.377767	11.121089	10.850611	14.921957	13.770929	23.192081	8.227937	16.450268	17.550286	21.506294	22.696812	12.354832	6.142329	16.775358	5.125047	16.203768	6.198787	7.348084	7.089239	9.950996	5.909212	17.088002	16.945082	15.211059	9.799639	7.330480	5.078581	14.791670	12.136151	7.699362
9.075074	19.900293	7.788765	7.445351	10.078016	18.793643	7.061733	22.248566	10.985960	8.950898	13.971877	8.664363	6.998213	12.666486	10.114299	24.167230	21.198147	12.324192	10.611495	11.789020	12.472560	15.634694	23.891910	22.826286	13.189313	21.550355	25.001012	14.757625	21.148483	14.764060	12.604300	8.211895	11.779201	24.207160	7.529485	7.637360	18.855029	20.067677	5.752999	22.504407	18.403334	18.017552	13.941305	24.179324	0.000000	11.659828	15.824419	10.970131	21.039672	15.824536	6.201907	18.508402	19.848475	19.472974	20.688173	9.946697	13.203977	8.020189	19.295297	25.147620	22.197998	6.157550	18.023772	11.570896	16.175849	17.145172	15.121520	15.844207	14.825949	8.962373	6.086857	7.427322	19.946908	10.029448	20.733950	5.420015	5.740354	24.429532	14.961087	23.162568	8.214141	10.239523
23.237128	12.099046	10.515061	15.944565	16.149878	16.671125	18.533569	8.875530	23.789931	7.141167	19.462788	21.449250	5.294880	20.922695	19.628608	5.721054	14.154992	11.975359	15.996682	11.745745	18.148469	8.193581	23.467161	11.579278	6.145720	21.679533	9.375663	10.395657	22.799974	9.338207	16.511729	5.820880	9.201914	10.111868	11.474845	23.885899	14.491619	18.277549	20.199176	21.267482	11.308505	20.454641	16.589508	20.708617	20.072398	0.000000	21.396974	12.857636	23.898800	16.662579	21.940308	15.744944	19.811257	25.032797	21.543924	19.261437	14.191016	8.657075	7.605883	24.825574	20.579908	10.382001	12.925991	21.976706	19.372613	23.106002	21.199973	13.634524	6.770174	9.401712	16.495930	7.645675	19.105834	9.174202	21.556261	24.895238	5.529832	12.524776	8.289491	25.020227	17.126570	6.667906
25.079149	22.996333	8.807002	25.012689	22.016977	21.190020	21.413354	23.081444	19.691636	6.359666	5.922985	21.153493	8.213955	20.559115	14.730342	12.758417	9.345869	6.634141	5.236045	18.001647	7.727857	14.453121	10.377569	11.730720	20.103059	6.657724	14.390439	10.691342	14.612041	12.759267	6.061182	20.999246	12.418783	5.543725	20.743136	13.980021	6.610170	11.827486	24.916248	13.301367	15.867054	5.552922	7.019281	12.172288	5.817031	22.709419	0.000000	7.898509	8.937967	5.278405	16.429006	22.624341	10.230271	8.909671	11.383054	16.305261	21.213145	14.215166	15.301699	23.575743	20.110195	13.960545	5.550475	21.162148	12.283050	22.845316	11.081891	17.723610	21.778533	13.413275	9.175748	5.896132	20.295964	9.072008	22.463877	10.931166	16.312093	6.361274	11.368563	11.378757	5.969555	10.601585
13.913118	24.481519	12.479017	19.545564	12.923813	18.462073	9.546989	20.017015	12.062165	7.780883	6.036994	11.035990	5.958963	18.567353	17.928664	10.144629	20.194291	21.726246	21.432895	10.194691	24.194850	5.565481	21.283766	11.316780	17.634230	19.245608	18.861811	23.311594	19.334340	13.729203	6.453064	14.991301	10.304272	25.289078	20.168386	24.946173	23.666363	11.322462	24.840150	21.476194	11.840827	6.615309	8.871363	16.853443	8.553003	6.216263	18.472861	0.000000	11.719146	7.686573	20.402650	18.314015	14.063282	18.530653	12.267659	13.913938	24.921217	15.501540	17.455177	12.476577	11.075902	8.927547	8.272976	15.333889	12.989080	18.479367	5.987012	14.599866	7.331794	15.208428	20.348562	6.107730	8.079527	17.543349	13.734619	23.073827	24.086142	9.861226	5.197556	9.925048	16.885323	5.534299
12.723852	21.865891	13.860690	17.996343	7.481136	10.569040	14.316771	23.941708	18.816414	21.338194	13.721494	12.146565	15.862720	17.198319	18.577198	7.796219	8.239476	14.526356	20.891964	15.105458	16.492196	19.190349	12.270435	19.951662	14.012348	17.170027	10.535506	25.217526	13.157212	25.190609	20.579753	18.383916	11.399535	21.655152	21.484489	19.125642	17.514221	15.461948	22.484584	22.621384	23.660044	14.997389	11.659758	18.282449	19.032060	6.244030	5.947578	18.975217	0.000000	8.915434	17.890892	20.567167	17.168176	12.357849	11.727104	20.949465	10.317719	5.223303	11.188917	16.464071	15.794676	18.618995	24.387959	18.915438	9.716517	12.435132	16.363729	25.167123	18.668721	11.909782	22.066228	15.772935	9.067131	22.536104	17.910886	14.332106	23.394573	24.940585	12.708901	10.956763	9.682823	12.378456
5.356422	22.744134	12.919241	14.916893	23.880523	15.121918	11.551020	17.114125	21.342577	6.485562	20.906390	20.356302	8.863214	17.208004	13.608917	16.496586	12.039108	9.407290	16.733580	9.476949	21.585060	14.400845	23.583766	14.891159	20.426790	15.664141	15.702774	6.422216	19.630645	17.477772	23.055063	18.068666	16.604452	7.427433	20.379880	8.658045	6.649559	6.547850	18.121169	13.814923	20.043961	11.496153	14.376754	16.753029	16.147537	16.485324	20.315680	8.809766	20.283550	0.000000	18.517054	24.383022	9.393426	24.968997	18.721633	24.626661	23.512775	16.585039	18.625416	14.049329	20.268251	12.578513	5.519290	17.173571	16.838797	15.557522	13.829769	15.815357	10.930639	23.871573	12.048828	21.158378	9.694493	14.681184	11.430788	16.839983	16.465694	20.117147	8.844800	12.899681	24.896792	19.646856
13.889869	19.972892	10.670405	13.967834	15.837981	24.187596	15.978601	17.507105	19.513239	13.071758	23.996393	22.999002	6.350129	12.413180	9.862082	5.403997	21.317941	14.570616	24.560203	23.506582	9.807207	23.649256	11.980837	18.984975	5.737700	10.763029	12.547732	16.804638	25.278749	11.685003	23.014904	9.772528	21.893341	15.694575	17.524843	23.848468	18.209199	20.476170	16.568300	10.680789	13.012772	13.615336	20.176238	10.953771	18.822914	16.031235	13.311550	22.177467	22.172524	13.109289	0.000000	18.184324	17.523558	24.849777	14.301511	9.177299	23.051450	10.153056	7.985710	19.740194	12.326258	9.754448	17.169913	10.988642	12.802064	6.861093	22.279985	17.099328	21.494576	14.752875	10.070482	7.161447	6.383672	8.160263	16.465263	5.426543	17.011538	15.690451	15.527766	15.392693	9.650620	8.397695
19.529719	5.655878	23.840081	18.501988	14.363461	17.433490	8.859477	16.252594	6.249407	12.458516	23.307671	21.388578	21.925503	7.325162	17.119830	24.667312	16.204729	19.735936	7.413317	21.620289	14.594142	17.618339	12.701232	16.496475	7.946461	13.045710	21.390269	22.180132	9.134152	8.161566	20.668056	19.667619	7.139162	13.524764	11.819671	15.170472	17.672113	18.670615	21.863184	5.339149	12.343872	24.484846	21.269418	16.843946	17.439809	21.789451	8.584972	16.022456	7.246211	21.774462	15.614624	0.000000	6.091776	20.352864	24.944930	8.230117	14.061144	10.898289	16.932939	15.658987	10.493544	11.115279	6.415919	15.361125	8.374976	15.262583	9.812704	16.137130	19.450977	22.296608	5.911303	9.186535	13.162166	23.297543	20.084446	13.899708	9.609977	5.496245	8.111458	14.915987	23.842550	14.854522
9.417505	23.204970	7.004321	24.420060	15.619021	13.679895	25.147783	8.718417	23.974240	5.291974	13.059641	20.947921	21.773547	23.277968	8.936848	6.551698	19.466375	16.750391	7.266323	22.227374	12.799871	19.018857	20.116928	12.788807	16.011790	8.567868	21.528652	8.844597	13.899066	21.616002	13.190383	16.195552	8.659716	9.562837	12.709008	17.515125	7.100858	11.965197	16.813655	7.387314	24.811737	15.394229	12.421131	9.496316	14.884317	15.359840	5.973778	24.776441	12.851078	12.945323	6.316333	16.152949	0.000000	9.867060	9.927644	9.165820	19.671878	22.277036	10.233782	7.255812	16.492277	17.167648	21.067446	15.933173	15.295967	20.378968	13.062373	17.095862	6.796353	10.716554	11.501318	19.196769	19.686864	23.175063	13.844994	9.670010	19.176910	18.859933	16.470457	14.729736	19.833027	23.090101
17.256695	21.152532	8.545887	7.724605	10.153488	9.249897	19.344104	10.598859	12.476052	9.129462	23.700034	23.409325	20.533914	8.620818	7.281198	19.495778	23.164122	6.753769	7.864856	15.639302	17.138351	17.772450	19.548482	22.010244	21.863775	12.180395	10.284129	14.127586	24.116324	22.158537	5.072047	21.760609	22.621451	21.960459	10.138365	10.898743	9.677930	9.739470	12.737127	13.849084	23.442746	7.068511	13.538936	20.995955	15.926594	21.424123	19.687498	19.152080	16.814988	11.754062	6.580822	21.533650	11.439047	0.000000	22.624211	6.897863	20.713365	23.128315	23.793854	15.568664	21.954808	20.240662	5.532180	9.331329	7.330101	21.966858	9.052362	9.806409	11.219038	11.077023	17.030808	11.649693	19.083085	22.000646	15.932517	15.338531	19.574921	18.361111	5.903675	12.573842	10.693546	9.154629
7.445277	9.187549	11.969807	13.989417	6.260581	7.346426	10.109519	20.486657	13.333238	17.269702	15.749748	12.901465	18.698671	13.756454	19.539449	7.401205	23.480234	16.849656	19.033858	5.125768	20.115571	12.694431	16.908074	10.744168	24.029073	8.536943	24.283340	22.811191	12.571226	9.383327	9.773834	20.101861	13.247831	20.535431	13.894572	21.307033	22.640742	24.505302	9.603886	21.515109	17.240522	24.864125	18.363399	24.279254	14.603712	12.336980	22.330782	13.843896	21.618246	5.929400	15.111910	6.244743	22.894994	17.671992	0.000000	24.766829	24.075510	23.469941	21.442362	7.165067	7.317139	20.926685	20.641924	18.417588	11.722444	13.846963	22.232834	24.202904	22.685613	18.102405	14.376651	22.782599	7.644933	22.037494	23.481263	10.321893	20.271949	24.487328	17.156335	8.766897	5.806506	19.719563
21.103981	23.021876	15.463271	17.700553	14.894927	9.570880	19.216076	8.131823	10.203882	9.479825	12.325047	12.205551	6.488482	15.675528	12.698486	16.639684	8.548076	13.541818	9.116568	22.579598	11.953464	22.942412	14.107726	15.209488	17.650822	9.000059	10.715840	8.350598	13.942627	14.262492	18.398621	18.713984	6.944596	7.550349	18.989801	11.090263	22.435244	10.276545	9.798488	9.222654	20.084031	6.245529	12.454908	13.882177	25.027290	22.639606	23.124083	6.190247	8.276400	18.256291	16.554339	17.700094	19.140469	12.007134	15.763635	0.000000	12.078721	17.534050	12.507652	20.202993	17.257861	23.348943	6.271182	22.542564	22.537406	20.255975	20.610890	17.562001	24.518628	19.211938	7.955532	19.329566	5.671705	18.073143	10.243795	16.340211	17.160378	15.279466	9.072620	18.343094	17.752132	18.333538
24.792955	19.044128	10.255728	20.980410	22.891273	17.351204	17.736050	15.708285	24.568311	20.083243	23.491273	18.168781	19.699749	19.115178	22.470917	24.059076	13.117743	20.634175	7.056195	14.893651	11.516888	10.026648	10.650803	12.829944	21.839761	6.485878	6.706030	9.895312	14.349392	19.796441	21.748348	13.902545	8.247988	8.816071	19.734797	23.159168	16.212956	22.668098	20.702604	17.873429	19.906866	22.157844	6.737808	13.031050	16.303427	13.350677	15.628051	6.257792	17.047856	17.930291	24.897965	13.401799	14.444788	22.892052	18.269034	7.472779	0.000000	18.407327	20.352868	7.690816	19.738318	12.398512	10.514139	10.882041	8.089697	25.239332	17.538556	11.386137	15.519645	22.854364	17.342220	6.133771	15.685757	11.289447	13.262680	6.735102	13.145933	15.211518	21.233123	7.183549	20.525730	21.908783
23.297398	24.656251	14.595011	10.906285	5.109201	11.071242	11.553837	16.126343	20.192579	16.507701	10.176553	8.468061	18.008358	21.059067	23.496177	5.426265	11.627385	7.563290	16.924473	9.974723	8.227990	23.308084	5.973911	9.558261	18.474150	12.909099	17.955142	22.452082	9.247351	19.975960	14.553177	15.514414	22.842100	21.192403	22.325480	11.830264	15.535369	17.619994	6.215972	16.776277	18.852496	23.957493	14.923504	21.330666	21.580537	24.160761	19.337559	12.788767	23.086901	15.714637	10.896268	5.779092	11.492117	24.930443	23.104913	12.154791	8.668240	0.000000	5.477517	6.706038	23.951539	16.716077	14.354954	11.462467	13.710938	5.441564	17.325406	13.887381	19.308971	17.532119	11.043630	16.236968	5.699503	9.320573	16.693408	20.169040	12.632683	9.261814	24.256347	12.647756	7.070719	15.454571
23.629816	19.841970	5.294719	19.929488	17.561193	11.157551	21.014302	11.249015	7.129021	20.997070	22.090037	6.317054	9.968889	24.695897	18.002123	6.854147	10.743986	18.094843	14.989237	24.026088	14.403336	10.564256	10.319423	11.858827	19.887618	5.888680	21.069079	19.089526	22.005468	21.213089	10.058161	15.000194	14.227139	11.305852	10.864380	12.475962	18.256707	22.650826	12.680890	22.146582	6.828538	5.523379	17.500467	5.291859	25.223683	8.241394	6.939073	7.597456	13.866274	18.285457	12.305060	21.421255	9.450151	24.077096	11.833985	17.627861	6.106154	24.232104	0.000000	20.842237	10.647032	19.210792	6.377721	25.041815	15.917302	16.021286	23.662559	20.346575	6.464639	24.514043	10.326021	7.026947	22.282472	5.603708	18.391307	5.076056	17.558937	24.154911	16.847526	24.656847	16.242939	5.294739
14.068641	22.332788	6.075031	8.965309	6.950486	7.196219	19.369035	9.891146	11.743049	15.899156	16.899797	22.573720	9.275007	24.725415	10.795137	21.494783	15.735978	22.222155	5.371983	20.708124	9.839560	16.365650	20.180886	7.330087	15.902132	23.763896	20.618022	11.531857	6.946343	13.374719	12.934494	18.194640	15.743399	21.694131	17.453039	22.655806	5.501009	17.095331	13.701479	5.900902	8.587512	23.141062	22.552013	10.011811	22.277865	17.265858	19.706397	18.263188	19.213204	8.562086	18.349201	17.115836	17.100405	23.674030	21.205894	17.148709	6.043556	15.383142	8.863595	0.000000	14.235738	5.371283	18.281031	16.626848	14.814601	18.813019	12.873766	10.950357	15.234500	24.978696	13.799106	12.453629	8.018524	20.725647	22.429413	13.985265	5.508165	24.677046	18.175843	13.498623	13.414027	8.549045
6.286591	23.447193	19.750045	13.218468	12.621808	23.635251	10.690182	16.202690	10.886287	24.834918	7.151656	5.802424	11.244980	20.196152	18.820351	15.122886	14.097730	21.994315	5.292819	25.135566	23.936887	10.869704	6.716336	21.308962	24.856621	22.258477	24.448074	22.347302	13.482374	16.519290	9.165308	6.732118	13.013172	13.721892	17.979074	23.188966	6.827214	12.666370	5.108158	12.297674	8.113475	22.577583	10.458253	18.836774	24.676789	13.987795	15.036417	13.649257	11.529831	6.519270	16.887603	15.186088	23.308305	5.908485	14.791036	9.150576	20.457332	17.118388	9.314269	14.965354	0.000000	15.799957	6.738979	7.161829	7.932695	7.458552	15.307858	23.832111	18.169326	13.077615	22.151609	20.293756	24.843639	23.803592	18.022834	24.768303	13.718010	7.991639	15.069566	20.057173	10.640044	11.286038
23.876321	14.223235	14.067890	7.147911	5.718343	11.321558	22.188300	16.079838	23.263711	16.563722	6.741239	23.562070	21.203718	21.664205	10.951985	12.990186	15.128173	12.371414	12.275635	8.261596	16.045990	23.453669	12.789507	8.809237	15.595264	22.866769	9.747542	6.963788	6.311221	24.395903	10.009413	17.183891	8.414849	13.799404	9.887622	15.686201	20.556907	9.364107	5.109388	17.513530	16.362944	23.819819	6.329995	14.597170	11.753098	19.432941	15.157321	9.623765	14.404783	12.343336	21.937802	20.603955	20.217291	17.628801	6.745042	23.193361	25.075657	9.158491	23.034594	6.372627	15.937828	0.000000	25.224070	12.958806	23.645823	10.881223	7.135561	5.571923	18.260108	6.276424	17.600546	10.722497	8.077714	12.315935	16.245694	24.505212	10.239466	19.963684	25.204867	15.545273	11.300931	12.311571
25.099684	6.167763	20.991572	13.388217	5.795595	9.019170	19.176828	21.187272	19.899403	7.493487	20.472283	7.895578	10.504698	9.932755	11.377117	18.234573	21.022867	15.275957	10.966288	8.665502	20.260702	19.836736	12.759644	13.635786	10.960706	19.928745	16.142275	21.408501	17.870255	21.824712	17.685924	8.594006	20.906607	23.693869	24.462638	8.077069	8.490196	9.766583	17.370669	23.720512	25.218255	24.099024	22.028483	19.549132	8.532349	14.566196	17.797646	8.417226	11.485172	13.681483	9.384416	10.934061	11.208066	18.958464	11.389245	10.953882	8.531781	5.967569	11.561352	7.753773	13.974522	12.908382	0.000000	12.601651	7.409603	13.474665	11.804145	9.483449	8.140279	19.419888	8.110267	15.253590	6.128759	23.530204	18.742406	18.280241	11.390072	15.916418	22.238455	16.241642	10.654611	7.682423
23.289651	20.132030	6.453613	19.043923	14.854016	22.861265	14.052652	15.921069	23.795505	12.360305	19.129763	6.016390	21.414009	9.709741	24.283632	22.998348	23.854168	11.903623	20.903050	23.955832	14.611993	23.577770	10.787145	6.559883	19.467588	21.586521	9.081143	7.559775	21.909080	15.106472	15.077387	8.907507	21.964376	22.337944	10.780340	18.197787	18.115717	18.675972	10.446738	12.996629	5.471301	10.167756	23.027876	16.269585	11.800724	13.543125	25.005376	11.783227	8.623777	15.473907	20.331945	7.090960	20.661410	14.114184	21.281156	21.352207	6.558696	20.355945	16.671469	8.796771	16.149267	8.148027	20.359416	0.000000	18.257516	8.046974	21.178752	8.001973	20.372576	12.050576	15.808651	6.759245	16.089749	24.402526	13.338374	15.032735	17.285784	7.224524	13.858667	21.671885	18.033644	10.246643
16.248682	23.675823	23.898031	22.841862	18.353168	11.807367	20.938025	17.534089	14.124934	19.576706	7.461569	22.052319	20.168687	20.762251	22.402241	15.219365	21.363647	16.838433	7.616877	21.544782	14.543389	19.532949	22.254327	19.051728	7.241378	18.313591	17.197158	10.628704	22.653413	23.663440	23.762692	9.287534	19.083147	23.779607	16.639464	8.116796	8.640963	19.402639	24.744390	15.057936	6.906563	19.840452	9.407615	8.333214	16.368011	13.638275	6.675636	23.038069	14.399951	21.123513	10.298168	12.783590	14.539112	6.266083	17.427090	22.945039	22.008931	23.639213	23.696011	10.776550	17.200580	9.576123	25.046121	15.275911	0.000000	21.493108	6.474845	18.870422	15.994810	18.631849	12.390784	10.937565	11.886252	12.658215	19.943449	8.130981	17.924562	15.253736	15.089260	23.423594	18.731558	6.257437
13.697202	21.418181	18.031928	16.333722	14.109161	8.583921	6.410249	7.726305	10.499437	14.827594	7.826110	19.398787	14.690889	22.610925	10.787279	14.627650	8.155479	7.560242	23.086168	25.198176	14.591749	20.260615	10.362115	22.822199	18.650641	21.112965	5.140045	16.555577	16.459367	17.004504	8.190045	14.316006	24.855415	18.666254	6.619812	15.437669	13.093125	24.134163	8.368254	23.064193	19.353374	20.568305	24.733098	12.967193	16.231631	20.510613	14.220845	8.374275	14.438886	5.220055	7.757131	17.424574	22.752680	5.079218	22.576258	9.697474	13.482815	19.982142	25.043883	19.037894	24.640796	22.029730	18.936972	20.133543	6.834321	0.000000	18.744812	16.493810	22.925887	10.509920	14.451329	16.815276	20.128233	7.547568	9.076169	11.210691	16.513845	14.706104	22.875651	6.187426	6.932193	16.474165
24.847150	8.229371	24.460960	5.686966	10.643933	18.257317	13.079035	21.742202	21.031463	5.487421	6.108388	16.136850	21.476931	19.158820	20.119804	21.324442	22.586017	8.212702	25.231204	9.260972	20.195350	8.518202	24.719907	8.913881	9.467177	25.004600	22.623695	22.324229	6.628560	23.062014	10.498806	16.423733	22.262287	17.962341	16.576777	10.542457	20.619905	6.982328	16.202334	23.352788	19.253430	14.025334	25.007568	17.030749	9.254884	15.849357	17.835738	6.032806	7.776605	13.396748	6.911324	16.366314	15.174747	23.434429	11.146046	23.125587	10.241739	16.924569	12.436781	19.633444	19.642160	7.005533	22.407513	7.574150	7.580925	10.565901	0.000000	10.692887	20.244441	19.302976	6.472159	19.527716	14.260350	7.472938	9.737355	8.369761	7.985557	21.295708	18.261864	17.917824	15.786557	15.055681
14.353408	23.574114	15.921132	18.139714	17.017201	10.207964	12.527597	23.110000	24.031329	16.999798	12.853906	5.499412	22.015886	12.522886	16.448428	20.526927	8.091071	24.851727	19.412203	15.770123	6.433245	24.703689	10.797351	6.306767	5.996587	16.660565	7.078914	15.340132	13.136549	19.920216	14.220584	22.173826	5.407309	7.691300	8.748181	15.576348	12.004069	14.139160	12.298642	17.140064	18.687509	7.226424	12.179063	7.730850	21.454263	19.580843	17.037755	16.687633	7.484563	23.082013	5.565240	20.623783	22.051729	13.252359	19.695876	21.975085	24.123979	9.312420	15.060850	24.122652	20.607117	25.051833	19.260947	15.329665	7.426826	23.939506	24.234813	0.000000	20.363580	6.913984	9.930526	19.442510	20.215590	12.400302	15.088362	18.195334	5.921588	11.603145	5.289035	20.130562	19.596384	11.069979
16.410923	13.236902	7.830130	21.862003	8.001646	8.308810	17.871055	19.116475	5.701904	21.978264	22.194852	16.360398	18.869024	16.537290	6.915369	10.593611	19.193123	14.026234	22.451206	9.112034	20.767901	22.395883	21.783819	14.301132	10.301441	8.519523	6.769222	9.728629	15.288760	9.524870	22.624863	22.909522	21.124982	15.069072	18.787944	5.237059	19.147415	17.848915	14.497522	22.054033	13.705393	10.680621	17.127198	15.363961	11.253124	8.707313	5.326755	22.952386	7.722453	13.310330	20.457745	20.653637	6.087104	14.501546	13.869236	8.027470	18.423218	12.471518	5.805122	22.276815	17.470646	8.436645	12.403271	18.367883	7.024751	7.709048	22.988353	9.687988	0.000000	14.457898	15.519842	6.867964	10.244520	24.622759	5.386698	13.824900	25.080674	11.106412	5.142395	17.983970	12.832074	21.727246
8.770343	15.539039	20.216802	12.876317	8.366489	24.045609	10.440315	8.203743	9.282150	6.591198	22.568940	17.088246	9.905547	12.164894	24.143018	15.850868	18.848284	18.941124	19.665607	17.324664	6.894267	12.120612	15.265702	15.382542	18.653858	17.355163	17.955192	18.817061	5.443992	11.864772	21.128733	13.233015	18.411434	19.182623	23.633650	17.018836	19.723906	10.599017	23.221395	7.685949	11.956779	17.097404	12.302957	12.672933	11.062153	13.863412	20.550672	17.837704	22.923552	15.572868	13.505775	11.916193	9.232409	23.912959	21.645526	6.623906	11.476337	16.975265	14.647576	10.360754	9.398741	9.992854	5.185541	17.666380	15.390015	20.534922	24.894436	7.198494	9.275539	0.000000	11.003015	10.271941	16.375116	20.038653	15.731636	11.283321	22.265428	11.395966	23.439346	10.441392	23.882992	13.045993
14.625733	14.529282	19.339039	7.746888	25.182492	14.432727	17.075080	13.548287	12.987437	6.306120	19.326378	8.524990	6.189951	5.159893	16.486179	21.682616	18.267482	24.772967	22.459063	17.883809	15.335128	6.023503	5.201200	22.948568	21.314604	8.407467	8.670873	22.596725	12.049718	12.744571	15.947209	20.985507	20.554037	20.992352	8.074263	12.791343	7.798543	13.123274	7.519690	16.725201	25.357850	10.287364	8.117734	6.418951	22.382533	15.806512	24.588279	25.351410	22.209808	17.729273	11.373258	13.603275	14.363836	10.624624	7.846538	17.106412	23.008448	10.189524	8.432465	16.453895	18.985119	25.110754	8.817368	24.656665	16.578170	19.662513	22.443408	18.901010	14.573338	10.163297	0.000000	7.893889	18.459905	22.422466	25.218918	19.911163	14.274291	22.113065	10.027314	21.915624	8.771893	10.318562
11.879708	23.260276	18.235493	13.194238	16.181036	25.282133	6.292656	14.542217	16.899571	16.450523	13.305251	19.393583	19.525201	12.395933	18.609922	23.793662	16.100484	11.255777	15.180078	6.136710	6.762063	12.427480	16.903701	16.472769	14.095846	6.789744	15.484337	16.151560	14.324011	16.748975	7.316490	17.777000	5.091078	16.328797	8.507017	11.647070	21.937239	15.135026	8.748316	19.583186	18.752163	17.098551	13.504044	24.099517	6.572149	22.564064	7.715137	18.937432	23.441283	12.262447	9.591210	16.753815	21.819444	18.035014	5.350341	24.501550	23.936311	16.115042	22.164911	5.212441	19.170256	21.623433	12.516945	21.516415	17.067518	11.512239	7.196103	19.039615	23.764172	14.618303	8.304297	0.000000	8.761504	21.253784	9.927343	5.971255	16.264679	16.452959	16.408660	8.371913	11.369684	9.494013
9.232719	22.637900	17.316237	18.549467	7.907675	24.294884	22.416534	20.923385	19.015112	11.312896	12.175446	5.791792	20.514068	21.373217	19.986257	20.396671	6.037786	10.567451	21.345543	6.136374	6.045860	7.142988	10.132950	20.867727	23.866013	6.955339	21.349062	9.667046	9.679985	24.544277	9.851147	23.201261	13.700171	19.253473	22.570182	25.355080	16.884890	23.194901	9.762585	21.316789	21.265967	25.125571	17.121702	12.597635	22.555658	7.844252	21.274147	22.102437	7.339854	10.687762	9.140431	15.071376	24.391924	15.679492	24.661175	24.316686	9.194140	10.779717	13.875093	24.070451	8.626204	25.293627	12.893002	18.990225	24.645837	5.191012	10.135347	6.118463	5.674342	16.888976	24.649141	8.908713	0.000000	23.175972	10.096783	9.348226	19.943228	19.614365	5.813542	5.581002	11.976212	6.953286
22.134289	12.470687	8.748360	20.121212	20.993098	9.982229	15.996646	19.926172	21.811993	23.350591	17.905453	14.139732	16.519385	14.085479	12.651270	24.612904	23.422236	13.336781	6.722655	5.948857	7.684106	6.582955	12.743613	11.160192	9.445463	14.091796	9.887142	5.907854	22.187988	16.711175	8.288584	14.478460	22.875779	11.460963	12.115757	11.270414	16.523258	17.173442	16.408739	14.213246	17.111065	6.771060	5.521588	18.391599	10.701523	15.643694	17.067738	24.629207	21.787950	9.576382	19.519507	12.855606	14.067467	6.910685	18.805147	23.851842	12.632113	14.956018	18.003436	11.005148	15.857972	11.595496	21.799401	24.454327	19.272604	5.122042	8.794647	6.805836	18.812662	15.534270	23.098293	19.474953	10.523419	0.000000	5.476779	9.148342	5.929597	14.864895	8.436808	8.163845	9.403153	18.146242
15.514434	20.877681	8.886233	14.389486	10.824473	17.191298	14.346176	14.462749	16.093996	18.582352	11.317965	17.214505	5.674285	13.942837	22.223644	22.768372	13.102796	9.285426	8.274220	9.685580	6.339556	8.239926	7.910481	16.722898	14.212133	15.620023	21.247548	13.689439	18.402729	7.338516	11.204876	17.210312	10.522275	16.591418	17.666300	18.733343	15.304718	16.274153	15.323722	18.860667	9.082569	13.305262	5.970777	5.249942	11.585638	22.774568	12.792638	18.617625	15.844752	21.191080	16.142114	8.728459	7.096347	12.589679	5.988968	11.411711	15.692728	15.822889	6.010474	8.817213	10.492895	24.435626	11.274620	9.850596	16.449327	6.951559	18.386654	25.005790	17.359790	24.945648	8.760880	7.958260	25.076927	8.748622	0.000000	17.386642	19.342568	12.275332	23.431373	10.548448	19.617782	7.481757
14.438278	15.345200	21.077240	10.588548	16.524299	10.366891	23.596474	11.845273	23.752009	10.230035	6.181589	17.873652	21.153557	17.705805	17.739616	8.426605	21.380930	13.027562	20.012600	20.801669	6.132067	16.522345	10.539543	16.242929	9.896656	12.761788	15.529956	5.556437	5.912697	5.804461	7.611147	12.006325	7.985624	20.289240	22.116783	12.675111	13.966417	18.964754	13.295420	17.127972	8.681168	18.187920	17.707098	5.203325	7.553264	18.914123	16.759572	23.623135	5.348888	20.336955	16.676868	17.150846	13.223175	5.845730	13.212444	5.783567	23.747893	9.246348	24.822742	20.210890	20.909340	24.805370	16.895520	10.195846	22.315701	22.543522	21.943728	19.091708	13.953836	13.496309	21.266374	20.216306	16.630698	24.963687	8.674055	0.000000	6.044744	22.366747	18.009933	13.782269	8.288953	20.109968
24.382672	24.515793	12.831591	10.168221	11.904355	9.502412	16.476370	7.805050	6.082665	11.449752	9.986364	20.637740	15.112607	10.445477	13.290849	17.716004	22.606249	24.413123	9.636355	23.303246	15.487308	11.241366	14.529681	18.452845	8.800254	5.880712	10.244236	17.114894	10.597471	10.448481	22.560063	11.310728	12.265937	15.082430	10.848378	16.739726	13.407894	24.595024	10.726206	16.262031	5.224836	6.673569	6.141237	15.005371	22.246127	10.262567	23.751254	15.156401	19.380638	25.104913	19.838902	21.741412	14.309592	20.813515	20.666496	23.174666	6.041718	5.459611	23.452249	17.578902	11.864972	7.621706	9.769875	5.148434	14.054680	8.002406	19.477195	6.283413	5.753341	20.293880	7.320908	24.637182	7.063600	14.831293	15.183549	18.616562	0.000000	20.424986	13.418463	11.001245	6.585526	9.640666
10.473929	11.295935	24.703939	7.704635	20.670288	16.627711	5.453493	12.932965	19.616555	8.490815	12.362469	21.941108	14.159964	5.928296	9.912374	16.931879	13.952091	8.947708	5.805817	17.975579	17.767558	16.932684	24.269999	12.290727	8.095596	13.010348	12.038158	10.595349	20.945194	16.719310	14.992353	24.172903	11.819681	11.954042	18.072780	5.351623	18.111624	24.418999	24.176150	9.674473	24.215303	23.227597	6.390743	15.030429	10.620803	16.452885	17.641433	21.060838	13.653694	12.575109	13.648933	13.037763	15.945292	11.529306	5.190296	16.169797	19.190085	16.667638	15.599575	18.837371	18.665109	9.743008	24.647683	5.369094	25.303908	6.805182	22.332743	7.262666	17.175517	15.043154	12.751109	5.267887	14.994132	6.186506	14.364397	15.566148	9.517916	0.000000	21.897809	10.931251	19.981450	18.334272
22.360811	14.086270	6.771504	10.577418	17.248283	17.526208	21.637204	12.673057	14.086933	25.193217	21.227748	7.456910	9.282911	5.890722	13.900365	16.766917	19.608165	12.644684	9.385745	13.036343	17.875665	22.246082	10.335393	6.370411	12.603639	11.538165	23.814832	9.211350	12.651808	8.257310	14.572320	5.108454	17.159902	15.440792	16.319937	11.539049	6.003959	13.893148	22.782330	22.632862	6.404042	6.787321	24.672718	5.091545	11.598030	11.032631	12.274057	10.119890	23.935064	9.959467	12.498695	14.941815	11.641778	7.124968	9.137605	8.222417	19.637398	24.258108	12.603423	18.001414	18.019750	20.301859	11.899913	19.632767	7.157353	23.797667	10.725693	10.076520	8.143167	14.181904	19.342868	23.549739	12.736633	25.263374	19.634591	16.600008	13.226878	24.698529	0.000000	14.655520	22.379302	6.385866
11.405465	19.249898	18.234601	16.587459	15.328162	24.853269	12.130386	5.099131	19.644366	6.856938	8.051966	11.489102	14.288703	8.528395	5.883582	18.102660	11.122466	19.539542	9.975369	23.606533	23.569885	22.566548	6.406159	22.875738	7.826260	13.279812	19.779517	5.197367	24.852195	21.971316	16.095714	15.499689	13.058749	18.885539	16.092310	20.399857	5.950683	14.821682	21.335249	5.347053	24.157690	5.853624	24.972708	11.578304	6.215451	20.113196	11.134987	13.771887	11.810869	5.421788	15.513031	7.377659	16.295126	24.755283	24.916532	10.722796	11.702520	18.004274	12.110305	11.193605	18.786801	23.250914	15.404038	21.630655	24.826566	16.907679	10.974838	9.782588	14.418989	16.515573	15.682256	17.599117	10.029106	9.416472	20.273173	6.036802	17.936093	24.274100	23.003106	0.000000	17.182171	25.239267
20.372577	18.849825	7.050407	17.260554	18.108267	14.096872	21.833083	22.948915	23.009446	12.602635	11.771907	11.326391	10.092361	7.156744	12.642012	5.281150	5.491696	20.828713	13.096672	22.478147	14.966510	13.533009	15.232143	21.031600	10.829720	7.038896	13.962236	15.144488	5.460777	10.774019	8.558324	7.304300	6.069376	13.863305	7.397044	19.142721	12.016400	8.945919	25.079367	19.138228	8.712532	19.764903	22.702491	20.225670	13.163178	13.489454	17.624835	9.920943	15.356968	20.827473	11.567086	12.557526	14.560685	5.524872	19.797745	24.199711	21.157508	22.159470	20.961171	21.452346	12.252587	22.922761	18.903432	24.736333	9.763509	24.188423	20.380280	15.874763	10.756549	11.767225	22.612522	6.165507	12.980531	5.691410	18.324468	15.255842	11.144724	16.087779	20.580108	17.077073	0.000000	20.620474
16.314357	17.206130	13.911494	20.200755	23.731427	7.225569	25.149291	12.384092	23.042347	20.745654	20.743393	12.455978	18.060904	19.903391	7.969468	19.340335	12.665995	8.487832	10.082928	23.241815	15.688469	8.298451	25.136767	7.643462	11.067024	20.683602	9.680066	16.754977	5.708422	20.853303	5.451550	22.428968	15.039348	22.046653	11.786485	17.761712	16.163742	17.339713	16.470634	12.487261	23.816660	9.638473	8.796622	6.963600	14.182773	21.858353	7.999949	21.349282	14.192465	7.793412	15.217206	24.991985	15.790620	9.525768	15.169725	7.378313	9.458709	13.851142	13.267484	8.678698	19.513143	10.487008	13.797707	12.973428	7.821092	15.815330	12.910846	12.818461	24.718819	25.206206	14.873211	9.222319	19.919749	21.291254	11.621689	12.738819	16.222910	15.859437	20.801212	11.909210	14.570265	0.000000
