0.000000	40.717724	17.142001	37.790246	20.057342	22.423940	22.016762	51.343017	22.674857	16.344164	26.820892	33.519920	27.661638	41.550449	11.505917	21.302928	18.724969	12.038966	14.987511	46.580705	21.213964	48.803828	44.376910	25.230235	16.513124	28.651665	23.289824	42.070486	39.746001	29.745956	47.838366	50.024348	16.956943	44.394386	23.968094	28.506102	27.863717	23.082592	27.786292	38.678005	37.681588	48.620524	23.155677	21.274495	49.075860	12.007968	13.408395	11.972908	21.717452	39.255425	11.014378	23.695107	19.580206	35.891388	37.881872	47.121453	37.664031	20.938763	12.207002	28.565058	40.386622	20.542395	22.427266	38.367769	47.156050	35.923465	49.105735	18.998718	23.539650	40.626090	37.200674	13.171925	32.486098	15.019543	28.127177	44.751022	12.925575	21.091949	51.001460	32.797070	48.119796	42.741539
17.170466	0.000000	51.773526	17.490676	20.059491	23.818434	20.919320	31.881496	36.373385	47.725621	22.566640	43.910284	15.000101	43.924761	28.604443	31.212350	25.143178	31.737394	35.983680	50.345773	50.477103	52.174234	35.090281	18.032373	23.766721	35.057569	46.618679	35.607723	16.472453	51.776318	13.600885	21.896183	34.798557	40.422912	45.118416	17.568318	26.325487	50.574803	27.857544	21.530671	43.729529	21.440156	51.572214	45.447351	21.635631	21.358789	35.016267	15.382304	34.382362	43.164720	22.814161	11.770997	52.030860	16.316470	12.996999	20.715642	18.097297	30.572132	37.900875	44.103587	22.214065	37.144507	26.283166	49.848887	50.590301	36.463799	51.707279	45.006059	38.819761	40.354393	22.539698	20.594255	49.865863	38.326767	29.447256	35.436235	13.018932	25.190491	35.709267	33.789163	36.759319	44.286318
11.999619	21.964092	0.000000	35.815120	38.540189	18.674908	29.426341	16.129893	26.304838	37.551951	50.492674	35.992558	36.317235	41.258000	25.092018	44.507660	35.268295	39.185338	40.959222	19.628597	44.384241	25.135099	41.954423	21.111017	40.073758	42.426660	26.773854	41.485359	19.916043	37.343834	45.701440	52.119266	44.837157	40.458664	17.691090	48.280402	30.277062	21.912305	10.667555	27.393895	20.955731	52.184693	10.584087	38.365370	23.569155	48.671332	36.071580	34.609982	39.713827	32.320680	36.701798	35.513323	31.749629	18.552238	15.372457	49.725716	27.623436	31.013897	28.510827	49.182500	29.561270	15.988980	31.559880	38.154949	43.006532	18.040503	25.640671	37.106689	16.198942	29.103251	41.967646	50.844974	41.397981	40.306532	45.982381	20.839249	34.679067	24.920290	47.474918	35.479936	39.721835	19.779432
38.144923	11.100214	13.680557	0.000000	18.918310	23.947992	30.493528	38.371652	25.547344	35.195782	21.073414	18.679235	40.488246	31.541187	51.322119	38.290566	24.599464	33.196380	42.977158	25.272486	17.859623	27.817896	30.286456	28.094070	15.646305	15.236086	25.720728	17.346458	28.498977	36.733918	30.698165	14.066821	36.455125	11.287124	30.911750	46.133822	39.159840	21.997157	12.704818	51.925906	10.654299	50.054787	20.415233	13.684798	34.462785	42.285950	14.742482	44.359250	43.177778	24.291533	36.445237	12.016966	45.387683	50.556042	46.994700	36.663497	13.356145	36.811280	49.758895	50.219475	12.570438	28.212759	21.988679	41.110848	37.001131	37.539635	11.622613	27.703423	27.640224	36.695630	40.730443	52.179771	33.035616	14.234521	15.098318	10.837384	39.199291	25.405705	40.500366	52.430840	48.808963	37.511015
42.878401	34.922984	43.236936	39.984710	0.000000	34.594956	18.486353	39.116667	42.055099	16.336246	40.814404	47.980238	40.727999	43.318100	50.967537	40.843930	22.693341	24.918300	39.801822	23.221809	11.132438	29.296055	23.210205	23.195790	27.715031	51.110544	40.034167	29.138365	24.634059	31.534459	46.815850	11.900961	33.816907	40.270236	13.425840	17.666915	29.284800	31.888585	10.744628	28.007845	11.215038	23.677921	42.414385	28.121993	14.509062	42.705317	17.003247	29.958538	20.924312	24.543387	14.312563	32.185323	40.990024	24.624216	40.313663	28.103422	11.507761	50.869384	28.343941	24.462812	19.989745	38.945319	30.057665	27.223482	17.530815	36.428635	46.309401	45.876629	35.312093	47.512945	39.572292	45.954939	36.071442	25.549316	45.277210	46.387041	25.319342	15.604172	33.056830	21.700368	50.422791	11.926561
11.282641	48.162790	47.791885	48.716685	36.638343	0.000000	13.995247	40.691315	18.147935	24.736813	13.547627	42.409927	41.367496	12.599187	41.031652	23.777815	24.817583	26.056402	28.064015	39.579253	42.415194	15.202962	34.622001	34.103247	45.149828	15.329362	36.498524	35.172753	30.500285	19.874038	31.293805	34.617134	40.498603	16.084325	27.486784	21.207090	45.084341	39.448693	25.576636	52.055062	24.596194	32.581752	28.562924	44.123346	48.522594	34.415055	20.101305	35.692461	22.780329	44.583079	35.588479	10.821848	46.698479	39.973969	25.899238	26.833077	36.772088	38.703595	32.064073	42.852477	29.362888	33.664286	32.596900	23.854560	30.166412	20.145716	10.871794	16.607278	12.340959	11.634278	18.269325	40.397615	47.266442	26.505732	34.030350	24.023837	49.201110	20.321487	28.339407	11.305052	50.781056	21.038730
17.253087	25.346806	40.749183	26.185805	21.230230	47.373860	0.000000	39.593448	50.164144	44.818969	43.722452	39.102482	47.285271	52.068732	20.999909	13.420823	12.154276	24.253515	24.592501	41.854241	13.608480	44.477950	49.574775	27.527332	47.182394	20.315929	35.682261	16.699758	39.689990	31.412294	39.838703	29.080281	29.576608	27.793127	40.889520	40.654505	31.625094	10.879161	47.780109	43.700916	36.845832	45.377989	20.187522	32.678761	18.704997	42.010421	33.381595	47.205318	32.293332	26.297373	50.457385	21.355322	18.187866	43.790085	28.048734	25.788203	51.825052	39.443948	12.724081	29.967575	23.802045	20.326728	16.959762	49.869125	34.293851	50.545552	30.022991	37.509103	33.839041	41.787296	12.154684	47.830494	48.754121	32.009171	13.691041	21.484351	32.620123	21.882607	10.946297	41.724868	45.245952	28.197559
38.589128	45.322131	49.775822	32.365631	17.294215	44.535561	52.410188	0.000000	43.588975	49.198637	20.356882	41.879495	23.940940	39.695604	23.633606	38.724554	26.341061	45.262655	33.682116	36.657939	28.694558	45.664758	16.255555	39.331197	37.013978	32.841714	13.415799	40.926844	39.467601	14.040516	48.016780	29.377201	21.304652	28.715302	26.677039	42.094981	46.205012	27.054094	21.962642	35.915231	24.359578	24.749202	43.536193	46.974116	39.676008	39.836781	46.620687	14.846520	11.980837	38.267670	38.328787	39.457760	50.384477	49.433405	26.289718	17.518174	33.039488	23.447701	26.897605	32.805899	45.353435	44.215885	44.707749	41.113796	29.867175	41.861074	18.661720	18.445722	22.975006	24.225545	45.878302	22.661408	20.311602	34.483506	28.413270	37.097170	46.196729	44.567545	51.873046	17.025848	15.637841	23.419613
13.846060	34.228299	30.610529	12.280740	46.507010	10.490561	51.587177	47.205408	0.000000	37.468668	48.007157	34.586838	19.572196	13.642177	32.532481	37.701049	46.324745	35.073778	48.372926	32.521132	36.740327	26.235168	29.043452	41.145129	45.825603	33.225485	11.325449	22.285030	26.772501	43.232338	45.295157	46.595565	12.451541	20.244624	10.756957	40.844460	20.796125	42.618077	37.667843	31.116253	45.354447	37.554160	15.120726	16.019949	17.354088	12.960883	25.774439	49.536205	39.494220	12.873469	17.392638	16.916510	24.268026	41.020283	24.643395	49.522289	33.889366	45.725973	18.812151	16.241558	40.648211	14.145112	33.451167	25.532123	22.503197	37.790249	15.142756	34.820162	21.191487	39.916165	44.604373	34.530417	34.892947	37.291610	34.133688	10.639591	11.710613	40.238450	15.763945	30.442994	16.683102	32.610286
43.782801	39.795933	46.464546	38.901547	20.726392	20.845836	25.850951	15.370560	22.368796	0.000000	23.552887	29.975607	21.639650	18.791930	37.188424	13.818456	19.130706	38.905032	21.676226	18.166659	51.865560	47.405119	35.810889	14.018820	50.651016	38.320071	36.566385	44.887549	20.195553	29.789046	22.510467	51.364695	17.176903	49.506769	28.384119	25.064970	46.562421	38.603153	29.775474	41.448562	47.670334	46.185137	30.437909	52.021870	29.812853	37.886569	41.874778	24.931495	13.230248	51.134600	44.216709	25.297019	32.918799	30.331289	22.073212	42.943551	35.753146	36.306598	47.429461	44.755649	23.094774	16.745047	13.508821	40.980892	27.714429	28.165834	36.209619	43.332352	48.803355	21.423320	46.867116	31.153449	38.108920	43.106390	11.235836	45.189010	29.053635	31.665947	37.759112	11.285662	36.868295	23.591589
34.282683	17.049575	49.329215	14.938987	29.066884	48.640184	27.364696	15.983026	50.966391	27.861356	0.000000	19.873354	37.290349	38.160471	23.206260	39.038778	22.264008	26.650913	25.001549	29.397152	16.815191	48.758686	34.081974	37.036644	52.290434	13.891050	39.171252	25.749979	33.663689	34.150327	39.021857	14.924291	50.670282	12.786895	21.547050	32.640382	37.128639	40.560989	31.406863	34.288655	12.363108	34.055389	23.289206	13.356569	25.721534	30.789754	29.352284	15.486051	15.749479	28.040818	23.579822	33.869302	33.958563	18.378726	34.646482	35.785741	45.130098	14.941575	12.698061	33.075378	48.942973	37.266468	48.338807	34.273548	15.858088	13.518699	29.872454	43.104319	41.341694	50.798884	10.643542	34.397387	15.459516	31.725447	18.236374	46.474839	31.635778	33.892630	20.497553	30.099546	30.131568	15.446937
49.572442	21.567927	17.373543	28.242657	44.787327	17.807289	22.468306	47.645310	45.091738	14.589261	41.185615	0.000000	47.224341	13.415908	25.249782	32.561915	38.112839	11.071574	19.316720	49.998341	34.783938	25.397498	44.437912	26.973067	18.216238	33.319686	16.227154	12.623326	47.155976	46.391407	29.244366	45.187316	28.293403	35.389942	25.076450	42.285349	15.273885	28.994348	33.069247	42.431195	49.318447	21.038124	43.273586	17.434279	16.580244	35.227037	51.706066	47.580520	21.175965	24.913847	38.209884	12.953081	34.031464	28.885609	18.683347	11.486338	41.461822	32.352316	24.854064	16.045704	16.614584	49.425788	50.547451	45.068588	48.349131	32.488916	15.232750	37.628813	34.723420	45.939353	52.353367	32.572054	50.326667	20.542827	35.180614	22.589478	39.955911	19.378890	46.023648	30.144865	18.466961	44.022904
10.948748	39.053833	39.675498	13.810858	42.937464	16.788001	10.571499	52.226582	24.003651	27.026184	17.142006	17.366087	0.000000	17.510129	49.171263	49.735164	11.652535	17.152040	33.028748	45.682662	19.614399	49.934024	18.610109	14.761375	17.613170	43.000048	30.542083	37.237050	42.341536	47.196755	10.936641	36.342069	17.578272	51.538934	27.407767	50.617750	35.896398	26.319820	38.206343	14.808396	32.700071	45.340506	34.098503	15.172751	28.053876	19.071530	27.689574	26.960330	38.235924	25.758042	23.593091	21.774300	39.358111	17.657539	11.419475	47.982311	41.854422	30.480283	46.701463	44.141627	30.574906	18.651538	31.767200	47.202605	34.482930	51.967599	11.452981	27.606684	52.409060	38.233472	11.444938	23.981408	10.530938	24.962244	39.201838	41.600753	38.447623	13.930148	35.280792	14.898023	30.218278	43.461577
17.194721	40.377009	42.510249	24.094049	17.328885	45.880638	40.821608	46.314177	47.397965	38.848626	18.386909	25.003168	37.751958	0.000000	38.762072	28.345157	49.268926	44.517941	17.114550	34.433791	46.722874	50.587515	46.214058	20.917988	28.705132	46.821432	32.091528	14.755027	46.238434	45.362622	30.752440	26.128471	24.106568	35.275960	51.375403	16.233332	22.857778	20.882431	28.438035	19.223232	40.873036	44.385796	17.845030	41.236968	26.079571	20.359846	48.676241	19.792674	30.923569	16.418913	11.101530	29.621901	49.300535	22.277331	14.105650	15.891753	41.768152	50.178317	11.224224	11.974575	47.534560	19.832396	28.824050	16.112874	14.162536	23.401045	22.716397	34.776669	23.490444	23.967241	18.878463	35.377696	35.908792	15.185375	47.301261	23.446967	33.506105	19.328418	36.539226	16.350240	35.748209	49.240623
44.047369	23.207380	13.933934	42.067318	32.802396	42.153742	26.861549	44.057066	43.063212	32.553329	16.130636	16.955766	11.101363	34.720759	0.000000	34.118363	35.284396	15.479155	13.955658	16.317825	29.054522	22.684044	12.706669	11.033639	48.131870	20.860325	23.790351	12.722399	44.520116	23.297318	20.049344	15.491960	42.011549	15.490569	33.363510	20.688716	28.305900	13.895232	14.804811	34.574478	36.447350	28.046459	16.601586	16.875927	33.160346	52.405817	27.916047	20.049197	19.989047	11.794078	28.059612	35.067828	39.758068	44.969033	22.847814	26.460780	20.130075	10.689238	12.491216	47.398596	22.392764	39.803051	45.535878	37.120894	28.846561	40.947227	49.320025	29.451799	23.150965	19.177403	21.623276	44.448439	16.308763	15.737452	39.771644	35.436506	24.286622	20.919634	36.162755	15.038378	24.783993	29.669928
46.730236	47.643597	15.588876	47.634147	13.217233	42.389820	14.799509	47.789557	19.146323	43.809502	33.572373	36.333916	34.185558	22.081841	45.303714	0.000000	12.385810	48.140149	31.428843	22.527645	26.662203	49.766565	17.980998	24.519884	44.312780	44.262169	27.132127	20.226917	24.539171	35.649462	48.189787	37.251911	29.237193	50.918890	19.584700	38.388708	29.578606	24.615823	15.349364	50.035688	34.278000	17.028041	15.366769	33.426027	42.806911	45.495721	36.230059	44.783879	46.347483	36.122866	26.539886	45.227510	51.374391	51.781553	13.499025	30.335320	20.084076	20.317523	18.484566	50.910820	42.096678	26.213922	24.805062	36.017582	50.263314	19.064895	35.069929	49.166467	11.434701	47.414063	38.985877	25.256001	41.762454	10.866104	37.074347	50.798118	41.823557	37.639604	44.981933	27.945496	49.953423	14.622843
15.883793	10.672569	34.910551	37.802953	48.566395	16.885702	17.340074	47.852466	47.242375	28.277433	31.904177	24.843125	49.739950	36.186047	12.449113	37.870228	0.000000	13.026305	35.254412	30.351303	47.118998	33.622069	28.221662	20.134125	33.761565	51.311187	25.638427	52.007182	10.851044	16.848962	10.989846	47.212834	35.370605	36.069440	20.174230	36.107629	51.895221	27.899220	12.192081	18.900392	14.198113	31.516833	47.959818	37.487710	46.894558	30.295073	22.064465	21.395940	21.258353	17.878384	44.482580	45.773336	13.779759	24.387479	20.360536	52.179225	19.758857	14.650734	15.153328	38.002209	26.036679	44.724309	21.101781	12.811146	26.855993	46.360460	41.356633	16.871494	45.750028	44.599921	15.091353	41.685585	13.889442	23.198216	17.344598	49.071826	45.296831	44.560392	22.967244	15.891495	48.689366	37.619469
12.862053	11.189606	50.317146	44.329386	31.004415	27.085710	11.285862	25.616850	29.258402	20.615952	35.121739	28.796390	19.027221	35.882291	49.014092	51.699907	24.629179	0.000000	15.524918	36.383493	18.244881	10.845141	49.334872	14.722853	39.117571	11.647082	22.982784	31.217662	36.818339	26.759718	33.770363	19.964887	17.420773	15.155701	46.299644	10.609437	37.281306	26.735091	34.015792	44.733003	50.101670	13.370106	43.723351	51.012344	21.620054	43.854444	49.087157	42.540905	43.864182	48.194401	21.939534	18.720201	15.720456	18.962287	34.745955	15.409251	28.236609	28.535283	18.850573	41.418832	24.096056	15.077099	15.418676	43.016232	22.904906	41.063039	21.691336	28.231814	16.572419	42.152558	27.254255	42.566691	18.451848	48.823176	28.037159	36.792999	35.030838	13.143834	20.901902	46.195114	51.311805	19.469055
22.435301	24.613257	27.157581	20.369837	29.687751	17.259914	25.639211	36.502431	18.979488	48.681544	44.848032	47.524564	29.656539	43.919262	45.636660	28.861726	35.417320	16.108721	0.000000	49.204177	23.513095	44.170062	33.144513	51.538680	38.051629	38.149519	29.719968	16.173755	27.368311	40.933674	30.425208	13.693657	50.451845	30.576915	20.753642	32.091965	43.957030	36.487213	38.452128	48.174375	22.779721	46.933330	51.441648	25.971479	48.914627	34.109773	28.843672	29.430296	35.224689	51.321264	18.466102	22.571930	14.138829	22.630254	19.226901	36.943744	17.362646	34.447310	41.942869	30.175429	44.196956	32.986520	17.366609	16.559496	36.926083	30.009749	16.618155	44.474812	48.377868	51.876921	52.365554	17.582972	27.082736	38.033546	23.521273	32.616797	17.689554	24.985924	24.113099	13.890575	31.012505	24.452593
10.839341	15.589101	45.502120	25.188819	23.655245	27.661937	13.124970	48.946733	15.906163	25.262611	36.829421	18.674593	13.753950	40.734513	21.437936	33.557352	43.714884	35.140775	37.930332	0.000000	10.590117	51.883990	47.821239	33.195687	51.862895	23.847162	41.172974	32.468774	20.980349	41.079826	47.916171	35.288544	21.572934	13.375255	36.634414	42.989714	46.112296	43.254861	18.689659	36.380564	38.131743	42.309314	49.728468	18.083789	38.543796	39.065188	46.549872	18.294117	34.638387	38.316906	24.767350	28.247599	46.233042	37.100876	31.334577	36.168663	23.405223	46.311366	29.974125	20.921282	51.082831	16.946779	21.954091	13.050091	12.676806	10.864844	28.249492	12.358639	23.352931	25.266723	34.520309	12.131527	48.614478	37.871793	23.592203	19.645995	13.204506	27.661681	36.688687	44.349735	10.518068	36.342892
39.610196	29.152013	36.875836	42.259761	29.866901	51.168932	18.154348	49.327293	31.554143	13.535905	22.410067	16.079536	28.320511	11.379108	44.798053	37.110956	35.602251	49.117485	30.966488	12.377720	0.000000	36.146148	50.628542	16.586537	36.408742	36.428246	21.968988	42.155455	17.553580	46.205711	29.345785	27.642288	33.628891	10.794281	48.288643	26.846530	28.730299	28.715369	13.323474	32.273131	20.543208	35.691256	35.156142	51.974230	37.136095	16.330429	14.060068	31.407501	20.484693	12.433374	50.859459	13.546401	35.645240	28.478548	35.521277	51.638887	34.911426	19.439784	38.609548	44.071207	37.708837	18.782620	37.936723	44.971192	12.123245	18.680071	36.794483	24.083323	14.031693	35.589081	26.925204	21.303637	11.472315	51.946966	33.700039	19.549499	24.084658	47.432063	15.425912	44.338419	42.630080	27.239648
29.647865	38.200007	40.014792	35.957779	16.074396	38.860049	18.685956	51.431017	20.679014	22.700612	17.627860	46.887550	22.507229	18.761218	16.380139	18.701923	21.335601	14.558223	12.452053	48.728827	19.741618	0.000000	36.262710	47.046662	36.293913	38.360095	33.122153	48.824986	20.154095	50.989798	25.087882	41.760325	46.942193	23.539635	47.910469	52.057810	17.716158	10.822348	36.017942	22.763283	29.166770	14.651303	42.014736	31.959923	36.738543	14.506202	13.307549	15.818867	19.425039	35.468707	14.287631	49.578474	12.056388	13.357475	18.113912	35.045289	50.721461	24.269388	16.300006	46.926277	50.047800	21.513541	44.086727	36.040284	14.613876	48.910974	39.433280	28.802899	52.175983	20.859931	44.997734	17.106117	26.360317	32.935362	36.664704	51.324108	21.173287	23.135861	12.096606	25.412926	15.286525	16.386340
28.593103	25.830102	38.637312	22.033985	48.630733	24.852738	39.421776	47.559541	42.829652	29.224060	19.769017	30.797764	10.775683	13.731303	31.689038	13.959554	51.418813	22.300205	41.886902	12.873034	26.656915	25.989131	0.000000	17.458542	34.239838	23.199879	13.236774	39.412252	35.825265	36.297909	49.204615	44.418043	23.911911	21.366364	33.098762	19.801976	10.811540	20.825388	32.774057	47.109371	29.114402	22.999831	17.794184	24.457963	41.713127	37.795531	45.289591	44.984440	29.520498	38.014403	25.048649	35.973618	33.974508	48.292477	48.304614	51.628150	36.181939	33.496448	11.716192	32.425360	16.441970	40.171783	11.522539	17.235193	26.185717	26.572289	47.079347	15.191210	48.628104	41.673751	27.372896	10.750856	48.323741	24.153565	14.251935	33.028805	42.352556	29.183942	48.102011	35.657960	35.747828	38.002390
52.321324	30.614710	30.469521	16.975331	19.579726	16.178540	16.650864	35.599853	24.594936	19.796217	45.110359	23.288871	25.013888	36.651670	15.416127	12.380612	30.120183	17.614899	36.685997	32.128420	15.943289	16.673688	50.712449	0.000000	28.637360	26.524636	45.156548	22.528298	21.464233	51.830262	25.615549	15.954117	41.876579	13.431617	12.487229	13.377434	24.843090	32.419531	31.520068	31.524782	34.494506	19.063556	13.901153	36.650089	22.417948	42.503883	28.692244	45.571986	41.523151	46.155355	19.565292	15.793595	26.619280	13.459003	21.041099	49.661189	15.780995	32.163050	18.800825	22.988446	30.144228	38.500879	42.445076	12.382302	34.446999	25.842682	52.353639	18.771495	21.742134	51.591926	25.758802	19.109710	12.590215	38.011102	30.662379	48.453360	30.494344	27.334517	46.454915	45.238523	24.466670	13.872135
42.360204	32.473405	40.750427	50.928502	15.080150	27.546934	50.245421	11.196863	38.905257	19.419602	19.123550	25.919219	45.422337	52.315401	23.801982	35.844469	33.831835	34.398320	24.859943	40.472707	43.094813	51.288884	25.629748	46.282524	0.000000	21.007898	37.283912	23.008682	33.899455	47.500818	52.366398	11.068049	52.354765	42.983432	17.795133	37.345996	22.583188	33.439145	26.940532	50.021887	32.653219	44.311864	33.892895	50.499194	19.473548	11.262454	51.427123	41.372600	18.765002	19.088274	15.790243	15.243606	45.350064	51.725702	47.004947	48.904702	20.099963	44.024604	45.512019	12.961622	38.495018	48.389700	11.040689	28.680255	43.941458	14.392081	13.785558	39.882905	48.010642	22.915128	22.831813	24.309694	11.457944	44.839814	29.256151	47.912605	43.317099	38.090269	50.790597	37.276566	10.928410	24.377533
43.182640	50.596890	42.149107	17.780137	44.082913	40.896194	50.355938	25.094107	22.888326	48.289976	19.896428	31.977662	31.027172	26.086997	28.541079	47.033533	28.473740	16.339158	32.597972	15.320695	28.831330	11.793662	33.937479	20.844502	21.945800	0.000000	50.231824	20.768453	11.638661	15.167233	38.958053	46.655079	25.876625	43.090961	31.517903	25.849390	25.937283	26.570188	47.362763	40.359454	28.774404	36.483214	43.779629	44.218726	31.508817	22.660849	25.135605	43.563924	37.671340	17.140635	30.771909	41.031747	46.980437	18.995716	27.367468	19.777045	15.930652	29.262601	36.590685	18.181954	48.246576	20.776904	50.429867	20.328110	35.543143	30.175534	22.810354	31.226285	52.052872	37.739969	44.927454	52.325989	21.381312	15.153197	36.882991	21.636771	35.826566	42.236222	31.259373	10.526850	26.821971	30.589470
15.333600	43.133419	19.476820	44.079971	47.936918	51.551214	52.146422	39.663084	20.107342	23.089464	35.617253	30.121024	19.786508	17.427754	25.125331	43.624273	46.078058	33.311689	24.280663	17.772865	11.505438	33.532518	46.045921	49.562475	30.202706	16.732133	0.000000	28.661564	33.232663	23.016680	14.069279	21.273035	51.423169	46.701959	25.925134	44.431080	44.918648	26.373113	24.804035	26.379920	36.955464	15.220406	46.669260	16.059646	48.788797	27.514324	38.552038	34.293484	46.160982	35.095185	25.662891	21.494194	24.124163	46.656084	18.450148	17.154139	21.147589	35.872521	16.450689	22.591039	48.742534	51.404704	15.066722	44.808586	15.932418	27.726509	40.042655	27.741036	30.207106	31.853190	47.587220	26.780510	29.033264	45.053462	25.392228	15.398512	45.672810	29.840122	46.188385	13.393313	47.991689	17.394566
17.326264	19.436698	48.057282	23.157404	35.336103	39.560723	24.823894	17.289274	45.258961	35.094468	29.404600	12.660293	44.403173	22.662461	11.781864	37.999675	41.059271	29.317615	41.986282	15.165210	29.485478	17.110947	13.322786	41.253017	23.174402	22.627691	28.541351	0.000000	46.551172	37.058051	50.578243	42.082481	42.186192	35.333297	18.694931	41.964744	31.289937	20.750660	46.742011	36.635147	38.336490	50.399432	39.138496	28.647213	25.546531	24.039813	49.008044	49.977057	10.703061	31.730501	51.557608	31.919827	46.296606	40.848401	28.111244	15.291321	25.376211	17.274725	23.220519	41.653259	36.043496	20.823648	23.679388	47.199302	24.823226	49.132470	38.997510	28.426804	20.438721	19.370590	25.157481	14.780815	52.171040	11.241989	11.411747	36.766555	29.183524	13.189599	14.079754	45.724547	49.612630	47.164676
30.769444	49.658699	31.961053	48.407139	30.029136	33.386224	18.754008	21.672274	17.025160	44.378236	18.910892	36.616046	35.070332	44.894611	44.529946	41.444927	47.263551	19.375244	18.609734	39.894072	28.768704	45.771619	28.363250	28.016608	42.818500	26.150169	10.543765	37.977869	0.000000	14.780276	33.219735	48.352690	50.707798	38.912844	38.317306	21.426444	46.680233	50.703781	31.745711	18.848427	21.929608	22.731077	26.099720	37.999665	46.428221	49.679013	25.031236	17.788290	46.664080	39.797397	25.432058	38.715799	38.095740	22.301540	30.229084	16.039781	21.695646	12.219268	24.120535	42.214698	26.264231	39.411383	12.556865	19.898427	32.110532	29.830905	15.522284	32.849918	48.025995	40.584568	28.745018	50.826017	18.593038	16.429122	26.301387	21.092299	26.570613	15.604367	46.687117	42.362410	49.636627	21.467016
45.921737	29.525970	42.814106	48.925383	21.010418	40.511164	46.799097	30.661703	33.369649	32.762390	30.602898	46.368664	38.482326	50.121380	18.608606	29.402674	45.687514	27.428137	48.218220	39.930086	23.274066	49.705087	18.955697	47.647768	50.221726	28.940195	18.326925	33.798602	44.719763	0.000000	35.866767	50.673725	27.794845	28.189090	33.151716	31.515917	32.834777	14.120585	43.093311	15.037154	20.778955	40.969077	32.733633	26.406232	29.062560	15.342049	26.687316	47.780830	18.763878	12.691258	16.662139	46.498252	47.717663	17.235198	38.834839	25.291622	38.260835	14.633698	25.761371	47.391808	28.984349	39.976594	20.687174	43.143876	13.343106	47.527611	33.817820	45.088898	36.153805	29.187118	33.540532	29.746928	46.483448	49.235856	28.878707	20.161139	21.226247	38.909725	50.772492	23.318367	51.900709	37.478558
30.534879	11.668397	31.922201	46.698175	19.110305	51.758105	40.479193	18.670304	44.926510	29.591724	34.335483	15.747710	40.818386	27.401412	33.662722	17.834632	34.862051	10.524010	36.827115	26.906058	35.093888	43.191477	32.652193	32.226657	28.513386	40.296936	41.101808	20.918369	50.182366	23.382688	0.000000	18.157328	31.729330	17.893375	45.457164	30.417442	48.353807	26.117559	27.755641	41.941030	32.864850	22.496683	32.705372	27.809782	35.478100	16.220787	32.532453	50.602492	39.646320	52.034936	46.569933	46.638204	51.054551	38.587004	50.678065	20.972044	47.108275	45.278167	52.276645	45.330027	34.384479	33.051754	35.780260	32.752681	45.859985	14.262943	37.557656	36.514534	27.897260	31.519667	46.372302	19.337482	27.401241	31.519462	36.646540	16.010620	15.317925	38.656944	24.215752	23.935482	20.789167	20.143643
52.213088	13.730685	13.488886	39.468235	45.264603	37.925790	49.641455	14.462185	45.812751	35.481467	32.423698	12.066032	47.839326	48.979943	40.422681	19.862872	22.342055	32.011327	44.374215	28.503603	38.306329	35.787411	49.213963	50.872633	14.226108	29.882860	43.618709	50.889272	50.971835	32.819859	44.273741	0.000000	34.597320	32.694514	45.771059	20.392135	26.936205	35.266967	26.169802	20.858943	16.307283	32.041036	38.083710	51.102580	15.266613	38.733417	46.985227	20.226701	42.643718	14.892128	10.975533	15.235444	38.443871	14.202387	25.941272	47.805346	12.996983	14.198942	24.362057	45.080253	35.170504	48.926605	25.944685	38.673991	29.705008	38.096917	29.657547	14.791379	31.938727	44.068194	39.480302	23.526382	49.523832	19.574780	29.542857	45.976591	44.531710	30.350033	35.060757	52.053579	11.887223	32.497956
50.812545	22.119348	49.478482	25.192534	33.422172	41.169913	14.537783	45.431691	26.159739	40.358265	15.627369	46.374460	40.443536	45.436306	43.067835	15.724526	27.487733	32.614825	30.421192	24.050089	28.633082	15.234063	51.139316	48.771038	47.141448	23.440423	45.183002	32.164441	27.242480	51.100737	11.549118	39.004975	0.000000	49.326738	15.353829	11.191830	22.344358	36.771900	29.632607	22.644822	49.249453	33.690265	30.959160	18.100020	31.007978	11.930722	45.638772	14.237463	46.808367	43.071721	11.690339	41.634566	17.259754	39.513094	12.467915	32.007453	19.808110	43.255669	36.591994	15.577585	15.820125	41.816992	40.714220	15.822227	18.030366	50.915580	17.586257	24.205475	43.163379	21.634311	11.864610	12.870533	28.882806	46.959786	38.557117	48.822457	23.584211	16.985150	29.832909	50.746645	47.827095	26.420636
25.513514	50.128332	48.614638	25.015994	35.377674	27.814813	20.750067	36.515474	17.675352	28.434289	27.116955	39.777102	18.351487	17.389642	50.649981	30.578373	11.882316	52.233949	34.678796	25.821539	15.179370	48.852090	52.085454	51.885867	36.037446	36.441359	46.150281	47.672781	21.164556	48.342248	48.758944	33.963519	17.460462	0.000000	18.419595	13.823242	23.346838	18.292690	28.716559	26.744455	31.367328	40.144622	50.437290	12.043325	19.736301	22.902631	15.581073	33.672095	27.051018	24.247069	51.334747	50.236587	25.690543	32.899267	37.472932	49.327299	13.774417	25.267561	45.707679	45.931533	19.327993	47.692102	52.084860	31.770784	35.506789	30.325377	33.716556	39.124162	15.868116	31.266366	42.499877	41.808516	10.507615	16.315803	39.416726	32.133260	17.906740	50.858818	15.069696	13.556952	27.346415	23.593537
12.378603	42.699135	22.647351	26.256993	42.839231	38.347355	44.603483	29.789990	41.539460	39.274767	16.732336	46.073194	29.221992	26.064852	33.715413	41.891275	34.829373	25.801268	23.182970	45.122747	39.108818	14.140098	16.761963	15.046731	14.450896	39.222325	46.265167	42.926884	45.838295	17.752829	34.392168	37.694232	21.555814	17.336936	0.000000	30.020361	50.143166	42.049835	37.113634	33.720781	47.144200	33.466895	40.242878	36.794652	20.234147	47.975484	44.970796	48.850836	23.356170	20.561851	49.893880	46.430091	23.053462	12.798888	36.264700	43.668973	17.938270	15.168064	46.790889	37.659050	14.469042	19.071022	40.408510	44.668634	35.044905	20.643223	16.934388	41.785943	42.384561	32.617373	30.755476	30.998706	24.663638	14.202030	15.612083	41.508002	46.894585	51.152590	37.173608	12.411272	31.213868	18.729389
26.031551	50.139910	16.455616	34.326542	33.383962	19.822355	35.032545	29.670241	28.196447	40.537097	23.135744	15.725810	22.004703	48.248062	49.621099	39.228365	18.958306	20.695338	43.719553	24.349503	50.248393	39.825300	23.637973	28.443648	40.393495	49.237228	17.782939	44.464159	27.289019	20.557795	51.873238	44.100813	35.006321	15.039376	20.860047	0.000000	44.740338	48.595486	20.794772	37.934834	19.341853	29.752235	15.846391	41.538590	34.449621	44.094646	26.042528	19.452193	39.862167	23.017528	25.453747	25.494553	51.357235	32.564769	41.195873	31.696465	37.709967	49.187121	13.067748	33.870891	19.694549	40.460721	30.142728	35.005232	51.214363	39.868393	45.167182	47.617776	19.123070	43.914670	21.893378	46.775217	17.709680	42.794176	36.640344	40.154851	29.878646	48.856524	12.133551	45.952042	41.089525	27.763055
46.084116	41.401779	20.506671	49.910871	49.505431	50.271109	35.717757	28.166674	29.410456	37.894218	45.984098	22.360720	40.000392	16.071594	37.006111	16.037388	11.367338	35.725957	47.948057	48.718015	41.161923	10.568007	22.030736	48.048324	18.649457	26.783251	44.350170	13.001551	47.844848	13.901241	12.624375	43.875154	15.670360	26.553260	44.254852	14.075026	0.000000	11.648173	34.450687	42.728304	30.653770	10.889844	30.459851	10.966289	17.992270	32.745706	14.140387	44.986158	35.149468	21.949622	20.390697	14.280748	38.694099	29.686103	41.422409	42.822259	51.544129	34.279951	48.398506	44.707569	21.703275	10.937193	50.670296	24.556233	35.481104	45.213106	45.309973	46.087240	26.178437	33.796123	11.782961	39.603723	15.449830	32.345164	19.627424	50.579271	11.552621	28.191341	47.138270	49.557038	39.165180	14.975734
25.703744	31.358857	30.269494	12.216771	44.648256	21.821753	40.280066	40.641480	32.071486	37.418792	29.051988	23.543168	41.900627	11.766518	34.451392	28.016347	31.882146	50.793363	11.213868	47.139131	15.112048	42.940160	19.871465	23.027193	32.940792	10.669079	29.642396	38.777730	31.794874	27.510741	30.839870	46.759983	35.205318	27.353981	48.247865	26.594461	34.069002	0.000000	21.028444	47.237257	52.411504	47.644836	18.569321	14.412512	34.263384	17.464215	44.612473	26.085792	51.584474	13.799894	34.349449	31.062388	29.890253	27.093473	11.559052	10.864397	30.325602	27.804206	37.478414	19.208202	30.955539	35.611372	44.276423	42.380595	50.618465	22.264035	50.227274	43.967213	11.505402	37.298440	51.446424	10.870887	21.322956	39.144923	44.197940	40.351094	40.925218	38.579334	40.513277	14.978501	40.356262	22.522972
14.999682	35.551082	43.145087	33.593808	43.474913	31.148328	49.220294	48.162264	33.037780	14.249373	27.672670	37.248977	33.146664	27.592626	30.893166	20.418230	45.458528	17.456721	46.276190	14.461105	35.499442	50.491705	21.192600	33.111573	19.080232	10.926220	26.904200	36.316398	40.376756	19.951447	44.308229	14.874812	34.382195	48.161764	28.266607	39.813797	41.380104	42.381159	0.000000	38.496230	41.603977	36.771917	29.417532	13.704843	42.744124	44.399819	32.917511	47.283517	33.383456	52.018704	20.032123	43.994156	39.170568	47.554261	43.942950	29.675983	26.369996	21.383613	14.251035	40.043694	12.459829	19.398642	25.188337	22.455627	34.068862	31.053033	27.814331	26.433670	18.369150	48.953833	44.320499	17.567493	38.022256	30.202199	31.066171	32.942159	11.826981	20.311220	27.363372	33.671591	50.957565	43.517344
31.790042	16.301696	11.085055	45.755235	35.157835	46.885598	14.857339	43.627109	11.063033	35.742539	40.679395	16.327473	41.557706	51.467244	27.905317	37.215196	27.913573	29.647508	11.529694	18.061017	45.755837	33.606837	37.351586	46.797739	30.466022	18.652959	39.439212	21.043024	43.452436	35.827682	32.341388	15.217123	41.558639	46.506589	21.485805	36.533206	23.983834	30.802295	22.216177	0.000000	11.747451	42.251869	23.794537	17.473063	42.420070	37.547691	44.653408	34.117313	37.399615	40.129945	19.251222	16.559229	27.167334	25.737850	12.751911	16.244178	12.284264	43.664802	43.864800	34.730427	18.709866	12.933851	45.793805	34.236092	13.206415	22.580263	33.941352	51.583374	34.643108	29.690679	11.843165	39.489037	23.609185	13.957685	15.665819	35.257711	37.040565	27.171536	37.537767	42.535635	46.879729	11.063959
16.089011	42.109840	25.640645	43.285571	13.672571	10.647205	25.163576	21.862336	34.317079	22.023092	16.316508	23.048226	44.971495	38.370603	17.014164	11.099647	37.155201	14.972623	44.847734	43.742409	11.576065	18.521384	51.674868	36.381967	12.978161	25.851198	22.152619	23.546212	23.758034	36.174704	33.490163	23.860930	41.898582	29.656458	17.632631	32.337038	45.148137	19.188436	28.496128	48.248220	0.000000	42.789813	48.264408	32.645382	14.770919	51.508156	23.775292	16.516672	19.853587	44.978533	50.454751	39.286716	31.065637	37.012293	36.260525	35.368262	34.117375	52.243092	17.146366	48.518037	22.791438	32.628848	51.680766	24.866845	19.177621	16.104276	48.888313	51.977008	14.409822	15.682749	42.770323	16.324430	37.163286	35.193059	20.612296	48.971659	16.278114	27.453298	20.234270	16.280074	43.883775	12.573848
28.833119	30.010066	37.469057	39.601733	32.580162	27.800770	21.550412	26.541793	14.608427	42.913707	52.298993	28.279979	29.559571	31.047202	43.622460	48.358103	45.536662	51.247828	50.709630	43.689615	36.868039	23.206276	29.205746	12.877101	49.377955	40.993233	18.040804	30.705123	13.756321	33.710377	25.380925	51.086219	23.199216	25.538842	29.613682	51.840544	22.071792	21.169017	12.412349	47.405533	19.171873	0.000000	11.969663	19.086012	15.009960	31.197281	34.289706	12.618864	44.947997	34.529504	19.525862	14.937211	28.609897	30.589200	44.472255	27.784788	34.013577	16.011424	39.411138	51.091426	33.835442	19.654995	35.875870	18.458315	35.099015	50.372962	28.351297	51.263264	44.086895	39.951330	35.209146	23.602338	30.310159	39.193570	38.290182	36.007874	37.356121	45.747119	13.553788	47.377964	18.964236	15.667823
15.829839	13.642652	21.802194	40.840490	43.469974	39.478836	32.600999	12.710779	35.601363	35.526251	52.410712	46.075853	31.574646	39.740117	18.040697	28.319141	11.336211	12.078941	30.041500	48.829717	35.533586	43.006806	14.878174	11.357499	49.846855	20.803116	39.707816	16.173512	32.679551	29.845906	43.472182	51.137751	29.756126	22.936146	43.767594	50.750777	17.401666	34.430014	14.059716	36.918804	31.544362	16.785913	0.000000	39.804672	11.498978	26.110366	39.355734	29.492410	33.703333	10.971242	12.744881	11.919638	49.525169	51.346712	27.243055	46.802422	33.789640	36.863664	19.442223	43.015273	21.843774	31.846185	33.745006	35.512148	41.231599	12.479824	34.844742	42.182918	51.602977	38.044264	14.065797	28.642181	20.041840	39.557358	11.223101	23.428510	43.819336	33.463102	15.361067	25.183256	51.299920	20.788425
14.664870	31.988859	17.251371	32.526746	45.641599	42.566532	45.985649	36.496996	40.078683	14.029720	39.581250	11.373547	48.206698	29.206318	30.716381	27.672071	44.997279	38.557422	40.645918	24.931376	29.268307	35.640014	37.736537	35.281194	10.507215	33.499917	31.983203	32.884226	17.744381	25.099904	46.751028	49.055954	17.307261	46.605709	28.993047	23.947572	44.541437	44.103486	38.213352	18.678367	21.095089	13.161869	50.396989	0.000000	32.392099	28.215655	39.884360	42.188908	43.812944	18.775507	25.717873	38.613676	17.328878	23.000754	22.441534	30.859127	28.479354	47.957782	17.019100	34.018943	36.293253	44.472383	46.933804	25.551543	12.707062	34.691072	10.603810	33.509300	12.823790	15.199987	14.664819	20.581562	12.225088	35.337471	35.041981	31.456851	20.268628	15.163589	10.507740	30.589756	25.099416	15.926261
18.770574	41.151942	16.111103	15.401088	20.844178	38.863919	14.607949	46.007044	22.721371	18.513838	28.894818	17.921421	14.476621	26.195893	20.919194	49.973923	43.835282	25.488195	21.947156	24.381715	25.794949	32.332726	49.404693	47.201494	27.276850	44.563480	51.697785	30.519367	43.732600	30.532672	26.067323	16.985934	24.361413	50.056479	15.575036	15.798071	38.990837	41.498012	11.902114	46.536002	38.056947	37.259336	28.831609	49.998928	0.000000	24.114607	32.724987	22.688645	43.507631	32.725229	12.830240	38.274178	41.044807	40.268450	42.780900	20.572674	27.307168	16.589579	39.901100	52.000899	45.902495	12.738532	37.272195	23.930738	33.451576	35.455672	31.271729	32.765899	30.660630	18.537563	12.592374	15.363812	41.248319	20.743763	42.875545	11.213663	11.875971	50.516238	30.940030	47.896764	16.990577	21.178097
48.050918	25.022699	21.747777	32.973390	33.397880	34.475569	38.326211	18.358013	49.193850	14.772182	40.247392	44.354443	10.954944	43.265780	40.590228	11.836067	29.273412	24.766975	33.081145	24.292242	37.530009	16.948068	48.526516	23.948068	12.714074	44.830557	19.392048	21.500907	47.147092	19.314608	34.146015	12.042460	19.032818	20.914168	23.732151	49.392266	29.969394	37.796885	41.769888	43.978634	23.388241	42.298067	34.306825	42.823168	41.507773	0.000000	44.246362	26.591101	49.418939	34.457901	45.369715	32.560671	40.967858	51.763501	44.550182	39.831092	29.347892	17.906353	15.732992	51.335064	42.557060	21.472673	26.732426	45.444969	40.060951	47.779813	43.839058	28.197333	14.005145	19.445906	34.113349	15.815261	39.509380	18.975523	44.575690	51.479095	11.440712	25.902905	17.146364	51.737511	35.417210	13.793704
51.859334	47.553068	18.216330	51.721926	45.528231	43.818479	44.280226	47.729038	40.720538	13.156412	12.253564	43.742959	16.990194	42.514070	30.462959	26.385963	19.330449	13.723894	10.833301	37.226450	15.985175	29.889799	21.463510	24.261178	41.571165	13.772653	29.760204	22.112242	30.218370	26.387721	12.539289	43.424049	25.683762	11.469436	42.894537	28.911655	13.674333	24.461244	51.522534	27.508523	32.813135	11.488452	14.520179	25.174130	12.034502	46.959868	0.000000	16.338001	18.487103	10.920881	33.974984	46.783968	21.158968	18.428601	23.542372	33.719138	43.866291	29.397821	31.644253	48.751012	41.585918	28.871389	11.483393	43.760854	25.403131	47.240837	22.919711	36.651604	45.035241	27.739897	18.978719	12.198045	41.969999	18.764236	46.452204	22.608084	33.733263	13.159736	23.512411	23.533487	12.349848	21.926668
28.773332	50.623723	25.808298	40.418533	26.727923	38.178392	19.746269	41.393267	24.946447	16.094808	12.489280	22.824810	12.327949	38.396060	37.075557	20.981901	41.759788	44.927138	44.320629	21.085406	50.031027	11.514418	44.012302	23.405348	36.466809	39.798367	39.004859	48.204877	39.981822	28.393083	13.349513	31.002499	21.311966	52.293368	41.706229	51.584404	48.938370	23.417096	51.365200	44.410149	24.488826	13.684959	18.349397	34.852516	17.691181	12.859923	38.200696	0.000000	24.237250	15.899820	42.190574	37.872279	29.083800	38.320183	25.371310	28.775027	51.532807	32.057427	36.096613	25.803252	22.907327	18.465559	17.112220	31.710805	26.862863	38.214147	12.385941	30.193197	15.166306	31.451412	42.078748	12.635529	16.712261	36.278909	28.404281	47.713289	49.806271	20.395959	10.753725	20.527914	34.918428	11.449949
26.314499	45.215857	28.664935	37.215484	15.475075	21.859381	29.607893	49.507651	38.910998	44.124833	28.377144	25.120946	32.804174	35.565554	38.416415	16.126514	17.042959	30.041215	43.202241	31.238520	34.105630	39.684117	25.377051	41.258148	28.978492	35.507058	21.790048	52.145431	27.210479	52.089780	42.556740	38.016801	23.576446	44.780149	44.427299	39.550333	36.218688	31.975569	46.495017	46.777853	48.925305	31.015085	24.114463	37.807015	39.356851	12.917332	12.304411	39.239326	0.000000	18.440515	36.997462	42.530718	35.503231	25.557780	24.253701	43.321126	21.339769	10.806957	23.140989	34.047481	32.663492	38.502832	50.430285	39.115733	20.096770	25.717565	33.840021	52.041222	38.605640	24.631392	45.630057	32.618543	18.754153	46.601537	37.038801	29.639598	48.376438	51.572852	26.283588	22.661005	20.027107	25.600386
11.082183	47.031641	26.718470	30.848657	49.381149	31.272550	23.889644	35.391481	44.133893	13.416705	43.232067	42.094749	18.332549	35.585578	28.144391	34.114706	24.898778	19.457438	34.604697	19.601460	44.635233	29.781717	48.767599	30.795452	42.240485	32.393609	32.473482	13.285735	40.594439	36.143328	47.674495	37.365014	34.337721	15.364042	42.143497	17.908358	13.755771	13.545487	37.473566	28.570311	41.448978	23.776206	29.731909	34.644907	33.393039	34.091422	42.010763	18.222044	41.944334	0.000000	38.292066	50.420078	19.428774	51.631593	38.715038	50.923807	48.620823	34.297584	38.516106	29.054950	41.912703	26.014008	11.418917	35.514387	34.822235	32.173171	28.601006	32.706251	22.606995	49.362646	24.918872	43.753059	20.051235	30.361325	23.641062	34.824687	34.050835	41.600291	18.294477	26.678029	51.482307	40.627956
28.725264	41.302042	22.068955	28.886459	32.753025	50.016029	33.043762	36.203976	40.351700	27.033802	49.620714	47.558586	13.136694	25.672178	20.397729	11.180546	44.082958	30.132722	50.786402	48.608020	20.284274	48.903001	24.778301	39.259501	11.870484	22.260456	25.950368	34.751611	52.272012	24.166657	47.591466	20.212575	45.272610	32.456532	36.240649	49.314877	37.655568	42.342580	34.262976	22.090425	26.911848	28.157661	41.722463	22.654819	38.924438	33.152583	27.529577	45.860047	45.849827	27.111398	0.000000	37.604141	36.237992	51.385104	29.576342	18.981926	47.667024	20.999325	16.518291	40.820933	25.492465	20.175193	35.506823	22.726916	26.476204	14.193122	46.072004	35.360888	44.448155	30.509547	20.828601	14.814111	13.206044	16.879184	34.049946	11.227159	35.179381	32.448005	32.111651	31.832384	19.960528	17.370078
40.385772	11.701315	49.297535	38.260917	29.704426	36.051775	18.324822	33.610247	12.928448	25.765911	48.196767	44.229002	45.339105	15.152594	35.403277	51.007852	33.511285	40.812130	15.334857	44.708068	30.181364	36.433955	26.267731	34.114476	16.437142	26.979947	44.232497	45.865556	18.892719	16.881878	42.739308	40.670882	14.768035	27.970402	24.445086	31.372937	36.545132	38.609556	45.210261	11.046470	25.528883	50.630600	43.982637	34.832879	36.064840	45.057816	17.757277	33.134432	14.989362	45.026824	32.291230	0.000000	12.602543	42.087641	51.581834	17.023608	29.079380	22.540109	35.016874	32.382953	21.703291	22.988741	13.272715	31.767117	17.323107	31.563378	20.295640	33.371523	40.222971	46.106373	12.229411	19.001023	27.220724	48.175827	41.532683	28.745605	19.876498	11.371269	16.778278	30.846785	49.302640	30.719704
19.478557	47.984430	14.489249	50.496655	32.300322	28.291139	52.001237	18.033178	49.574911	10.948937	27.008750	43.317935	45.024933	48.135355	18.484789	13.553442	40.254807	34.639453	15.030943	45.963230	26.471670	39.329554	41.599839	26.448796	33.112381	17.721915	44.518607	18.294059	28.744280	44.699205	27.279062	33.492311	17.911814	19.779035	26.283809	36.220556	14.688842	24.745964	34.770252	15.281096	51.306454	31.835561	25.688618	19.641500	30.781307	31.764460	12.358579	51.233480	26.577542	26.772396	13.066820	33.404229	0.000000	20.408023	20.533281	18.958195	40.679688	46.065907	21.166228	15.009211	34.105797	35.502141	43.565054	32.949839	31.632400	42.141612	27.014399	35.353722	14.059271	22.164369	23.786885	39.697390	40.710672	47.922596	28.632485	20.000618	39.656333	39.000974	34.060683	30.461707	41.012867	47.746937
35.686247	43.740971	17.676470	15.978452	21.000219	19.132024	40.002008	21.921031	25.802167	18.883023	49.007985	48.406938	42.461966	17.831391	15.061699	40.315599	47.899976	13.971228	16.268424	32.342253	35.441569	36.752581	40.424564	45.514310	45.211481	25.190891	21.270321	29.216749	49.868673	45.820909	10.494231	44.998184	46.777993	45.411378	20.968950	22.541048	20.016992	20.144228	26.341945	28.640941	48.476036	14.621964	27.999703	43.417246	32.936236	44.302492	40.711984	39.604995	34.773009	24.309439	13.613656	44.528941	23.658139	0.000000	46.783699	14.269145	42.832984	47.825946	49.201959	32.196207	45.399695	41.855662	11.445567	19.300387	15.162807	45.424608	18.723616	20.282624	23.203264	22.909646	35.219222	24.093653	39.462346	45.494464	32.948481	31.720402	40.479229	37.969650	12.213640	26.004351	22.116798	18.935056
15.400934	19.003120	24.755496	28.931082	12.951551	15.196559	20.909312	42.364261	27.574418	35.713139	32.570603	26.681719	38.667563	28.449426	40.405889	15.309815	48.553545	34.844685	39.360569	10.605301	41.597033	26.253671	34.965466	22.221461	49.688282	17.657977	50.213984	47.170284	25.998942	19.407894	20.215276	41.568688	27.397837	42.465103	28.734988	44.060407	46.817876	50.672894	19.863905	44.490607	35.652810	51.414768	37.974381	50.205535	30.201150	25.514632	46.177029	28.630213	44.703845	12.266827	31.251859	12.918807	47.343548	36.544883	0.000000	51.213606	49.784291	48.532263	44.340202	14.821595	15.136008	43.274028	42.685279	38.086418	24.244068	28.636555	45.974518	50.047679	46.910648	37.434770	29.731695	47.111169	15.813727	45.570650	48.555673	21.348399	41.920348	50.635732	35.478751	18.133412	12.012741	40.778279
43.640591	47.605879	31.978305	36.603932	30.803243	19.795664	39.737308	16.820383	21.104408	19.607406	25.489962	25.242901	13.422742	32.417152	26.262055	34.410563	17.680995	28.005661	18.856364	46.691461	24.721707	47.441587	29.175688	31.453605	36.501114	18.615479	22.162893	17.272706	28.834343	29.495670	38.047202	38.699222	14.365767	15.618174	39.269481	22.937019	46.393006	21.254642	20.266247	19.075699	41.531824	12.920431	25.758451	28.709360	51.752115	46.815529	47.817194	12.806134	17.119299	37.752933	34.234111	36.602985	39.580990	24.832671	32.599315	0.000000	24.980678	36.259685	25.867501	41.777780	35.688658	48.282097	12.973469	46.614891	46.604229	41.887321	42.621116	36.317474	50.700445	39.728754	16.455898	39.971952	11.734037	37.374271	21.186929	33.791397	35.487111	31.598286	18.765501	37.932400	36.710573	37.912643
51.267622	39.381802	21.211601	43.385106	47.335855	35.881647	36.677324	32.484877	50.803167	41.530194	48.576368	37.572003	40.737313	39.528700	46.466760	49.750313	27.128877	42.669257	14.596500	30.800604	23.819075	20.737973	22.028426	26.533847	45.161833	13.417357	13.872526	20.466434	29.675337	40.937226	44.972834	28.751472	17.060557	18.235081	40.809776	47.889734	33.528295	46.874437	42.810737	36.961358	41.165530	45.819476	13.938228	26.949638	33.715347	27.610473	32.318992	12.945786	35.254468	37.078921	51.484732	27.716170	29.872571	47.337466	37.779279	15.457796	0.000000	38.065204	42.087650	15.908592	40.817055	25.641852	21.745871	22.506517	16.733286	52.190516	36.269000	23.548745	32.094860	47.259545	35.863072	12.689369	32.438300	23.348838	27.428538	13.932633	27.187160	31.457802	43.907595	14.859806	42.445046	45.304536
48.175526	50.984984	30.183160	22.556642	10.571048	22.897693	23.895470	33.349222	41.756250	34.137687	21.047905	17.515563	37.240326	43.547731	48.586508	11.226586	24.047531	15.644930	34.999371	20.630617	17.019210	48.197621	12.358855	19.769573	38.203361	26.697502	37.130302	46.427819	19.126761	41.308385	30.096667	32.084044	47.234188	43.823407	46.166066	24.466988	32.127370	36.437376	12.859321	34.692974	38.985599	49.540287	30.862326	44.109267	44.625880	49.960548	39.988477	26.448713	47.740320	32.498010	22.535931	11.956062	23.767861	51.551882	47.777559	25.137953	17.929437	0.000000	11.332549	13.872542	49.527978	34.568507	29.686837	23.706560	28.355320	11.258215	35.828309	28.720120	39.929371	36.255693	22.840605	33.577940	11.791510	19.278148	34.521639	41.707581	26.126006	19.156663	50.158174	26.157168	14.626529	31.960317
48.862808	41.031357	10.954611	41.212302	36.315803	23.076140	43.455178	23.265242	14.747068	43.419550	45.679284	13.068310	20.618556	51.066954	37.227435	14.178762	22.221084	37.419136	30.998230	49.682109	29.786868	21.849490	21.343292	24.526042	41.125735	12.182638	43.568430	39.475663	45.504435	43.866174	20.803126	31.020884	29.422576	23.382755	22.470002	25.801982	37.753793	46.838726	26.225674	45.796190	14.125814	11.427370	36.190250	10.948698	52.158163	17.046923	14.354348	15.715569	28.676481	37.813234	25.448637	44.296562	19.546054	49.787570	24.474680	36.453641	12.632270	50.108051	0.000000	43.099430	22.020631	39.726385	13.193740	51.782147	32.917023	33.132014	48.930505	42.074639	13.373445	50.690967	21.356933	14.536029	46.077147	11.593452	38.032082	10.502522	36.311139	49.948454	34.840282	50.986217	33.590285	10.954652
29.094880	46.181175	12.567922	18.543633	14.377944	14.886002	40.053554	20.457821	24.286669	32.879506	34.948352	46.679307	19.183941	51.127982	22.326840	44.448582	32.542133	45.952440	11.114356	42.822148	20.351165	33.843993	41.732074	15.162777	32.885660	49.140022	42.635862	23.850025	14.369378	27.660181	26.750006	37.625468	32.557476	44.860739	36.092192	46.849023	11.381119	35.352624	28.335763	12.207907	17.762529	47.852299	46.634429	20.707297	46.067621	35.705191	40.751058	37.767193	39.731370	17.709962	37.945027	35.395018	35.363114	48.954222	43.851300	35.462984	12.502847	31.812638	18.333336	0.000000	29.440355	11.112908	37.804083	34.384026	30.637166	38.903981	26.624450	22.647761	31.505316	51.651646	28.537609	25.755809	16.586136	42.858379	46.380950	28.922498	11.395915	51.027978	37.586604	27.916354	27.741450	17.682999
13.005326	48.485232	40.841301	27.337129	26.103521	48.874045	22.109843	33.507070	22.515296	51.354383	14.793868	12.004303	23.256899	41.763637	38.919139	31.274552	29.155021	45.481376	10.950682	51.975979	49.497685	22.481009	13.893834	44.064395	51.399254	46.027537	50.554575	46.211184	27.882759	34.161647	18.957134	13.926464	26.912674	28.377968	37.179782	47.951342	14.123076	26.195655	10.568893	25.433368	16.782449	46.687294	21.630326	38.953093	51.027448	28.927727	31.095777	28.227794	23.845836	13.486396	34.923142	31.405224	48.198078	12.223585	30.588446	18.926676	42.303631	35.400295	19.265115	30.948851	0.000000	32.674410	13.940649	14.814900	16.408682	15.428382	31.656985	49.281058	37.573131	27.045912	45.806585	41.965435	51.372412	49.222094	37.270256	51.216654	28.369941	16.530549	31.164313	41.476293	22.006183	23.341789
49.372463	29.414505	29.093325	14.786124	11.830464	23.415228	45.882445	33.253071	48.105878	34.253512	13.945321	48.722741	43.846799	44.798867	22.651128	26.865151	31.285484	25.585826	25.387802	17.088691	33.183089	48.498620	26.450243	18.220952	32.251203	47.285192	20.160917	14.405446	13.056250	50.446710	20.702340	35.535723	17.405546	28.538225	20.450535	32.439219	42.509504	19.368156	10.571435	36.217260	33.838399	49.255643	13.095066	30.187624	24.307446	40.185682	31.345747	19.905005	29.789860	25.527774	45.364534	42.606778	41.807341	36.455584	13.953185	47.960429	51.852116	18.943040	47.632173	13.183208	32.959461	0.000000	52.158962	26.800272	48.895904	22.504826	14.760591	11.527736	37.760825	12.984308	36.397167	22.176656	16.708511	25.471121	33.595982	50.672708	21.177979	41.283003	52.119260	32.147846	23.372579	25.462100
51.901792	12.759648	43.408183	27.688089	11.990182	18.654991	39.656163	43.812797	41.150100	15.500611	42.334543	16.331942	21.726353	20.543848	23.530096	37.708031	43.472887	31.591030	22.680699	17.923776	41.897094	41.020535	26.388499	28.199941	22.669158	41.210766	33.382159	44.270193	36.954795	45.130718	36.573686	17.775956	43.232516	48.995240	50.584685	16.707178	17.561327	20.200283	35.921890	49.050325	52.146940	49.832906	45.552018	40.425908	17.648478	30.123583	36.804674	17.410459	23.753503	28.294422	19.410145	22.614069	23.180580	39.204691	23.555171	22.655050	17.647304	12.345743	23.911006	16.038756	28.900285	26.696019	0.000000	26.061846	15.327178	27.866821	24.412986	19.614898	16.837867	40.158695	16.775816	31.544787	12.679005	48.656859	38.757986	37.802449	23.556881	32.915196	45.986141	33.587603	22.036299	15.891240
48.159509	41.631062	13.350648	39.381378	30.718657	47.273814	29.061822	32.924813	49.205375	25.562858	39.558855	12.446682	44.281580	20.082763	50.214586	47.557235	49.326660	24.618658	43.225163	49.536854	30.218271	48.755202	22.310316	13.570364	40.257315	44.638254	18.783123	15.637661	45.305150	31.240616	31.180482	18.424127	45.419477	46.191836	22.296247	37.631974	37.462294	38.620632	21.606519	26.878472	11.319699	21.029717	47.618286	33.645376	24.405912	28.008364	51.706807	24.369738	17.837509	32.000295	42.044390	14.668376	42.725568	29.189040	44.006905	44.153804	13.567909	42.094012	34.476280	18.195178	33.396616	16.853886	42.101189	0.000000	37.755466	16.644956	43.795182	16.551916	42.128397	24.922487	32.692386	13.982549	33.273561	50.460402	27.585037	31.088164	35.746389	14.944524	28.660752	44.814744	37.292605	21.192818
33.602159	48.957928	49.417349	47.233697	37.953228	24.419646	43.297475	36.259764	29.211265	40.482919	15.434620	45.601301	41.706852	42.934057	46.324772	31.474025	44.177457	34.821481	15.755722	44.551957	30.076430	40.392450	46.018955	39.397515	14.979370	37.871402	35.563153	21.982737	46.844075	48.932327	49.137533	19.209840	39.462475	49.172505	34.410109	16.789314	17.873040	40.123031	51.167213	31.140267	14.287133	41.028219	19.458110	17.236764	33.848875	28.205088	13.809686	47.639359	29.779870	43.680975	21.299346	26.438009	30.067587	12.962926	36.038543	47.447018	45.511595	48.882238	48.999668	22.288412	35.570228	19.806504	51.791049	31.590935	0.000000	44.445119	13.394547	39.022662	33.077273	38.529407	25.625875	22.621313	24.582744	26.178793	41.241167	16.818642	37.067076	31.545087	31.205030	48.436440	38.735558	12.945052
28.326920	44.290207	37.289057	33.777981	29.178656	17.755106	13.260993	15.981966	21.715475	30.664029	16.188316	40.115066	30.381389	46.756229	22.310594	30.250642	16.869292	15.638628	47.738804	52.105425	30.176416	41.896914	21.431558	47.193042	38.568260	43.659166	10.634819	34.236671	34.037756	35.164837	16.940759	29.606312	51.396760	38.600539	13.694268	31.925372	27.077980	49.905556	17.309209	47.693372	40.021174	42.533070	51.143867	26.817612	33.566906	42.413792	29.409565	17.321657	29.860368	10.800242	16.045700	36.033340	47.049310	10.509059	46.684554	20.057400	27.883672	41.321167	51.786422	39.368914	50.953031	45.554598	39.160254	41.634191	14.137771	0.000000	38.762960	34.108966	47.407420	21.737148	29.886093	34.773604	41.623211	15.612423	18.772837	23.186008	34.150389	30.412847	47.303556	12.800302	14.340124	34.068351
51.379671	17.022065	50.581217	11.765590	22.014224	37.755053	27.048847	44.960126	43.490660	11.353026	12.636889	33.370944	44.411674	39.618930	41.605785	44.096399	46.704732	16.987601	52.173711	19.154923	41.761978	17.619230	51.116594	18.437305	19.581256	51.705203	46.782632	46.163479	13.712356	47.688866	21.714170	33.964081	46.035413	37.145186	34.280503	21.804419	42.639754	14.443778	33.506334	48.290048	39.814539	29.005340	51.711340	35.219099	19.142335	32.776546	36.883430	12.480621	16.085964	27.705726	14.296975	33.845366	31.381776	48.458842	23.052353	47.820305	21.182678	34.999569	25.720974	40.600227	40.618247	14.491755	46.335671	15.667382	15.681391	21.852890	0.000000	22.115436	41.863474	39.916976	13.388993	40.381631	29.491241	15.458125	20.139853	17.312325	16.517975	44.036991	37.764456	37.053145	32.646705	31.135605
29.683641	48.747644	32.924942	37.511907	35.191088	21.112847	25.908737	47.788079	49.692945	35.155108	26.583388	11.377818	45.525973	25.898997	34.015137	42.447521	16.736128	51.389134	40.142806	32.612728	13.308538	51.083063	22.331418	13.047041	12.405739	34.453736	14.643472	31.723714	27.167760	41.193133	29.409024	45.852519	11.187393	15.909593	18.094717	32.212095	24.826333	29.240679	25.435369	35.445110	38.644485	14.948451	25.188137	15.991362	44.364807	40.491471	35.233585	34.509699	15.482159	47.730215	11.513919	42.647772	45.600080	27.407199	40.729305	45.441616	49.884501	19.261292	31.146291	49.881757	42.613314	51.802859	39.830080	31.702072	15.362788	49.503100	50.113653	0.000000	42.109797	14.302475	20.539239	40.205465	41.803825	25.645552	31.203174	37.626903	12.250677	23.997414	10.942860	41.628028	40.523604	22.895082
33.937597	27.375241	16.196627	45.207817	16.551240	17.186308	36.956449	39.531380	11.796474	45.448189	45.895990	33.833134	39.019771	34.198862	14.305339	21.910182	39.689853	29.007201	46.426008	18.846990	42.945738	46.311626	45.046172	29.575559	21.306115	17.621961	14.003176	20.121813	31.617500	19.700538	46.785047	47.373585	43.684012	31.163290	38.852137	10.835398	39.595350	36.910674	29.981599	45.604843	28.343856	22.090076	35.418510	31.772979	23.273739	18.010220	11.020847	47.462208	15.974002	27.527054	42.304486	42.709495	12.592884	29.989918	28.682604	16.604632	38.098059	25.792794	12.009880	46.065451	36.128596	17.450609	25.651691	37.983652	14.531488	15.946288	47.536570	20.037787	0.000000	29.899676	32.095267	14.207328	21.188428	50.915740	11.144779	28.590939	51.862487	22.970408	10.639677	37.189903	26.538250	44.929205
18.140537	32.134958	41.806331	26.629724	17.305561	49.722470	21.593239	16.969080	19.198708	13.635108	46.669424	35.337976	20.487595	25.158842	49.923863	32.779669	38.976890	39.168840	40.666722	35.826775	14.261710	25.067287	31.569827	31.811396	38.574912	35.889832	37.130404	38.912336	11.263236	24.538333	43.691766	27.367204	38.073694	39.668144	48.870735	35.194469	40.787257	21.921358	48.018390	15.898530	24.728560	35.356909	25.444290	26.209223	22.878901	28.670563	42.496613	36.887495	47.402593	32.204900	27.931141	24.644648	19.095868	49.448212	44.760247	13.702733	23.735235	35.104385	30.291838	21.428744	19.439764	20.668104	10.728884	36.533280	31.826847	42.464050	51.477437	14.890706	19.185039	0.000000	22.756633	21.245121	33.863564	41.438004	32.533156	23.336171	46.041907	23.569067	48.469008	21.595466	49.386254	26.980533
30.246677	30.047263	39.991538	16.024522	52.072998	29.847635	35.310754	28.019035	26.859466	13.045703	39.965360	17.633263	12.805523	10.675857	34.093189	44.836932	37.776071	51.226296	46.442252	36.982819	31.713366	12.461387	10.761258	47.454315	44.076059	17.390283	17.934880	46.726871	24.920712	26.357336	32.978857	43.395645	42.503571	43.409795	16.701377	26.454037	16.131320	27.140313	15.554785	34.587372	52.435555	21.277010	16.791254	13.278985	46.284025	32.687962	50.844451	52.422239	45.926912	36.663312	23.522118	28.132724	29.705202	21.974302	16.230550	35.375534	47.578118	21.074723	17.441967	34.026441	39.259800	51.924679	18.237762	50.985841	34.283382	40.660326	46.409885	39.085903	30.138351	21.020499	0.000000	16.328449	38.173909	46.366586	52.148310	41.174415	29.520065	45.726893	20.739351	45.318680	18.143740	21.341512
24.569214	48.098777	37.709933	27.287032	33.462301	52.279009	13.017867	30.074008	34.947886	34.019469	27.516555	40.104308	40.376431	25.636520	38.484072	49.201564	33.295756	23.279223	31.392797	12.695446	13.988375	25.701744	34.956425	34.065464	29.151126	14.045608	32.021860	33.401357	29.622862	34.636525	15.134665	36.761989	10.533580	33.767799	17.596105	24.088230	45.363369	31.299652	18.094995	40.496317	38.778158	35.359281	27.927563	49.833924	13.595724	46.659343	15.958877	39.161207	48.473013	25.360534	19.837697	34.646532	45.119826	37.295437	11.069610	50.665136	49.496493	33.325856	45.834086	10.784500	39.642575	44.714570	25.886715	44.493308	35.295119	23.809465	14.885762	39.372473	49.140592	30.231316	17.176978	0.000000	18.122262	43.950313	20.532658	12.353363	33.635234	34.024507	33.932917	17.316774	23.514729	19.636739
19.096509	46.812001	35.809352	38.359081	16.356953	50.237851	46.354322	43.267205	39.321811	23.397318	25.180659	11.982320	42.420933	44.197242	41.329674	42.178214	12.490918	21.856094	44.140025	12.694751	12.507611	14.775946	20.957755	43.152132	49.351150	14.387978	44.147301	19.994490	20.021240	50.753475	20.375122	47.976761	28.333058	39.814627	46.671992	52.429827	34.917532	47.963613	20.192018	44.080576	43.975501	51.955314	35.407147	26.053542	46.641964	16.225824	43.992413	45.704920	15.182970	22.104841	18.905702	31.168054	50.438482	32.425346	50.995164	50.282926	19.016746	22.294959	28.694714	49.773829	17.842527	52.302772	26.664221	39.270357	50.963453	10.740195	20.962711	12.657718	11.739489	34.925980	50.970284	18.426620	0.000000	47.924476	20.882979	19.335323	41.240710	40.560779	12.027289	11.546508	24.768738	14.383733
45.770774	25.791075	18.095087	41.608696	43.411338	20.646136	33.081069	41.205446	45.104420	48.285504	37.027569	29.241861	34.161843	29.129691	26.164434	50.895363	48.433633	27.581743	13.906900	12.307054	15.894719	13.618067	26.355356	23.081599	19.536361	29.142752	20.449542	12.222280	45.881798	34.558372	17.144489	29.942187	47.303821	23.703450	25.057250	23.309485	34.169851	35.514119	33.933080	29.393852	35.385153	14.006978	11.423668	38.032686	22.133292	32.351334	35.295574	50.929070	45.054712	19.807038	40.364659	26.586904	29.092451	14.295655	38.887703	49.321853	26.124827	30.929548	37.230150	22.761042	32.794358	23.981599	45.078388	50.567503	39.854181	10.597597	18.190786	14.078878	38.903242	32.125098	47.763874	40.272542	21.765058	0.000000	11.331023	18.922057	12.267234	30.741151	17.450946	16.886590	19.448885	37.525405
32.084086	43.172712	18.380142	29.758233	22.387493	35.551038	29.668688	29.909706	33.282344	38.427070	23.407798	35.599018	11.739371	28.834775	45.955518	47.081756	27.097973	19.205482	17.114793	20.032809	13.114835	17.043889	16.362753	34.582611	29.391552	32.302393	43.937420	28.310871	38.055697	15.180205	23.173985	35.590349	21.762692	34.310772	36.533114	38.739248	31.650494	33.654821	31.689785	39.002493	18.786071	27.516576	12.352375	10.862034	23.961217	47.094565	26.456715	38.499999	32.767026	43.820671	33.381827	18.053940	14.679514	26.037095	12.389986	23.601620	32.452713	32.721823	12.434449	18.237441	21.701949	50.528837	23.318181	20.373982	34.016998	14.380162	38.022461	51.707662	35.899399	51.583318	18.120972	16.461537	51.854742	18.095628	0.000000	35.954916	39.998832	25.387174	48.452524	21.816805	40.567843	15.476359
29.859111	31.734192	43.585304	21.899715	34.172003	21.441433	48.793874	24.498019	49.115446	21.158481	12.788233	36.961819	43.743091	36.614792	36.684696	17.429850	44.213190	26.942427	41.384139	43.015555	12.685845	34.167963	21.798395	33.590266	20.469212	26.392934	32.116178	11.495718	12.232294	12.008513	15.743876	24.830997	16.518114	41.956097	45.734581	26.213725	28.883529	39.217695	27.496229	35.420109	17.956165	37.611575	36.617466	10.765652	15.624200	39.113015	34.658436	48.848996	11.066606	42.054750	34.487443	35.467403	27.346860	12.093837	27.324674	11.965315	49.106936	19.124687	51.329208	41.794108	43.238167	51.293292	34.939509	21.087793	46.145849	46.616873	45.376787	39.480176	28.857517	27.911570	43.976342	41.805305	34.391985	51.620615	17.941460	0.000000	12.505303	46.251387	37.243583	28.502799	17.145254	41.585449
50.419353	50.694585	26.537253	21.030680	24.620172	19.654105	34.072909	16.144773	12.583707	23.680271	20.654685	42.676629	31.253300	21.603912	27.486778	36.635878	46.746563	50.482311	19.931034	48.187618	32.028002	23.249428	30.048089	38.159313	18.202378	12.166165	21.187841	35.393070	21.918163	21.610123	46.651073	23.392835	25.367750	31.190909	22.436917	34.617402	27.728771	50.858397	22.184325	33.629758	10.810127	13.805413	12.704804	31.031587	46.002002	21.225740	49.113884	31.343846	40.077544	51.912602	41.025014	44.958493	29.593050	43.040047	42.736082	47.921776	12.499046	11.295530	48.495686	36.352417	24.538746	15.765705	20.207090	10.652163	29.066013	16.552810	40.277177	12.998757	11.902823	41.965690	15.143799	50.945558	14.611810	30.671678	31.399975	38.497800	0.000000	42.236754	27.750623	22.752974	13.623382	19.939947
21.662737	23.362251	51.083580	15.937163	42.743921	34.385810	11.282881	26.746846	40.565307	17.562608	25.567332	45.371369	29.283691	12.264545	20.501709	35.014684	28.853910	18.507243	12.011316	37.172556	36.742468	35.016349	50.186401	25.419003	16.745482	26.906836	24.896813	21.913775	43.312297	34.575192	31.004673	49.985652	24.445106	24.722902	37.373521	11.072261	37.453831	50.494460	49.992365	20.009845	50.073315	48.031213	13.220664	31.083395	21.966401	34.024353	36.481700	43.551392	28.236967	26.006969	28.227123	26.963517	32.974893	23.844750	10.738715	33.439063	39.683571	34.468360	32.260117	38.954329	38.598172	20.151541	50.967269	11.108382	52.324029	14.077525	46.181083	15.023384	35.518410	31.109705	26.370853	10.899136	31.008350	12.798400	29.706360	32.191007	19.686160	0.000000	45.281849	22.608259	41.319735	37.914159
46.239114	29.131328	14.007896	21.876703	35.668855	36.243471	44.743042	26.209479	29.132698	52.095172	43.896483	15.424986	19.200281	12.186861	28.746964	34.673621	40.547962	26.150819	19.412893	26.960580	36.965981	46.001910	21.376311	13.178627	26.065957	23.863066	49.245333	19.052328	26.165547	17.079830	30.136245	10.569504	35.486125	31.931830	33.749480	23.864894	12.420981	28.732043	47.110613	46.801586	13.248159	14.040596	51.019030	10.534544	23.986839	22.817863	25.384539	20.930754	49.493916	20.599075	25.848982	30.900184	24.077289	14.738690	18.899858	17.007688	40.608401	50.161815	26.065511	37.225969	37.263880	41.982187	24.610989	40.598826	14.805647	49.209844	22.183263	20.841085	16.843838	29.329052	39.999454	48.697247	26.340924	52.240223	40.602598	34.328532	27.354517	51.072395	0.000000	30.308264	46.277344	13.210581
23.588706	39.807237	37.708089	34.302587	31.698964	51.392323	25.087497	10.550230	40.622808	14.184532	16.655276	23.761628	29.549862	17.640305	12.172098	37.435298	23.003600	40.406081	20.631953	48.814669	48.738899	46.664480	13.252536	47.303735	16.188624	27.463959	40.902236	10.753334	51.390102	45.433824	33.285894	32.053600	27.006907	39.053915	33.278856	42.184801	12.310830	30.651808	44.118742	11.062813	49.954199	12.110160	51.639265	23.946054	12.858244	41.592122	23.029488	28.481334	24.426889	11.217329	32.081185	15.261133	33.698182	51.189735	51.523121	22.177275	24.202874	37.231882	25.045978	23.150682	38.849773	48.079420	31.855840	44.729501	51.337115	34.964649	22.698376	20.233374	29.819230	34.153962	32.431061	36.394212	20.743056	19.476422	41.922879	12.488883	37.090916	50.194880	47.567073	0.000000	35.532168	52.190382
42.128399	38.980078	14.584532	35.694225	37.446890	29.153246	45.148026	47.455031	47.580181	26.063881	24.346334	23.425219	20.873836	14.804387	26.145293	10.926558	11.361866	43.071470	27.085314	46.481709	30.951241	27.987449	31.500444	43.490942	22.398342	14.560733	28.874884	31.319215	11.297939	22.283178	17.702184	15.109463	12.556231	28.670343	15.301212	39.585645	24.851827	18.503545	51.859785	39.576357	18.021012	40.872019	46.945544	41.824665	27.222815	27.897398	36.447384	20.519425	31.758521	43.068906	23.922862	25.970617	30.112189	11.430458	40.939922	50.041078	43.751259	45.822837	43.345329	44.360844	25.340149	47.400957	39.090910	51.150556	20.193929	50.017739	42.144325	32.829073	22.247059	24.336653	46.759532	12.754983	26.845189	11.774778	37.893889	31.549442	23.049619	33.269489	42.557473	35.314874	0.000000	42.640931
33.737944	35.581704	28.769975	41.773152	49.072892	14.946685	52.004356	25.612038	47.648203	42.899744	42.895069	25.760663	37.348967	41.158347	16.484710	39.994217	26.194878	17.556440	20.854333	48.060608	32.443907	17.164889	51.978462	15.810687	22.888973	42.771449	20.021407	34.648935	11.809950	43.122309	11.278864	46.380029	31.101836	45.589586	24.376474	36.730380	33.426543	35.857888	34.061051	25.825341	49.249112	19.935413	18.194869	14.405057	29.330849	45.200271	16.547730	44.147757	29.350888	16.120711	31.469561	51.679121	32.655106	19.702394	31.371392	15.262486	19.563748	28.645196	27.438469	17.951058	40.351500	21.689777	28.534717	26.830504	16.177940	32.706195	26.701114	26.510105	51.114344	52.122027	30.758343	19.075007	41.192166	44.027783	24.035755	26.345444	33.548875	32.797386	43.014610	24.630210	30.131997	0.000000
