0.000000	7.793206	3.742822	4.754917	5.718926	4.132754	4.348858	5.893162	4.663364	2.548557	5.091705	2.484856	5.733170	6.862970	1.829770	6.613038	5.879447	4.082220	7.573418	4.855255	4.473977	6.613714	2.822205	3.269499	3.927336	3.048471	4.090586	6.536403	4.704907	4.567679	6.228135	6.354016	2.704082	7.499434	6.703767	5.276342	6.697632	4.395675	5.008913	1.700687	4.655017	5.048421	4.651581	4.901900	5.507568	7.312829	5.266129	4.047038	3.743364	4.496187	4.909125	5.602405	5.590747	4.842014	2.202271	2.935810	3.465057	7.730147	2.031812	3.110285	6.433083	2.762149
7.005234	0.000000	5.949675	3.619933	2.730194	4.898431	5.677923	5.920934	6.431745	7.619117	2.883351	6.558030	6.790064	7.505563	1.906085	2.694926	4.969502	3.105771	6.249981	7.090702	1.606209	1.811009	3.234509	2.514257	6.124038	2.744844	2.153513	5.861460	4.034878	1.646046	6.319089	5.836813	6.464564	3.494079	3.564688	5.164380	3.931364	2.349195	5.567607	3.289842	2.862105	5.027549	4.845632	1.951529	5.251602	6.085647	6.153710	3.959925	3.815639	5.126716	5.937666	2.713480	4.244689	7.275974	2.976309	7.429257	4.185989	3.435805	6.098749	3.248408	3.295234	6.888819
5.939656	2.007849	0.000000	4.044782	3.067504	3.069878	1.995593	5.540591	4.833069	7.063366	2.268548	7.194550	4.551951	4.506437	4.107915	1.927307	5.879017	3.919076	5.890715	5.644800	7.298413	4.217287	5.653656	4.587537	5.097055	6.265168	3.183110	6.300213	7.077040	4.519759	3.439200	4.362448	7.592218	5.161077	6.623712	6.984743	4.687894	7.109272	7.682609	6.886461	2.038000	5.612450	2.097924	1.611954	3.253913	1.979716	7.640198	2.195029	7.802586	6.497663	6.506347	4.982979	6.417779	4.894087	3.445897	7.791028	5.490083	4.106354	1.797006	7.604218	7.202900	6.237554
7.120746	2.646914	4.080928	0.000000	2.998532	6.004566	7.122605	4.405425	6.320531	3.900650	3.060229	2.023616	4.723354	3.171928	1.814352	4.656631	4.921492	7.507808	7.237947	7.458831	3.260871	2.632008	2.437363	7.044943	6.271308	3.464536	5.450805	2.513450	3.566460	5.995780	6.179144	3.147812	1.962062	7.479333	6.598157	1.957323	6.938396	2.736530	7.047452	5.685410	3.883420	4.022413	7.750967	2.047149	3.147279	5.353484	4.243811	2.468808	6.012483	5.604784	6.275143	3.481864	2.389132	5.396744	3.696018	4.314075	4.301257	5.010492	3.975377	6.775183	3.461826	4.297560
7.838877	4.417034	6.409399	7.425343	0.000000	6.103079	4.710032	5.089197	6.510782	3.971484	6.107529	6.588523	5.740220	5.790371	2.291309	7.696767	6.018093	4.467026	2.031635	1.675540	6.134636	3.762673	6.823745	3.408629	3.626359	6.576379	3.254812	5.354565	4.236963	5.787521	7.201704	5.225152	5.423436	7.045165	6.818887	5.977005	3.195436	2.046512	4.175993	5.305270	6.492991	2.406444	2.549753	5.583523	6.809162	3.296893	3.278990	6.172455	7.758275	2.943325	2.247903	3.349717	1.581715	6.125179	2.609851	3.516933	6.490978	2.402414	3.792068	2.416912	6.625341	4.821278
4.200583	2.333095	2.392144	7.748727	4.802932	0.000000	5.710921	2.214285	5.992028	7.805747	2.922601	6.187403	4.553538	6.116046	6.955550	2.410989	3.377873	1.737146	7.588359	3.248219	2.484626	5.798361	5.572478	4.014392	7.676348	3.438724	4.423513	6.712561	2.751913	1.998307	4.385122	4.973830	5.900702	5.184182	4.697752	6.137845	3.269447	6.457086	4.954727	4.084455	3.196648	6.520804	6.842211	5.568829	2.000511	5.850166	3.111911	7.323271	2.940606	2.258217	7.359131	3.216117	3.199801	4.349659	7.137250	6.179654	3.413418	3.853970	4.318048	5.412624	4.784742	3.346013
6.376897	6.499987	5.207262	3.585915	5.535926	4.233141	0.000000	6.169556	3.002684	2.713536	3.543925	7.665255	2.317237	6.157712	4.104862	6.872690	4.319207	4.228368	5.012909	4.169493	7.269333	5.890165	4.555333	2.661643	6.978091	6.195816	6.192523	4.410419	1.868086	5.037547	2.348953	3.357524	4.370179	5.680095	3.218989	5.244717	3.916541	6.422154	6.065355	7.547098	7.090808	5.529342	5.099435	6.941149	3.793555	6.309601	3.167938	4.016233	4.523013	7.033493	6.803533	5.277435	7.477674	6.129707	4.434197	6.514278	6.794992	3.252813	2.090937	4.674391	2.666602	5.623371
7.592394	2.934643	6.411057	2.142260	7.818753	4.765008	7.366397	0.000000	4.049217	2.749308	2.766854	4.261031	7.434791	3.445362	3.815474	2.220860	7.819751	3.493841	3.681582	7.012528	4.599375	4.034745	2.332688	2.141285	5.304575	4.507055	6.384153	3.247833	3.316441	1.766412	4.539425	6.611864	2.817332	6.507046	6.497960	7.396017	4.162946	5.033894	6.000644	3.582089	2.696961	3.545884	7.677409	1.705325	2.333258	6.748650	2.339149	2.374316	5.110967	6.464863	6.609034	1.980679	6.679951	1.928346	2.330080	5.136370	2.464850	5.889711	5.128653	5.372462	5.977965	3.013969
4.549423	5.881463	2.627571	3.508307	4.627766	7.608869	5.952357	4.900723	0.000000	4.889876	5.011813	6.302060	6.898376	1.734503	6.157689	7.704547	6.384163	2.309128	3.246882	6.766863	7.327191	4.390481	2.955137	7.218555	5.263581	2.570534	4.569990	6.798785	2.440907	6.011273	7.826355	3.963824	2.531503	3.847949	1.703397	3.227075	4.010372	2.553397	6.795586	7.397796	6.082217	2.607294	3.521669	1.586880	1.741284	5.419010	5.191013	7.399690	2.917338	3.538437	2.618698	3.760801	3.352298	6.269138	6.959880	3.103770	6.570111	3.445312	7.568094	5.697615	7.441605	3.914944
5.934375	6.741245	4.939093	6.215638	3.107209	4.399908	5.171484	1.988286	2.886298	0.000000	1.658393	7.784399	5.614752	5.655634	5.082991	4.263485	2.886363	4.394928	3.430149	2.087903	4.905075	6.896280	3.610943	4.070297	2.913357	2.045905	4.642277	2.251125	4.093286	5.745260	7.344125	3.773175	7.326402	6.561373	1.838576	6.334553	6.495753	1.705511	7.200285	2.755995	3.722816	5.415975	7.490627	1.716305	5.282192	6.361001	3.611852	7.556502	2.498505	6.328004	3.587291	4.202386	4.733596	7.795843	2.930150	4.068634	2.872209	7.050276	5.453100	7.048676	4.133151	4.744019
4.549312	7.629859	4.941484	2.368195	5.580910	7.031300	4.681134	3.598260	1.653270	2.917439	0.000000	4.166903	4.782337	6.320556	2.927740	5.219757	2.033127	7.691488	3.239658	5.471855	6.870885	6.883770	2.369336	4.327084	3.255337	3.581834	2.460034	2.790676	7.031970	2.764800	5.086372	4.359889	4.626598	4.932442	6.655715	5.175812	6.005333	5.778744	2.924294	2.597957	3.050402	5.834976	4.327430	6.224226	4.471190	6.515397	7.258687	7.374120	6.972244	3.862515	7.244148	5.297950	2.026253	5.039114	2.395636	4.328229	1.993687	5.424604	2.136041	3.314432	5.994557	5.000595
2.779411	5.054371	5.830251	2.094040	2.223263	5.249026	5.033312	4.860848	6.304887	2.749606	4.454504	0.000000	6.961880	4.145835	7.514735	1.885568	7.458420	6.774863	5.692585	2.156074	5.858441	3.847318	4.852057	7.186220	5.798153	4.637104	3.912847	5.991135	6.875957	2.083655	2.577529	1.584081	2.905931	7.592664	7.539989	6.569119	5.926132	5.945268	5.144451	1.628884	6.707892	3.731693	2.671196	6.489045	2.186593	2.619293	7.873250	5.688610	7.137554	4.605477	6.557905	2.466234	3.338784	6.738197	4.653677	1.929083	2.095825	4.551624	2.651104	1.757441	5.451194	4.429651
3.675350	4.786350	3.395213	3.712589	2.911402	4.465856	4.884653	4.262077	6.497095	4.968015	7.215652	7.151260	0.000000	2.319519	7.788171	6.956761	2.215220	1.956589	7.846015	3.891494	2.835320	1.657813	2.760144	5.556950	6.603354	7.453233	7.640462	4.856759	3.999651	4.291295	6.681012	2.511632	6.525902	5.446878	5.681914	7.069392	2.122058	4.995273	5.418853	6.243169	4.013074	5.512937	2.273132	2.962500	2.366411	6.708713	5.157336	2.841308	4.575116	2.324442	7.523409	4.774965	6.134162	5.725549	7.598434	3.436160	4.313838	1.886537	2.650984	3.660805	6.299875	7.533044
4.107192	6.033415	7.136969	6.845275	5.932101	7.244202	2.778108	5.591655	7.314479	1.753014	3.440140	6.266529	6.187063	0.000000	7.177254	1.782346	7.842605	4.471420	1.829560	7.315793	6.384688	7.480169	7.427826	3.695432	3.068322	7.108549	2.347737	6.223192	2.898514	6.478204	5.244688	5.089189	4.060767	5.551047	1.608525	5.982747	1.601039	1.723740	5.300444	5.004797	3.089763	3.995521	5.583811	6.873361	5.180333	5.269606	6.432022	6.163938	1.835530	4.962110	5.222269	1.699339	1.749376	2.456548	4.829650	1.826719	3.852247	3.088001	1.737690	3.003789	5.846937	2.604475
4.585266	1.780404	5.483118	4.422833	7.226175	5.758106	4.049748	5.176865	3.149942	3.528548	5.829784	2.772350	5.794924	2.366693	0.000000	6.654089	5.468613	6.781074	4.022600	3.766789	4.296553	2.212991	3.061971	6.059791	5.877214	5.893403	4.839111	7.109116	3.326922	7.459298	4.001183	7.464070	5.081824	6.624782	2.948918	2.231166	3.315925	5.562062	3.822827	6.642579	6.525043	1.911770	2.633149	4.156471	7.655281	3.353790	4.877431	4.256805	3.528450	5.304379	4.320546	2.513752	4.958834	3.106740	6.945793	6.502370	7.155049	2.635062	6.468810	7.847842	7.262700	3.355859
1.896341	3.617823	5.038312	4.154766	6.845115	5.065825	3.550208	3.306666	3.357808	6.391432	6.825307	4.933761	7.848504	7.034263	3.479825	0.000000	7.849185	4.509993	5.482981	6.829713	6.293852	2.683210	1.930776	4.328828	5.851694	2.341616	1.673745	4.926046	6.389849	6.558949	3.979164	6.240641	2.134840	5.394724	6.500452	5.521548	2.920052	2.379837	3.567539	2.024871	6.724434	4.155198	1.907522	5.200813	7.653413	1.900441	4.483723	4.069905	4.394690	6.139141	4.609686	6.532358	4.904926	3.533993	7.464604	5.864534	6.468355	5.809988	1.944124	3.662745	5.581854	5.182192
7.533441	2.567530	6.977139	4.709327	7.144061	5.147624	1.963712	7.595660	5.971474	5.334120	1.630639	4.100323	5.000946	1.917616	6.894846	3.073598	0.000000	2.995732	3.405797	4.784006	6.161284	6.350423	4.628251	2.977427	6.027967	1.767290	2.498088	2.586566	6.146707	6.858237	4.688617	7.322670	4.593540	6.563507	2.620149	5.989954	2.425452	6.443556	1.994214	4.994812	6.701348	4.927229	6.528441	6.843587	6.820362	5.123834	5.501454	6.855827	3.114931	2.338310	5.594578	7.132274	6.963078	3.629768	6.049647	5.210954	6.611075	5.626724	4.117500	4.898135	4.834485	2.339442
3.492228	6.671325	5.181770	5.749361	7.466017	2.749543	4.537697	5.347877	1.636440	6.766408	2.096566	2.917557	3.837888	2.718504	6.277437	6.000886	5.449538	0.000000	6.799276	3.010269	5.160417	5.001319	3.522140	7.541467	7.011903	4.274659	4.933431	4.221220	4.263923	3.957046	7.381408	2.693805	7.568293	4.972089	3.678059	2.746411	7.270694	2.580967	2.813962	6.593539	3.927075	6.930637	4.482998	7.875626	3.674717	7.385133	3.382595	5.761652	2.644571	6.493243	7.592941	5.582565	3.981459	6.568309	2.043914	2.008061	3.612625	5.215752	5.274699	7.789367	5.442100	1.889118
5.370144	3.624634	3.196719	5.821607	1.596149	4.162284	2.042622	1.595297	3.909786	6.774244	2.604363	5.771055	6.642769	6.663876	3.478678	1.831477	4.508106	1.628020	0.000000	4.786567	5.903404	2.566729	5.269006	3.715772	3.136440	7.038955	7.770598	6.543666	7.247362	3.309993	6.202922	6.381997	3.855582	7.598059	6.666653	5.464210	6.034322	2.289049	3.657727	6.686238	3.336756	6.538737	2.646386	7.514662	7.760580	5.345324	4.536683	6.181485	3.121097	3.257771	5.709925	6.922103	7.397595	4.459311	4.865300	7.132604	6.934726	5.491770	3.171913	4.969942	6.776719	5.629091
6.388364	6.235747	7.223124	5.064890	3.083077	3.946179	5.399672	2.258431	5.883102	3.463574	5.412522	1.711965	2.960331	5.951059	2.325166	4.173000	6.166374	2.344479	2.595506	0.000000	3.174976	1.742576	2.791333	4.239798	7.007652	6.715203	2.535905	6.249745	6.094067	2.320373	2.801042	4.958070	6.703826	7.643656	3.540707	2.704748	6.712665	3.898599	6.904777	1.792721	5.998647	1.938949	7.130258	6.505828	7.633721	7.771998	4.578278	3.041230	3.407437	3.258116	7.331999	2.601949	4.180706	2.422163	1.587638	3.063167	6.694700	5.771852	4.353018	5.223235	4.309100	1.943831
6.701364	6.955521	7.331532	5.953384	5.605542	7.675866	6.329193	3.258435	2.161360	4.715257	3.463656	6.033242	5.606880	2.493990	5.226974	6.494258	3.261200	3.937651	7.822298	6.662517	0.000000	3.455006	3.961167	2.060205	5.210350	4.455682	5.801346	3.359266	3.115042	4.964489	3.211013	4.937360	7.506717	4.515558	7.556552	6.578291	4.228766	6.999818	5.381437	5.082160	3.542611	5.897297	4.946032	5.062862	3.668001	2.194573	4.818593	5.881776	2.317897	2.248545	7.663371	6.227022	3.040239	6.015095	2.826875	2.788292	2.546816	4.832353	4.887131	3.402018	3.341588	7.300646
5.802910	2.689042	7.143372	1.711075	6.755142	7.409544	5.560276	3.055373	2.547736	7.529017	3.467183	6.243108	4.975073	2.658281	2.857978	3.358174	7.867808	3.719662	1.693925	3.219532	2.546101	0.000000	1.680009	3.448007	3.985522	1.968698	2.506726	7.521114	5.087343	6.465945	4.541436	2.515576	3.715732	4.393921	6.523339	3.074398	4.713185	5.392261	2.097949	5.763695	6.825537	2.504084	6.749958	3.894645	2.080402	6.679594	7.093306	4.230268	6.829581	3.180278	5.450026	4.954691	7.011549	4.185260	1.831579	4.821423	7.267651	6.432388	3.920612	4.617535	3.011973	5.116566
7.025169	3.404119	6.164498	5.484493	7.758403	5.506471	2.983860	4.787277	5.260632	1.673076	4.795116	2.171908	5.539908	5.262638	4.791827	1.997002	2.215664	5.642855	3.897561	1.597684	7.020447	7.464823	0.000000	6.552566	2.453729	3.797548	5.798746	3.725044	2.178021	2.011724	6.623179	6.178281	1.629669	6.817583	7.801634	4.084582	7.514713	5.421873	5.252429	3.923257	4.994158	6.137072	5.311346	6.299321	7.034174	5.645643	4.747563	1.750887	3.052940	4.662692	6.930921	3.867045	3.421695	2.253286	1.594795	2.873843	5.736699	6.537978	6.376933	5.987538	3.720214	4.711879
5.578298	5.946449	2.631410	7.278555	4.109870	4.235285	5.044490	5.495189	5.912270	4.180202	7.840281	5.175008	2.566550	1.614162	7.427940	5.963619	6.784105	4.957658	2.347246	5.376938	2.798251	3.965707	5.656071	0.000000	5.014160	4.711545	4.885207	7.563483	3.851096	4.028329	6.182566	3.611057	5.244109	4.719538	4.463205	5.824752	6.837737	4.339328	7.077808	1.849003	7.342433	3.051031	3.791357	5.520527	7.179506	5.009325	2.050214	3.210717	7.826070	3.615128	5.129078	7.404183	4.747542	1.746587	2.415275	3.637482	2.311915	5.135756	3.660013	7.293328	3.011621	3.032996
7.352253	4.976326	5.897680	2.663399	6.676542	7.320405	3.406668	4.201732	6.180145	5.905242	7.501970	6.356611	1.990765	5.531743	2.300332	6.318513	4.706746	5.530266	2.529146	3.579956	4.165721	5.177413	2.896840	5.260638	0.000000	7.739766	2.721851	4.514276	5.519365	3.351129	3.723488	7.234144	2.551152	3.171998	1.849117	5.081431	6.085800	4.364045	6.712177	2.470729	3.002870	1.892643	4.481439	7.269763	7.821918	3.251069	4.348254	2.424295	2.542409	5.574554	6.581290	6.860124	5.168422	6.089573	5.314052	4.898757	7.801265	7.796715	7.411472	7.153527	4.261691	3.925182
2.740014	2.341268	1.747894	2.057710	2.233732	7.176164	3.594533	4.618289	6.559692	5.523581	7.746414	2.046254	7.266231	3.525377	4.786622	7.490635	4.414326	3.752816	4.196208	5.215694	6.670047	7.483536	2.320024	6.692514	5.754378	0.000000	4.546496	3.991280	3.130974	6.093022	6.370923	4.339143	3.584580	3.881352	7.784578	4.249273	6.752697	7.357008	3.203256	6.157777	4.585661	3.944378	2.125476	2.494004	7.638296	5.093325	5.692799	7.338015	6.773186	7.852151	5.623466	5.518323	5.799900	6.290923	6.804534	6.086286	5.243337	6.308837	6.656676	3.659219	2.561281	7.001046
4.776366	3.104792	6.585358	4.716982	4.864635	3.461656	4.231606	5.813476	4.414935	4.669884	2.263904	4.835103	2.400666	6.995156	1.654282	2.187849	3.360610	6.265279	4.104243	7.159812	3.959484	3.607363	4.762253	2.767384	4.577144	6.365787	0.000000	1.949695	7.222551	7.286108	3.322759	4.024300	3.527890	3.680097	5.899002	4.538814	6.431450	6.951198	4.494859	2.305799	3.764616	2.478148	3.843100	2.445788	2.371907	3.484858	6.747867	5.563659	4.993685	3.202056	2.365934	1.598443	4.064592	6.213419	4.951553	5.110749	7.177878	7.506491	2.197242	4.661649	2.517787	2.344313
4.092004	6.026635	4.949804	5.259313	7.000401	5.148705	7.550586	3.266810	6.483325	6.282124	5.334529	4.290625	6.687968	4.641265	2.375835	2.176136	6.365395	2.343212	5.055290	5.041991	4.368666	4.064968	4.745563	1.998493	3.625129	5.080408	6.712688	0.000000	2.354587	5.171455	1.960941	7.080249	2.670127	4.160056	2.196613	4.695140	2.190366	7.792402	5.660546	4.142058	3.590391	4.631880	5.256678	2.861632	4.941190	5.154811	3.519164	4.790046	3.495659	1.721498	3.406985	3.206629	6.828292	3.507016	5.436796	5.828478	1.658472	6.878599	2.569989	4.665356	5.702489	7.787205
7.385769	6.712684	2.940562	5.360827	2.812039	4.608030	4.528237	3.180095	7.019475	3.285021	2.711991	5.746661	7.576384	6.355695	3.029949	2.680851	4.872639	7.173645	7.082289	2.518694	2.127337	6.431223	2.443343	5.669667	6.208865	1.938379	2.024058	1.634881	0.000000	7.642847	4.614797	1.734990	3.991542	7.570345	4.473619	2.515339	7.543947	3.695935	7.026186	7.444546	3.678137	5.208692	5.059482	3.574696	7.161304	2.556837	7.720045	1.929214	5.770502	7.239635	3.300603	7.860739	6.570000	4.266116	3.238274	6.844862	4.316148	1.840062	5.273798	6.331802	7.003683	3.578589
7.862903	1.752307	2.289444	3.156661	7.113607	3.154434	7.273237	4.196232	5.277927	2.040690	7.266423	6.195365	4.354405	6.846216	3.771944	4.253871	7.783923	5.126992	7.163080	2.034507	3.246774	6.636307	4.047483	4.099097	7.771093	7.128231	4.666156	5.598348	7.646855	0.000000	7.597496	7.288491	2.125143	4.285080	5.638985	6.146050	3.235610	4.208198	5.330044	3.995164	1.710999	7.143687	3.414084	4.704171	5.555933	5.002856	4.191658	2.632589	7.465746	6.513653	3.862592	4.764239	7.696739	2.577533	5.927091	1.890251	2.103648	6.551653	5.081776	3.279510	3.318304	2.792514
5.702527	4.556368	6.392747	3.603593	7.153168	1.923670	1.982294	5.845093	2.459088	3.463829	2.912166	3.695308	5.112395	3.312200	2.131593	3.376229	6.211711	7.010844	4.107925	3.760784	7.149121	7.005453	5.764876	6.300625	6.581101	7.566753	6.594129	5.280937	2.912274	3.839594	0.000000	2.925235	3.069223	4.941571	4.166866	4.928912	5.520773	5.822774	5.745874	5.483414	6.029677	5.480274	6.226914	2.724034	5.004518	7.063689	5.396383	3.638389	5.729798	6.088428	3.624527	6.250928	4.183900	3.122045	4.613556	2.954259	6.489648	4.465252	5.087087	3.016780	3.000464	7.606684
3.690063	5.545329	3.938237	2.502577	6.631926	2.611886	1.729595	7.207049	7.423618	4.962797	5.476489	5.568202	4.945225	1.790240	3.371495	7.480275	7.547042	1.734506	7.464655	7.389852	6.035251	6.451326	4.408440	1.824185	7.200406	4.487017	6.019909	7.781156	7.022329	1.974838	4.458220	0.000000	7.765187	2.100989	7.695744	6.027249	3.985226	4.177064	4.922446	3.807726	3.250443	3.086196	5.048980	5.916008	6.435951	3.638137	2.814486	2.323158	1.866987	2.445664	3.612671	4.760653	4.928629	2.513341	2.663903	6.784101	4.371302	6.267260	5.215935	7.862918	2.330608	2.660765
3.272495	6.757367	3.036528	4.424154	2.651043	4.813164	4.970104	5.857138	6.680632	6.619347	5.355374	7.723893	5.945334	6.771513	7.625024	6.611332	2.934599	7.374298	4.378849	3.666197	7.351295	1.976488	6.927770	2.491607	6.159455	3.612576	5.034018	3.088422	3.732000	4.433366	4.114823	2.858232	0.000000	1.788817	6.331765	6.925822	6.559338	4.895464	4.225809	4.901999	2.878592	5.553348	3.236284	5.048820	2.675542	3.451273	2.682780	5.267315	7.679485	6.672606	7.017398	7.779942	3.852941	4.272502	4.209751	4.781309	1.607938	6.119104	6.621891	6.327008	4.415734	2.548041
5.746164	4.742636	3.037942	4.816107	1.955266	3.213267	3.227685	7.523368	2.796796	4.760645	4.650498	5.164351	5.184561	4.560015	4.069426	6.183446	2.273951	3.323692	7.545732	2.668743	6.790846	3.020731	2.648504	5.653483	4.677569	5.770517	3.712985	4.181479	1.962265	2.550589	6.959448	7.439755	7.432250	0.000000	2.080118	3.239894	5.022273	2.376496	6.930776	6.817438	3.597989	2.825430	3.351227	7.183405	7.769005	1.706631	7.599817	5.674096	4.984832	3.426455	4.597365	1.711410	4.383818	5.494591	6.547250	4.750688	6.811410	4.170312	2.488429	6.074764	6.459447	3.035000
7.638683	5.126150	6.543028	4.072282	6.579465	7.299722	4.027890	3.683298	7.257309	6.694319	3.347382	6.820278	3.012907	5.094174	2.785419	7.091584	6.222463	3.301656	4.277054	6.099861	5.147918	4.127679	3.564037	2.142314	5.010431	5.784019	3.791680	2.395951	6.037782	2.438938	5.451185	5.294765	4.452836	6.472019	0.000000	3.335245	4.531299	7.454419	4.938167	6.179883	5.971580	4.359336	2.907993	2.920808	6.884680	3.732630	2.325264	3.276107	5.016812	3.104344	3.303969	4.464237	6.635030	5.908011	3.763124	3.328256	3.641336	5.601508	6.359371	4.724099	2.441312	6.282040
7.617648	3.197875	6.195967	2.380155	2.028632	3.856802	5.821626	5.092525	3.488495	6.161622	6.981382	3.091434	2.967194	5.878471	7.008951	1.977466	4.033508	4.307132	3.496525	7.873797	4.574473	7.623929	5.559454	7.817504	6.399452	5.103311	4.725936	7.399620	3.362014	4.304886	2.861714	5.623300	7.814986	7.609690	5.516821	0.000000	1.823224	1.793351	6.122154	3.182695	2.427234	7.162667	4.729832	2.206450	3.581319	7.157421	3.986265	4.683897	7.741412	2.226013	3.797545	2.714978	6.766582	7.436949	5.326456	6.544903	5.966309	5.214008	6.780683	4.779273	1.803281	7.792717
7.583341	6.278178	7.140183	7.671975	4.479588	2.650832	4.751427	5.501628	6.495887	7.793913	2.744723	5.458800	5.697981	7.768285	4.605143	6.569698	2.765607	6.303644	2.184652	3.613906	5.877837	4.311178	3.322070	3.644088	3.993605	7.484512	6.177170	6.417218	6.214982	5.691547	1.749350	7.724844	5.132156	6.382973	7.268531	3.850010	0.000000	2.867244	6.314105	3.589933	6.259500	3.099195	2.671312	6.365977	3.085895	6.497198	2.137666	7.724756	7.522791	6.929158	7.543422	4.283729	5.286066	7.760202	1.803605	5.123759	2.363489	2.123195	3.560265	5.275748	4.399236	1.625503
6.369376	6.903834	6.639630	7.861925	6.748318	5.046407	7.829387	2.379173	5.340343	6.973581	2.159745	5.933314	5.246394	6.713034	3.674885	7.059174	4.578815	2.557150	6.044596	5.965865	5.293688	2.550229	4.643987	5.578672	7.046513	4.439500	6.920481	6.308673	4.025619	2.177453	4.697320	4.494563	4.304027	6.093878	2.603095	4.424382	4.896139	0.000000	5.073272	3.011924	6.089202	4.849017	4.218604	6.321112	2.858366	5.286604	3.009210	4.321533	6.063850	5.091908	2.761708	5.357030	6.845148	1.586947	1.747013	2.057344	4.712152	1.850175	5.797236	3.328944	6.444175	3.007834
4.836096	2.299271	5.874067	4.551778	4.669408	2.869585	6.130047	2.930311	3.518667	3.013528	5.441895	2.467279	7.821304	4.932708	6.356009	7.063127	4.246590	1.799825	3.972013	5.965488	7.006967	4.150548	2.318614	3.593857	5.017154	6.968101	3.865396	3.422182	7.689040	3.023439	4.677048	4.071634	1.919537	7.462664	5.004362	3.549107	3.768734	2.829729	0.000000	7.147087	2.277920	4.443738	3.574685	2.994980	3.446020	5.243375	6.064432	2.467208	4.261662	7.272994	4.795933	7.452827	7.822163	6.559729	3.747090	5.924339	6.555614	5.911839	5.511287	2.277311	5.081836	7.321645
6.492724	7.004786	4.781724	4.686059	6.353817	7.641826	6.212913	5.831078	2.893396	6.654571	4.368564	1.804326	7.378353	1.857546	5.360564	6.421982	4.788175	3.865955	2.078324	2.119525	5.395241	5.802771	1.607229	5.398655	6.942113	3.681948	4.090378	2.991182	3.039395	1.626990	5.650886	3.761423	7.553606	2.050465	2.352060	1.757199	6.678489	4.048350	2.427855	0.000000	2.353825	7.015481	2.545393	6.887389	3.922721	7.220043	2.961046	6.734810	6.006175	2.270208	4.088119	4.526641	6.096147	6.299050	6.615208	7.781479	3.472918	3.754514	6.282181	5.868481	3.679549	6.168860
7.219729	5.044169	3.842868	2.076936	4.250008	4.007855	4.664846	3.919662	2.234496	5.596559	5.395763	4.892157	2.357653	2.376640	7.142201	1.621898	5.526544	6.732294	5.509829	6.758957	6.968741	6.194154	4.850500	3.130375	5.375879	4.031256	2.466628	6.926345	2.924974	2.915038	2.471179	6.370190	4.010579	2.297748	7.834030	2.902989	6.179566	3.259866	3.739557	2.367185	0.000000	6.302401	2.655418	4.239029	2.643297	6.357195	1.634012	3.997128	2.925012	2.518168	5.214320	5.764053	6.731222	5.151988	4.747050	6.128159	4.260734	7.195619	7.389396	4.623518	7.273828	6.332544
2.098666	4.007767	4.316498	5.797023	2.751897	7.409704	3.069126	6.378297	6.704794	2.094676	2.782500	3.252221	6.684551	6.014741	4.160275	2.333398	3.826291	6.846031	7.797440	4.714207	6.027593	3.623102	6.242570	3.011009	3.200020	3.855653	6.981679	3.908222	1.842719	3.773663	5.221012	7.570450	3.577867	4.816975	4.085984	5.714614	5.457587	6.392557	6.739178	6.055488	5.872760	0.000000	5.623510	6.308029	3.185281	3.030166	4.287161	4.900584	6.882354	6.015413	7.220030	6.645471	7.639014	6.681371	7.417949	2.370603	2.179575	4.094641	4.924043	2.433377	2.306467	6.416303
6.511775	5.030186	5.595157	2.050870	3.594733	2.392745	5.816138	4.279793	5.297471	2.789745	6.219941	4.575448	6.571270	5.283125	7.699992	6.787851	7.137961	4.696588	5.580519	5.148609	3.854361	3.361929	6.866951	3.709523	2.897072	4.430625	6.287534	3.974799	7.279561	7.713828	6.802740	4.870943	6.384459	2.251681	7.301524	3.941933	1.723061	7.165337	2.012349	1.971856	1.808226	6.037750	0.000000	6.754064	5.102825	2.703718	4.187300	6.393968	4.889666	2.680593	6.419268	5.034408	4.891683	6.240564	5.483731	7.446251	5.145794	6.757743	6.824412	5.187495	5.245443	5.249919
2.990577	5.811515	1.596153	6.526246	2.838406	6.251391	6.987670	3.176506	7.845912	4.719908	7.287095	7.135099	1.715101	7.731314	4.086055	6.247973	5.683547	6.343277	2.387776	5.558161	3.377041	7.174820	7.059451	2.709465	2.604948	4.426004	4.654797	3.094434	5.110349	7.798505	4.607728	4.493012	4.876041	3.146406	4.404899	3.670930	3.731092	5.833401	6.383898	3.447419	1.924756	5.650717	2.847549	0.000000	6.697257	6.230043	6.165833	1.913236	5.429433	6.370221	6.985451	3.539414	7.769767	7.261859	2.817258	3.015744	4.121514	7.150921	1.625042	5.645565	5.014513	6.393287
2.456040	7.560173	3.338723	7.239990	5.884044	3.792962	4.913016	2.377383	5.858708	2.800715	1.733327	4.366910	3.103374	7.517557	3.643287	5.920319	6.880230	2.555744	6.298865	2.466132	2.729192	4.582570	3.952227	2.433937	6.862645	7.143548	2.099196	5.215289	6.216398	5.583468	2.381629	3.118171	7.215619	3.091189	4.432446	5.649400	6.061783	3.722872	4.365624	3.331401	7.759073	6.853238	6.027071	3.226941	0.000000	4.819209	5.069695	3.872249	6.790493	2.093673	7.440091	4.202123	7.205087	2.646141	3.401065	6.656075	6.865098	3.117902	3.529887	7.571015	5.833995	5.930872
3.572759	2.107910	2.351973	1.961368	5.919369	5.439211	7.680182	7.148392	6.661061	3.352765	6.173040	5.577202	3.838912	3.057823	1.859168	2.881156	3.192470	4.240607	1.984124	7.114147	6.447631	7.534057	3.761774	4.838719	3.052277	6.358682	3.222364	7.084357	2.149546	7.328826	7.799174	1.949110	5.221116	6.957333	4.137849	2.936913	2.498891	2.663754	3.436493	2.371280	3.133364	6.375184	4.615196	3.852188	5.592282	0.000000	2.395049	4.962834	4.701579	5.529115	5.336997	4.531428	7.083719	5.504751	5.052596	1.855512	7.101647	6.704810	3.498570	1.854757	7.686489	2.662080
6.843661	2.777490	6.941625	2.108603	2.266468	6.480083	2.244026	4.288090	3.166453	3.477272	6.103442	7.208764	4.741949	3.337192	5.347543	6.221814	4.775834	3.106241	7.527443	3.604924	6.440582	5.295425	6.677536	1.938481	2.638659	1.995334	4.888814	3.104918	1.591272	4.939411	7.188696	5.616597	5.919237	7.110935	5.702338	7.048716	5.595476	6.914891	5.280434	3.595722	5.590823	1.836678	5.740979	5.718572	3.445619	7.035932	0.000000	3.531175	5.730785	3.341701	1.854228	4.320492	3.435489	6.299833	2.289851	6.558151	3.696053	4.725888	3.298736	2.593557	5.356601	2.022833
5.483983	6.302319	3.247568	4.264846	6.951157	3.118453	7.336067	6.585046	2.620277	4.054788	2.716748	4.976324	5.874777	4.481823	2.752110	3.260913	4.741885	5.515966	3.251912	7.859046	2.038468	5.361393	1.786441	4.700595	5.488272	4.455918	6.886639	4.046513	5.558679	2.225895	2.675849	7.162911	6.018690	6.807318	4.242363	2.106472	4.632144	2.170616	3.668468	6.236885	5.827898	5.862719	2.286038	4.543762	7.226276	2.350835	2.629067	0.000000	5.930965	2.690179	7.414352	3.063457	2.598841	6.457742	2.611404	2.303676	1.617096	3.336070	6.208736	2.383385	4.771504	2.099264
7.821447	4.509856	2.760306	5.687550	2.167100	7.121798	5.092835	7.378903	3.062910	3.659224	4.262848	7.493561	5.832999	5.712673	2.606195	6.054651	4.610175	7.341578	4.555679	2.926164	6.709027	5.039616	4.633585	6.481092	4.304534	6.097875	7.049532	2.491774	4.519318	7.599072	2.710598	3.700541	1.733584	7.345410	5.302083	5.520658	5.043075	7.574472	2.171112	1.778934	2.325680	4.018169	6.592205	5.731614	3.502111	1.669433	5.420046	6.416149	0.000000	7.788733	5.990389	3.326134	5.685565	3.445041	2.744169	2.799634	4.001074	3.530398	3.960828	4.525076	3.277292	5.741390
2.398509	5.476293	6.087839	2.229506	5.097068	7.197514	5.621443	7.848294	3.091685	7.516963	7.603726	5.507650	5.564655	4.723429	6.519685	3.846118	3.254936	7.124651	7.502737	5.015294	3.929570	4.823786	2.651059	2.842533	2.294162	4.506162	5.929198	6.868920	5.636057	5.505350	1.960359	1.685981	3.437802	2.329503	6.903183	5.695700	2.688392	4.281597	2.180712	5.215485	2.337851	3.307829	5.783304	5.194363	5.242724	7.520185	3.569230	3.527835	7.425872	0.000000	3.023118	2.314671	5.452728	2.407108	2.189841	2.956799	1.612297	5.173531	5.144456	6.975513	2.978645	5.394537
2.641385	2.512710	3.501760	3.511132	6.235613	4.091345	5.022963	3.315014	2.986343	1.955012	4.053060	4.296250	5.930775	4.691508	5.768049	4.828709	2.297240	5.370699	3.666569	7.006018	5.690630	7.683337	5.268566	7.157391	5.822601	7.808982	7.619790	5.054524	5.476577	1.882042	3.225771	6.053703	1.618537	5.301395	1.855884	6.330159	4.686397	3.326115	3.228803	7.223803	3.104009	6.464413	7.553404	1.704508	7.262437	5.149692	4.949961	7.737129	1.900789	6.692519	0.000000	1.613194	1.669544	6.548002	5.641773	7.427599	6.552581	5.138071	4.465429	5.726969	2.222099	4.309092
5.832754	1.856911	6.225734	3.962918	4.311971	6.202328	6.925191	6.827102	5.741417	3.080520	4.804110	5.930886	7.293659	7.224088	3.859474	3.096584	4.335173	4.284112	6.544168	5.458873	6.240516	4.418999	7.489987	3.729338	6.327851	3.086622	1.752253	4.591256	1.864115	4.244659	2.744194	4.306286	4.986809	2.316894	3.851943	4.473363	3.459407	7.797711	5.435398	6.797355	1.877053	7.752056	4.674445	1.760979	2.346404	3.710895	6.560609	3.631477	6.320171	2.478383	4.091032	0.000000	2.036922	2.127174	3.590442	6.819067	3.583702	7.493592	4.916752	3.197046	5.207010	5.274580
5.118022	1.729756	1.750496	2.587836	2.725624	3.818027	3.647159	2.652799	2.289448	4.304437	2.276175	2.272927	6.708666	3.118425	1.681705	4.439228	6.728844	6.564195	7.406522	6.076674	7.320274	1.988054	4.672574	2.296088	6.964813	5.603553	4.359683	5.461891	3.480865	7.278837	2.172592	3.185264	1.652076	2.367823	4.407550	3.330934	6.562651	4.191189	7.450983	5.954408	2.378613	4.014143	3.942746	4.518764	7.849116	3.892134	7.585163	3.097516	3.112463	2.102707	4.735515	6.334067	0.000000	6.199323	2.369947	5.601846	4.336599	3.556944	5.713805	6.804107	6.438964	5.242938
7.252024	6.589904	4.925922	4.539332	2.964313	1.962916	7.303484	6.590420	7.582129	5.134293	5.318654	7.533693	2.856666	1.694491	6.750762	2.680855	2.026189	2.429339	6.612088	3.667780	7.220894	6.633541	6.585358	2.759567	3.349131	6.259655	2.832554	5.618528	6.556664	5.241396	5.283159	2.584404	5.637595	1.922872	5.697364	4.727678	4.549361	7.585338	7.082383	7.388079	4.610064	6.178341	2.233082	2.208979	2.755203	2.538271	4.551978	3.023860	6.270432	5.126439	5.661195	2.823250	5.454915	0.000000	2.340254	7.568775	6.466576	4.847120	6.726662	4.931770	7.461007	5.273341
1.987724	4.433187	6.956269	2.630785	6.816969	2.054158	4.679719	2.031107	1.839303	7.857173	3.835589	3.707592	2.377443	2.020356	3.420968	3.680017	7.705610	4.134537	2.735173	5.168028	4.685309	6.910856	3.874082	6.628484	3.545948	6.099394	6.912945	2.536482	2.674307	5.049431	6.835809	1.829953	5.412218	2.393866	7.696213	4.693903	5.032278	6.750433	2.273198	3.354165	2.895524	4.904661	5.698266	2.551231	6.961335	6.692217	4.493186	2.579711	2.297940	7.801134	4.835021	4.281228	3.868037	3.945497	0.000000	1.868104	3.939296	5.167569	4.944110	3.688451	5.691176	3.844508
6.384291	7.717600	4.009499	4.777201	2.143951	6.021874	2.447550	1.715068	4.660953	4.731759	2.483503	3.355404	6.615626	2.269440	2.646532	6.231468	1.951244	3.800654	3.555546	6.842863	5.631602	7.600658	2.240031	5.269617	6.522809	3.324558	3.612944	2.901188	2.453146	5.985276	4.047727	6.187260	1.624476	2.218555	1.604201	5.576866	1.772454	5.200403	6.618121	7.000851	5.005360	4.939493	6.397043	4.405435	2.971120	5.891261	7.807211	6.932653	5.346270	4.093379	7.177676	5.848671	7.204162	6.305396	4.800611	0.000000	3.241455	3.456992	6.038509	7.240975	6.137691	2.885330
3.054896	2.698182	4.595577	4.817464	7.571139	6.709747	1.917548	5.119247	5.794806	3.258142	4.774274	4.970203	6.970371	1.657703	2.224577	4.496570	1.980438	6.649562	5.426661	3.754294	6.708455	3.306456	3.772178	6.294912	7.613397	3.532903	3.114338	6.335583	2.919457	2.350837	7.587632	5.342147	5.272217	2.957708	2.344020	2.484445	5.762606	7.209729	4.101257	2.438499	5.018382	7.042614	7.813361	5.996478	4.192791	2.801834	1.692874	6.704965	4.922843	7.150204	5.524756	4.393029	3.864596	7.253362	4.403731	3.353492	0.000000	2.103613	1.880526	5.385823	6.749616	2.094977
3.493464	4.488495	7.368234	3.263525	5.782742	4.933028	5.529770	4.916942	6.546172	5.567034	3.558911	7.622164	6.285240	4.564485	2.777453	5.476605	6.524310	5.633661	2.593715	5.066997	7.784276	3.004007	6.684374	5.551465	7.519518	2.915331	5.278411	2.603114	6.961610	2.321526	3.651837	1.993907	3.164021	4.692594	1.892692	4.137124	2.936761	6.621813	3.596467	2.813873	5.122252	3.454472	4.323685	2.397157	3.430071	3.927580	3.800987	5.803721	5.109303	5.482855	3.320083	7.298916	2.275606	7.358881	5.276601	2.544731	3.701309	0.000000	3.088130	3.730042	5.388664	6.199941
6.471092	2.759212	3.695460	4.682833	4.726915	1.802384	2.566662	2.666112	6.766956	6.949730	2.775077	3.208858	3.601772	6.722306	6.030585	7.397619	6.229123	5.353277	4.907904	6.384219	6.195853	5.958263	3.721267	5.439712	1.975451	4.587482	7.385028	1.990762	5.894331	6.409063	2.303967	3.200517	5.675005	5.280698	5.321056	7.558261	6.892772	6.429055	1.642237	2.591007	3.179763	3.605634	7.134807	2.395343	5.912253	2.693856	1.621353	3.215689	1.875879	4.621164	7.149587	4.769904	3.665571	4.960268	6.948630	4.922045	6.056754	5.284971	0.000000	6.853712	4.862355	5.737491
7.762602	3.376902	6.986648	5.221410	2.149646	5.908693	2.483708	6.384495	2.673547	4.420006	3.974446	3.042418	7.091004	3.047886	3.111611	3.333749	5.178252	3.603430	4.588247	4.301600	2.398623	1.892799	4.694820	7.494503	3.686912	4.639757	3.328230	4.294515	4.601867	6.268842	7.744146	2.441575	6.632861	2.767314	3.553463	2.873631	4.192360	6.833938	1.718654	5.878362	2.288959	2.650069	3.209758	7.780119	3.467224	4.877085	3.545137	1.917555	4.225729	2.536333	4.155281	3.634520	6.928453	5.174516	5.572175	3.077899	6.791353	3.793182	3.276042	0.000000	4.185458	2.059751
6.809266	2.891441	3.541377	5.474236	2.313404	3.482926	6.296902	7.453094	3.140738	3.626423	2.520857	7.162499	4.052508	7.720292	1.698399	2.383535	4.376448	1.863099	6.327318	4.358078	5.491849	7.149011	7.307745	4.183293	2.977252	3.835833	2.483022	2.673571	7.621354	2.424961	1.851044	6.454789	2.251704	6.434079	6.315226	3.921757	3.348989	4.130035	3.119696	7.139119	5.447859	3.210275	3.678757	7.504165	6.793506	1.762774	6.905110	5.384186	6.524290	2.645485	2.917569	6.513799	6.356490	6.860512	3.732532	7.426105	3.852516	7.819612	5.977079	7.765939	0.000000	2.147015
4.254616	2.799456	7.528750	2.321791	7.095256	5.285368	4.815449	5.727893	3.276438	7.102389	2.993432	6.968590	6.225628	6.011598	3.673925	3.535088	1.596950	7.316502	4.761987	2.960315	6.275744	7.483563	3.944768	4.419449	2.806789	1.827090	5.955048	1.971341	3.256466	3.513512	7.478573	2.966078	5.037742	2.030817	2.291658	2.161210	4.553351	4.369725	2.553626	6.289338	2.521869	6.375122	5.804886	1.584713	4.192228	1.811144	1.807496	6.171522	6.979444	6.102299	4.796532	2.386275	6.816906	6.158397	1.776792	4.478684	1.749562	3.485267	4.384349	5.487284	2.530728	0.000000
