0.000000	3.029159	4.485868	3.757757	9.328172	8.371823	4.752986	7.825407	2.247393	4.508188	4.807914	8.220784	9.629201	5.805321	3.913566	6.920949	9.762924	5.965305	6.499440	8.520400	8.715663	7.965508	7.619068	2.935089	9.730577	4.029575	4.605379	7.058462	8.630265	3.549456	6.100511	4.189133	7.505310	2.774689	8.439810	7.951821	8.709204	6.583420	7.797959	3.334669	9.704011	7.542082	7.786398	8.989635	8.513687	2.954967	3.609377	9.424147	5.344321	6.139282	7.521535	8.747858	9.079017	7.963063	2.752124	3.173012	5.750277	7.470694	8.647864	8.767067	3.120446	5.022284	2.815393	6.505624	5.669706	4.327735	5.177914	8.833440	5.785723	2.565246	8.440299	9.040077	8.284551	2.188657	6.409753	5.355974	8.797734	9.682877	3.709147	7.184678	4.092633	2.440427	6.452331	5.884587	9.698717	9.834739	9.307088	2.124918	2.212700	8.501030	8.936218	4.281773	5.808935	9.833856	3.208738	9.605396	3.494281	9.023192	3.806078	9.550754	7.910700	4.569306
4.843042	0.000000	2.517901	3.203788	7.005192	3.373910	4.341282	8.465895	7.551460	5.608699	5.047446	7.250757	2.530729	9.466244	6.461901	3.607490	6.114449	8.205362	7.131594	8.347407	6.103581	6.143808	3.819448	8.698371	6.033391	2.666219	7.721395	2.423870	9.047413	4.327314	2.724273	5.967704	5.806548	7.975203	6.016702	9.034183	4.687715	7.517850	6.144836	4.506642	3.833195	9.373097	6.731741	7.002894	7.866448	5.379915	8.392418	6.040005	3.578759	6.489565	6.545014	8.167383	6.154937	4.319947	3.168486	8.348142	3.484545	4.567750	4.266571	2.559130	3.378412	8.689416	6.450205	7.116560	9.543075	4.767472	6.427228	8.728714	7.988490	6.244934	9.341449	3.162875	4.934980	8.600995	8.455254	3.580226	4.897406	2.801508	4.824514	5.730914	3.109152	9.663419	2.504836	8.974735	7.739288	4.454770	9.654182	9.667953	8.050295	5.623252	3.372457	2.844803	7.152442	9.652444	2.255040	5.313679	8.781798	7.903940	2.156056	8.134725	9.041523	7.370786
6.586331	2.891098	0.000000	7.035178	4.935653	6.009672	4.865041	3.081612	5.821564	9.522706	8.028920	3.955215	9.492831	6.139637	8.012048	9.514407	4.600048	4.945145	3.238348	4.534293	9.288514	2.628972	9.709226	2.037057	4.908259	2.780015	5.009117	8.514186	8.697556	9.350431	4.655608	7.649243	8.713943	9.508505	5.573358	7.022911	5.612051	2.690109	9.521133	3.051913	3.462019	2.709604	9.528162	5.684007	7.108514	2.662557	7.085960	7.828302	4.031047	5.989070	9.610256	8.380907	3.038618	2.007108	9.050802	2.929177	4.432048	3.396767	9.415752	8.030353	5.829008	4.639520	3.786387	8.584322	2.526069	9.094452	4.670632	3.037445	9.565914	7.046060	5.799771	5.029406	9.324911	5.209841	4.630169	3.463674	7.608075	3.629827	1.994070	4.151966	7.297573	3.986273	4.208410	2.463122	6.805672	2.737123	3.755069	7.613664	5.098848	7.124202	4.427795	6.170545	5.126845	2.248474	9.189464	2.344174	2.048558	4.323076	4.980294	6.226980	8.003947	8.424809
9.559459	4.545607	9.560427	0.000000	6.588191	5.223441	4.406971	8.237733	4.640447	2.175972	7.993534	9.672503	8.088525	6.430367	2.889145	5.181034	6.181315	6.722047	5.811815	5.578463	6.674623	2.658800	5.617539	8.825740	3.002793	5.920138	3.314989	2.347977	3.565878	3.865525	9.645974	8.163762	9.150303	3.637143	7.317672	7.967705	6.261549	5.267391	6.282469	2.665941	8.330395	8.096987	8.135857	5.565787	6.906635	2.162211	8.805476	2.069912	5.751850	3.979961	5.519428	4.676392	8.629086	9.146518	6.461008	3.121667	4.856183	3.841224	2.503841	8.107541	3.053886	5.078827	2.580914	7.280471	4.978038	5.333618	2.455540	2.699818	6.479083	9.287952	7.850553	9.729352	7.213390	2.012171	4.245906	2.290308	9.495235	3.649243	3.341676	9.190695	3.782324	3.235150	3.653112	9.314517	7.967725	7.184322	4.031329	9.414929	5.868768	7.986267	5.601362	6.651980	7.799007	8.933951	7.638858	8.424520	6.786358	5.212670	8.916981	7.415996	7.147907	7.324024
2.051737	8.037191	6.785555	2.586007	0.000000	3.232053	6.623058	5.167407	9.455710	6.342336	5.267419	7.919927	7.660238	2.633024	2.005082	5.321682	5.015672	8.838421	9.033937	6.204645	4.661407	6.628138	7.560426	7.440536	7.498401	6.525490	6.599609	2.469189	5.918332	7.483374	6.329838	9.435836	5.068092	2.009951	4.952394	5.186075	9.330035	3.544840	9.625212	9.776162	4.953136	2.847674	2.024042	7.243778	7.155526	4.208357	7.873085	2.412114	7.031901	8.151329	8.364075	6.718276	5.845762	6.227128	8.146148	2.724507	9.351536	3.092609	3.409771	6.516076	5.303439	6.302332	7.919982	9.322039	7.427324	8.152986	5.215861	3.578870	9.356163	9.565620	9.689836	9.116057	4.583306	6.808875	8.416600	4.877866	9.547496	4.007722	3.623936	5.383868	2.732709	8.231551	4.336662	2.968387	2.613011	3.137135	9.159542	7.969312	5.236090	7.574540	6.391862	8.563312	6.574297	4.076592	3.227324	6.438732	3.347992	2.489227	4.819913	7.566936	5.812212	7.592202
6.033672	8.658993	8.069225	5.867418	8.805697	0.000000	9.052808	3.974197	6.730624	6.927150	6.565383	8.531965	7.333122	4.792826	5.861543	6.356584	5.745316	4.570788	8.472832	5.225649	3.789385	4.963359	8.846869	6.473677	6.451595	2.449595	5.247576	5.831811	6.290186	2.565381	9.515948	2.512053	6.467740	9.542861	7.223245	2.716788	5.739327	2.982413	5.344448	6.591564	9.758745	8.691394	5.039102	9.063923	9.844231	5.600147	8.623260	9.616330	4.517380	5.765576	9.594607	4.342879	5.655264	7.844220	4.296635	5.624340	2.629476	9.854075	6.500313	4.296913	9.742481	2.417085	5.581503	7.449512	6.689018	8.053208	2.498763	3.446695	3.565521	4.408636	9.010334	5.238664	4.146407	7.814970	3.114908	4.868926	2.711257	8.031062	9.466043	5.301002	6.294297	7.779596	4.898336	7.819031	4.830222	4.556964	6.660585	6.380584	7.907090	9.316462	7.482645	9.267211	5.459171	7.572028	3.817278	7.798881	8.291402	7.054793	3.795804	3.896607	6.443407	5.757147
7.466410	2.359466	4.321921	5.304565	2.685749	2.137829	0.000000	2.115961	8.396334	4.653768	9.533041	7.557441	4.317620	4.796646	7.218677	3.997796	9.039480	8.839762	6.153002	7.503184	9.616905	8.570246	9.207439	5.570208	3.680800	2.723647	3.774246	3.735612	8.471691	2.648415	9.005245	9.314240	8.190420	5.654036	4.013998	7.472788	7.682369	6.648630	5.030828	8.705448	6.049769	6.109258	9.541817	9.759749	3.617176	4.838969	6.045342	8.157361	7.660391	2.946705	4.682662	5.704008	9.642768	2.628342	8.157247	9.518795	6.763601	6.415161	6.926507	5.701537	3.483257	3.031571	7.592976	8.682761	9.450630	7.352260	9.077598	3.979282	7.345172	9.256531	5.403550	3.713799	5.601911	6.673365	3.846110	9.011319	6.225086	7.329895	9.437167	5.404068	7.402656	9.282898	7.838623	3.877324	3.048279	7.510931	8.862475	8.290707	5.449448	8.375402	3.300214	6.738163	9.760434	8.569735	4.115894	3.888306	8.323149	5.613055	4.900856	8.738072	9.621900	4.016048
3.484162	8.387661	3.855820	3.522356	2.157933	9.284730	2.944329	0.000000	6.020786	6.424501	3.703208	3.968214	4.159721	2.512462	7.235233	3.137213	4.138889	5.001224	7.973965	2.573852	9.585725	6.252801	3.660391	1.977495	4.650153	3.481785	9.277992	5.597505	8.573585	8.425935	9.718726	5.186246	8.800068	5.716567	2.676673	7.023794	7.864568	9.680249	9.225290	3.004176	5.592601	8.613506	6.561959	5.763050	6.623560	8.772215	6.326759	4.761266	9.481903	8.541639	7.039660	7.773652	4.698258	6.777372	4.433376	2.897401	7.097400	2.395677	6.246625	8.240121	8.637431	3.424417	8.592049	8.945058	7.534185	5.411603	8.334631	2.059075	8.428792	5.044152	3.647126	2.254979	6.245974	3.146293	6.812862	5.885738	7.179822	7.759712	7.128124	4.706765	4.137136	4.793519	7.314411	3.000708	6.577146	9.560239	9.158233	5.892358	6.875524	7.254351	6.508442	5.650737	5.984945	4.724667	8.843115	7.705213	7.622465	7.855359	4.884351	7.210397	8.947892	9.141869
2.444077	7.076682	8.022196	4.633230	8.559778	3.361229	8.833473	3.917344	0.000000	8.443077	8.187516	3.614819	4.106861	8.012183	5.965974	5.585413	2.580646	8.403285	5.210125	4.889344	2.537323	9.530897	4.174738	7.348421	9.470086	8.086634	8.643237	9.645682	4.408737	3.336695	2.548998	4.450997	5.767857	8.542961	3.252016	2.315278	4.728404	3.816228	7.822141	3.840114	5.069059	7.659623	6.470057	6.017032	4.170517	2.035461	7.977003	2.713294	8.530685	9.077621	7.809335	4.535016	6.664202	4.159780	3.643997	3.577840	8.973526	6.851263	8.615842	8.952680	7.062657	5.290351	6.399003	8.947776	6.808944	8.112130	3.664996	5.617548	8.580623	8.751000	5.800755	2.099402	4.124753	2.191895	2.605110	3.325630	7.475270	6.332047	4.326334	3.957681	4.553643	2.902387	7.546303	4.796197	6.783457	6.313208	2.308704	5.558806	8.423637	5.810238	8.005944	4.820397	6.532281	4.633910	9.156186	7.368858	7.838122	2.444457	4.262574	5.570146	8.227220	7.211050
3.922304	5.845704	3.120197	4.943510	2.452290	9.338675	5.355684	2.874776	3.322740	0.000000	5.322487	8.157395	8.199771	8.293991	2.957334	3.158983	2.541780	2.419773	8.732008	9.512490	7.379733	9.732803	3.465732	7.458935	8.111097	7.935459	7.735790	2.025900	3.395976	8.834827	3.967862	4.260269	5.101707	3.347062	6.248489	3.118946	5.365018	3.703218	3.215214	4.104408	7.173420	9.262059	7.512291	2.377473	4.722432	6.297049	3.781736	8.556292	5.912762	4.226050	8.356800	3.467487	2.210290	3.191558	8.028861	5.230350	7.522552	2.308792	4.040087	3.160920	2.648033	2.678055	4.734457	2.529184	5.102206	4.696299	3.741611	7.169095	3.629119	5.945652	6.526621	6.282872	4.154429	9.511868	8.160926	9.579312	9.062731	2.843163	9.812921	8.027460	9.352700	2.496717	7.183541	3.922872	6.590180	6.621202	5.362424	4.745660	6.980376	7.037637	3.852796	4.734177	3.392551	6.936740	6.324470	6.839125	2.376113	9.329146	6.182218	2.809635	2.629979	6.743715
9.683125	5.435397	9.842068	7.887602	9.729058	7.409573	7.281483	4.068266	8.486307	5.178728	0.000000	2.498976	5.108102	7.790329	3.805272	2.976203	4.092393	6.997827	5.138170	3.976012	4.374469	4.196551	7.363726	7.129595	5.551404	8.171422	2.129253	7.430298	9.486971	7.578621	5.088360	3.315957	9.104524	9.252575	7.747792	3.457244	9.389889	7.129243	4.176315	8.279320	3.247141	7.265947	3.298067	6.772216	7.846189	5.960726	8.012831	8.149206	8.429903	5.746778	7.184640	8.636211	6.290230	9.158633	8.621043	4.461798	3.413907	4.278814	4.633348	6.705845	2.875098	7.388397	5.067438	3.767587	4.162592	5.576965	4.278452	4.717346	2.501809	7.846814	3.999287	2.971179	8.183262	9.033191	7.161711	7.169021	8.758966	6.744153	7.584625	8.399762	2.181205	2.168180	4.707996	5.032826	5.356226	5.950323	3.943894	7.500770	4.757208	7.795401	2.593870	2.451008	4.447549	6.533266	4.030639	5.410798	5.586995	6.152032	9.750806	9.760006	2.277977	5.360829
3.982229	7.753367	4.088144	3.537009	8.849409	6.287533	7.447258	7.160029	4.705102	8.682562	7.121092	0.000000	5.451153	6.305397	5.817892	4.085029	2.857519	3.605957	8.858249	4.803085	5.473092	7.012153	4.338582	5.514216	6.318821	5.348961	4.472504	4.660920	7.501325	2.287843	3.631235	6.175516	9.836848	2.274200	8.438782	4.631043	6.957987	2.104606	6.316297	7.417413	8.361236	5.007636	3.510490	3.847543	4.186718	3.745449	3.606362	9.644183	3.954165	9.105860	4.669462	5.149167	7.550994	8.742737	4.583016	3.050700	9.368475	7.897066	2.878883	8.811915	6.037911	4.240091	6.505571	3.657539	9.799272	2.639442	4.568252	9.247098	6.847625	6.632471	6.332559	3.041256	8.408089	4.832634	9.477739	5.644696	2.052839	3.505717	1.981467	8.134633	2.307702	2.408222	2.990193	6.326046	7.216965	5.519718	5.221204	2.308808	5.135801	4.855591	7.679177	7.889006	5.347302	2.604647	7.977314	7.606340	9.030683	4.341736	8.151120	9.103665	8.504910	7.299715
2.933405	6.281600	9.054325	6.395772	2.452131	4.031399	4.420922	3.920828	2.818424	3.200357	3.410629	7.714846	0.000000	8.881855	8.863301	8.102370	2.574967	2.885174	9.626983	2.793228	3.674094	3.792869	8.811296	8.747658	5.054933	8.214115	7.130384	8.376000	8.089921	6.330658	3.861646	5.974657	9.041111	2.990813	6.394835	7.041528	5.403279	6.602791	7.611614	3.864074	3.751281	6.069755	8.177619	6.343824	7.824249	6.438034	6.745234	8.977495	5.977747	7.324637	2.073981	7.101670	6.393686	9.192409	2.615868	5.712438	4.683813	7.961184	6.858138	3.399684	6.724013	2.979954	5.709111	3.304765	4.084748	4.255083	6.026397	3.316617	5.420845	3.526692	4.463652	4.560453	5.689848	2.155857	2.660441	7.001453	7.346546	4.956451	4.837257	9.206442	6.660814	4.528028	7.385824	2.241441	2.420031	9.431347	3.582286	8.822385	3.805177	4.614725	2.174593	7.467814	7.254481	2.273111	4.537032	5.868132	7.283852	5.217542	2.751280	3.601483	8.513234	5.697174
4.200264	2.267745	7.211988	8.421480	4.858422	3.271146	2.679004	4.209119	5.100455	8.323753	4.845423	4.234287	5.757387	0.000000	9.502730	7.488463	3.544713	4.910936	8.510815	9.330380	5.200266	4.032419	5.195292	6.308646	6.026554	7.164529	2.329087	9.604934	3.232345	2.435174	2.538605	4.998815	7.570041	3.134660	7.043640	9.122680	4.571792	8.448000	7.919565	5.256705	2.594331	8.806438	7.211903	8.131124	4.016600	2.155824	4.586867	8.028254	9.801453	2.951734	2.317246	3.535752	4.884597	4.503593	8.196149	3.798039	3.139249	7.768072	9.013629	6.129007	6.849944	4.572929	5.893746	6.583384	5.637039	9.275583	6.114699	3.902179	8.177471	4.470999	7.581747	3.197318	8.898939	9.059363	9.485728	4.534553	6.264144	7.198672	3.453594	6.121188	5.724672	5.672531	6.703667	5.123661	7.449945	8.292775	7.919688	8.451825	8.779436	7.165323	7.781794	2.569994	8.588365	4.155928	8.624463	6.631936	8.676108	7.054243	6.419789	9.817253	4.134758	3.885946
3.408174	2.426082	6.267296	4.994884	7.538816	7.589313	6.952735	6.014652	8.936260	7.991522	5.040937	2.513667	6.604017	7.421561	0.000000	4.971516	7.246708	2.352347	9.050892	2.088689	7.342351	5.480896	6.005160	3.418733	6.159289	9.268824	6.946265	5.349682	5.579923	6.410525	4.111453	7.727553	6.050198	9.813415	5.947574	4.694364	5.266974	2.866875	4.723635	8.347842	2.107058	4.473871	6.448683	8.195002	7.119544	2.118219	4.949172	2.409195	5.128566	5.801109	7.234012	5.643106	7.064858	7.440721	9.661139	8.777333	2.860052	5.463153	4.338848	5.204837	5.498576	9.487183	3.707608	5.078949	4.517960	6.995210	3.736892	7.533260	5.572700	7.579521	3.125111	4.878168	2.489456	5.106145	2.253601	4.805582	2.087402	2.211625	7.515623	6.754697	3.192573	5.842114	3.864427	8.668690	2.001638	8.607434	2.291876	4.753457	5.938508	1.974411	2.446869	2.189275	5.947362	2.228977	9.781691	4.872298	3.308091	4.981291	3.482328	5.952840	8.690336	7.794692
5.625501	5.851111	7.323334	7.008407	3.374218	9.165304	5.301963	4.572165	7.722163	5.073168	8.926268	7.151682	4.538824	6.045435	9.095809	0.000000	6.771915	9.172247	4.692208	8.112043	2.258418	4.057984	3.071998	5.291480	4.434636	6.095396	7.819262	7.816312	8.115631	7.810315	8.042141	8.229374	2.736364	5.154511	6.699596	7.699591	7.041509	2.732042	8.575791	6.404208	4.282579	3.277545	5.164610	2.147422	5.166824	5.815874	7.725529	2.425680	6.356319	8.031043	2.305195	7.644408	5.237203	6.953125	3.330130	2.307556	7.922543	5.252286	5.578235	8.613731	2.505049	3.127337	5.829191	7.107645	9.628625	8.610769	7.631217	4.948888	2.426668	5.530893	7.232197	4.534198	8.262774	5.539782	3.940775	3.130433	6.834350	8.999693	3.233083	8.177244	2.804353	9.714153	4.100242	9.650618	8.462234	8.368320	5.423961	4.021120	8.012810	7.880256	9.421532	3.615937	7.507965	7.704924	9.692163	2.658424	7.654672	7.673299	7.140429	9.747086	3.305213	5.214354
6.342279	7.893862	7.664649	7.448054	5.146414	4.797133	8.465279	3.380652	4.844572	5.452020	6.696209	6.705403	9.093248	2.142089	2.969747	8.567554	0.000000	4.273311	6.326110	5.519363	6.909158	4.164618	5.851469	2.577050	2.133509	8.001558	8.172990	8.689299	2.880156	3.676739	6.260659	6.558126	7.185604	3.562551	5.152607	5.853198	6.192039	5.864867	5.206047	5.137248	8.585997	6.769854	9.097755	4.143534	6.814651	3.406286	7.929619	9.528888	8.637669	9.728061	4.872216	4.992497	2.819428	5.449125	2.613189	7.546280	8.922554	4.386911	3.136040	8.605174	8.237426	9.300216	8.471972	8.182620	9.849680	3.313349	3.043986	4.254679	3.961185	2.475571	6.794060	3.107263	8.276003	5.180828	5.175876	8.193996	7.726660	9.353643	4.474129	7.356913	4.025198	3.858285	6.424428	4.286407	8.556605	5.118600	5.869118	9.760420	3.560839	5.233686	9.450090	3.064286	4.842480	7.623026	9.325378	9.313367	6.392052	3.511636	3.204491	2.656807	7.114795	7.296993
9.198607	4.211794	8.977722	5.021662	5.107636	5.055313	8.817870	4.285307	4.772103	9.740345	2.857347	5.686433	4.031683	7.098478	3.535233	5.566040	2.243086	0.000000	6.072957	2.662020	9.281396	6.832600	2.491247	8.893777	2.935298	6.267666	6.285256	7.393451	9.741794	7.318385	7.207345	5.634353	4.142324	3.187818	8.455102	3.725345	7.142496	3.492282	8.471645	4.017443	6.670828	2.443781	3.716363	9.590252	6.470017	4.482476	7.336196	7.886930	5.364913	3.345246	7.664909	6.420487	6.554053	4.608951	7.478927	6.851758	6.562110	7.164546	5.957625	2.043898	2.272802	7.028734	6.457020	6.721099	7.490967	8.740585	7.938778	6.734025	8.678404	4.102174	5.036218	7.796365	6.792623	4.973568	7.204974	4.571507	7.628276	3.718956	5.397927	8.399644	7.776926	7.433698	4.747614	2.974742	4.340834	8.316694	3.055045	5.871975	7.748882	9.135625	6.367182	2.451479	7.429102	6.439788	8.766310	5.800512	2.326916	3.107814	9.756453	6.321314	6.619972	6.502877
9.849226	9.814820	2.436739	5.079833	8.554542	3.779851	8.195879	2.671647	1.994029	4.070564	6.795498	8.540774	5.066077	2.385547	5.760563	7.839480	4.373083	7.379230	0.000000	3.961140	7.361504	6.699579	6.778534	8.786367	7.231588	7.262258	7.571146	3.121410	8.014084	6.311045	3.163034	2.218396	6.734165	5.552514	2.053259	6.200515	9.173856	4.343901	9.767912	8.669576	7.418427	5.853175	7.717623	9.237203	6.376923	7.768377	4.076478	5.094929	9.358140	9.322072	9.442238	2.503879	4.164372	9.217041	3.858220	5.617819	5.498342	7.055945	8.324582	3.092163	2.286477	3.831312	4.871918	5.752025	3.785679	7.644998	7.186178	7.196196	3.386028	8.345117	3.390163	6.038843	5.040580	7.759540	8.868637	2.016981	4.734703	7.042311	5.072460	5.841423	4.003060	4.872703	2.155599	4.963831	9.392761	6.800453	4.407515	5.650331	2.241668	5.271263	9.047651	4.161854	7.883581	4.436603	6.009722	3.918904	5.378989	8.469310	9.013391	4.151478	3.609621	9.637540
3.458034	4.123765	4.773851	6.161750	3.664698	5.686427	6.462831	5.719057	2.059885	8.011823	3.943967	7.832495	7.611013	5.226087	8.506511	8.389224	7.771443	5.100973	9.267382	0.000000	3.229378	6.631454	3.571471	8.798612	3.672048	4.771955	2.921324	3.568659	9.369567	6.538685	7.763261	4.105680	4.056956	7.407211	5.658120	3.346423	5.801144	6.744468	2.689763	7.766387	3.585176	7.578922	4.672396	8.928627	7.439618	2.384075	7.912598	2.504919	2.106797	7.964838	4.330737	8.612878	7.763205	3.916126	7.717028	7.809108	2.837969	4.602469	3.208165	9.579391	2.443655	7.598240	5.529273	3.618088	4.039396	5.869958	9.448752	5.260874	2.006624	4.661817	6.908649	2.507183	6.669370	7.978684	2.512827	5.115549	7.949125	2.435241	6.697725	6.811748	9.043869	9.582158	2.483031	8.085358	9.296090	5.055639	3.675270	7.338400	9.404705	5.374932	3.347354	5.485002	9.607710	3.213905	2.326660	7.058332	3.510272	8.047953	7.690649	3.024355	9.097968	2.453962
7.270364	6.802979	7.589100	8.176586	4.992274	3.782002	7.134279	5.620561	4.871518	8.924708	2.280950	6.688466	6.490504	9.221638	2.457238	4.506456	9.196632	4.313877	5.516075	5.457296	0.000000	5.682178	2.867473	6.610376	9.536450	5.817135	7.480470	5.570743	4.118936	5.043176	9.552285	4.872204	4.152020	2.647961	9.518027	3.709381	8.525892	4.121689	4.424172	4.463663	7.116953	4.870261	3.778612	6.323400	6.144404	6.718806	7.859084	6.887064	6.376731	7.012681	2.953773	9.805334	4.497225	4.055523	5.826873	8.015832	7.408489	8.270677	7.743441	7.947357	2.069432	5.604685	8.317697	6.655752	2.458709	8.979683	2.320037	9.204834	4.630004	2.776114	9.479492	6.574362	3.246403	6.223577	3.755486	2.122336	6.328132	6.190941	8.578241	7.328738	8.330807	2.205325	4.529359	9.703405	2.337730	4.050206	2.194727	6.433667	7.774663	5.808587	2.404641	2.475504	2.973175	1.973148	4.267151	6.497347	4.963535	3.291506	9.305436	2.486065	8.909434	8.191938
5.715571	8.252539	4.555242	3.786956	3.593192	2.818996	2.785664	7.838107	8.795207	5.326481	9.639483	6.914306	3.084344	7.826573	2.111556	7.778474	5.617852	8.721976	7.888363	8.663493	5.124664	0.000000	3.215781	5.450042	4.894111	5.245232	4.996812	6.680117	5.456860	4.013334	8.711585	3.092324	7.471984	8.169685	3.570037	3.450436	5.762182	8.215998	6.602987	9.174616	2.256274	8.406530	9.611371	4.026310	7.000625	2.974721	2.419221	6.464897	3.349785	5.218369	7.476876	7.018020	4.946505	8.635553	5.276443	9.581398	7.611208	4.961644	6.524985	9.328822	5.239333	6.342598	8.509167	4.492511	5.020329	2.748041	9.660760	5.662816	8.440069	3.696509	4.913283	8.867850	2.384972	2.039644	8.738874	7.089931	6.746163	5.181719	6.875705	7.391060	5.461500	4.508847	3.073511	6.171581	4.082070	2.175625	6.275286	6.226930	3.675609	5.359604	5.394877	4.476471	3.764275	6.326329	2.069416	6.175713	6.821516	8.144203	7.614827	2.583370	3.497785	9.098421
6.509326	4.107644	5.513338	3.820075	2.051900	3.600717	5.195430	2.837284	4.678109	4.399386	2.832737	7.974452	3.899410	8.648711	2.443541	6.912795	9.090127	5.098687	3.328535	5.805862	7.096952	1.992001	0.000000	7.731789	4.263388	2.804881	7.127809	8.876107	5.299777	2.890071	5.513155	5.972517	8.614811	6.809430	8.147155	9.667587	3.450828	8.245611	2.663422	2.445803	8.551287	2.207176	3.817676	3.098133	6.350174	7.972509	2.293037	9.220327	5.152496	4.544834	4.276159	2.214387	9.838166	2.489989	5.133077	2.409304	2.995524	6.991645	6.444673	6.601571	7.398498	8.886402	5.211371	5.664501	2.313302	5.675095	6.069739	6.211779	3.749514	9.183540	5.914013	3.755245	7.105261	8.520612	3.241075	6.674871	5.208977	3.728809	9.098756	5.114701	6.267040	5.224722	7.894338	3.405750	3.524259	2.062979	7.557352	3.133054	8.820171	5.433970	4.868909	4.604774	9.406069	5.055304	9.025425	5.715082	6.781863	2.904955	7.553484	7.584032	3.789847	3.116304
5.800486	7.741672	7.895296	7.506837	9.299043	8.873748	4.517133	6.080375	7.279226	6.394890	2.860259	8.039341	3.718537	3.464730	5.220100	9.024633	3.473936	8.902557	8.160766	6.960598	9.496668	5.688363	7.066510	0.000000	4.770799	9.451556	7.265531	3.488844	6.322615	6.933011	3.606291	7.625658	4.996195	2.837553	7.238350	9.438994	4.358502	9.627435	2.559879	4.303882	4.006710	4.437932	7.513630	4.300127	3.776633	7.404489	4.242335	4.414116	7.096623	9.154729	6.862964	4.794598	6.184890	7.873970	8.753431	9.772777	8.480521	4.866450	5.711709	2.830377	5.736417	7.441149	7.855434	4.735437	7.834989	2.514022	8.555458	4.073634	8.282861	7.204049	4.080312	3.529052	6.269929	5.762825	8.643301	4.559605	7.848090	4.576197	6.380552	7.213475	6.769033	3.685218	6.730437	4.634501	7.164585	4.549785	8.881336	9.379433	3.016836	2.428076	9.527186	3.624099	7.743312	2.092227	5.034335	8.402238	4.091892	8.386414	7.101491	9.764430	8.716934	7.438298
3.202652	1.980015	4.184947	5.910759	9.300345	6.994899	5.976380	5.456380	3.906247	3.214816	7.756708	6.800077	7.074810	7.202975	4.187223	8.576737	6.409674	7.509750	2.957599	2.397106	8.919909	2.529130	4.617007	5.498120	0.000000	8.936401	4.074815	9.156186	8.448697	2.662690	7.962314	8.510038	5.418124	7.170563	8.417829	6.281858	9.619374	6.554898	4.283058	4.265478	7.256604	2.785869	4.277716	7.695278	4.817357	8.033974	9.781378	4.747734	5.106677	8.383127	9.518357	8.101748	6.900036	2.095101	8.730865	9.775577	2.993618	3.710676	7.738844	6.689621	3.190845	6.923652	9.426053	9.172330	8.635403	8.729308	7.979903	7.298374	6.761809	5.564026	3.979933	5.771540	9.831266	6.978466	2.280918	8.872892	8.605096	2.834739	9.706820	3.463893	5.552607	7.669754	6.483898	8.335814	6.708228	9.551523	3.597313	9.199076	6.547576	6.937240	2.357227	3.978550	6.800700	4.414751	3.804657	9.833449	5.263285	5.874763	7.685051	6.305397	7.606206	1.972248
5.241790	4.911395	5.034046	2.263565	7.208392	4.434074	8.382559	8.564812	3.696232	6.947552	4.520563	4.515213	3.874974	9.121434	7.035511	5.970048	2.000713	5.454697	4.469009	6.287974	5.546878	3.076387	9.775108	8.293723	8.072562	0.000000	8.195481	7.263117	2.256661	2.984567	8.726547	4.458223	3.203435	7.312269	2.319222	6.294640	5.287872	4.246515	5.618245	3.509634	3.493132	6.457990	6.930127	6.144835	7.758179	8.628563	2.427036	6.351798	4.104143	4.329246	2.441189	4.915274	5.905025	6.813280	3.398271	7.896614	5.423794	9.567174	2.628655	4.677883	5.240898	6.314600	6.613198	6.846460	6.632043	3.231883	6.543414	8.539868	8.324090	3.465980	5.329809	5.924644	8.023769	2.661100	4.079906	7.486254	8.589594	3.261904	2.749486	2.570914	8.479518	5.570741	3.978933	8.593159	6.478384	6.803914	7.842104	5.209120	2.954025	9.655298	7.129438	8.874709	6.961747	3.618826	3.509112	5.407202	5.709506	7.255168	5.453491	8.074386	3.671418	2.922779
8.648337	3.434114	5.457774	7.653126	7.005870	7.866351	4.416377	2.126791	7.088458	9.158511	6.547724	5.660363	8.720363	8.942024	5.640483	2.677271	6.020536	4.468508	8.528420	8.546333	7.679661	6.216030	5.596967	4.417764	3.958097	2.853093	0.000000	3.855463	9.820771	4.568221	8.354226	2.083806	5.821320	3.719583	4.014783	5.658094	4.625113	8.825381	3.677668	5.741949	9.179436	2.451633	4.669693	9.366811	9.100647	4.919621	5.864291	9.095553	9.331587	9.125541	5.131603	5.975588	5.454760	8.748180	3.746211	8.831747	8.560648	8.936526	9.500251	7.090593	6.431560	5.507491	8.175286	9.774253	2.526436	2.060273	8.575137	7.238841	5.311195	7.533977	7.712902	4.942983	7.237575	8.414379	4.619784	3.012410	7.116844	8.053440	6.533802	5.640718	2.106042	6.442889	3.409465	7.357888	5.225728	2.726424	7.531124	6.341998	7.785196	6.229877	8.830973	4.531567	8.217033	8.886529	2.662118	2.800644	6.099095	5.367386	7.181908	5.703756	9.595685	8.742834
9.747501	5.379135	4.218706	6.095630	9.651951	3.388675	4.218133	8.547954	8.955337	8.412610	8.592877	5.348237	8.218242	3.641315	2.821941	3.598049	4.377403	5.369987	6.979979	2.537237	8.870502	9.006124	4.112554	5.993969	9.672242	2.529863	7.131338	0.000000	3.346781	4.589349	3.324820	5.615517	6.091719	4.327122	8.469620	7.214426	8.478022	3.781156	3.291084	8.135268	6.249969	3.477941	3.883654	7.652470	4.643317	6.226735	6.052804	3.431716	5.392189	6.260295	4.994850	3.630249	7.459583	7.417750	7.661592	8.419206	9.458518	2.589692	7.937120	8.273636	7.834761	3.402811	5.593110	8.745151	7.038798	4.612216	2.436968	9.030851	5.401507	6.107007	2.128565	6.280430	6.026827	4.420643	9.629804	4.541324	5.641984	3.629403	2.614554	8.722884	7.527569	8.200342	4.469911	5.486982	6.963196	7.948666	6.310657	8.733793	2.221762	9.760127	5.285503	5.424802	8.631476	2.964622	3.617553	7.701796	6.959980	2.745299	8.246128	6.324905	6.217129	6.934220
9.646886	7.918488	4.471210	2.206224	8.288282	7.498402	8.882577	6.536076	6.488442	3.427808	7.302958	4.348615	7.497128	9.696352	8.425148	2.094508	5.169888	6.137385	9.585065	9.597080	4.500022	6.129785	8.990873	9.186768	5.940509	5.355764	5.837692	3.553071	0.000000	5.944312	6.441568	9.001992	8.519518	3.389547	7.034327	8.638870	4.325806	1.993279	4.391709	9.299815	3.322897	3.020279	6.221072	8.150304	2.867358	7.709823	2.624201	5.329581	3.720371	6.775492	4.758038	3.998321	6.630958	5.626583	3.296319	7.023435	2.443222	6.088070	8.848304	4.357805	3.161782	4.049045	2.770132	9.004030	7.252528	6.621496	2.728024	9.850433	2.749568	4.246437	8.765270	7.008664	4.762489	8.630029	3.379757	3.324407	6.772108	9.553338	9.218446	4.700703	4.036948	5.266392	2.925481	8.210029	3.186426	4.430128	2.791912	8.984586	9.303745	7.448174	1.976951	2.848337	2.463621	5.488504	9.304601	2.610294	2.547864	9.439187	7.171797	7.761743	4.498316	2.576126
7.048535	5.724492	6.729603	9.469996	5.313571	4.075050	2.721647	8.240496	7.457500	4.710244	3.071726	8.233105	8.638385	3.941345	7.373565	9.058354	8.023977	5.949559	3.219912	6.816599	8.129123	8.329184	7.210300	2.493150	8.816053	2.793663	7.014048	2.677381	2.376904	0.000000	6.142043	9.574550	5.629330	6.496577	6.286684	3.723380	3.716953	3.464369	6.623268	8.664958	2.321582	6.332288	5.237178	2.767479	3.445081	5.033663	3.706125	4.852908	5.568444	4.461569	4.178353	9.302010	3.388238	4.973510	5.502073	6.463747	3.422824	5.137445	6.960552	2.446081	6.334104	5.697950	9.510448	6.880083	2.193777	7.313573	6.327540	4.312428	3.301224	2.615008	5.495593	6.689841	9.851369	5.182530	6.386638	4.721761	6.917131	3.707098	2.332291	9.613121	8.863100	7.454686	2.556849	9.759922	6.815297	9.407783	9.017858	3.465478	4.787283	4.786030	2.698146	3.519395	3.188074	6.938475	4.754372	7.787835	9.277033	7.021570	4.848238	8.395265	4.422140	4.467271
2.145807	4.242402	5.100231	8.185382	6.337300	5.056324	7.760158	3.388346	5.908636	4.442008	4.838458	2.775310	5.351897	4.615522	3.886107	5.605813	3.848562	2.802109	6.321837	4.645912	2.954850	2.711915	6.741844	3.073320	7.936270	6.901661	4.307412	6.333437	6.874137	8.228741	0.000000	8.236125	5.658263	8.221832	5.818400	4.162064	7.294280	9.532233	7.320185	4.957664	3.675704	2.370835	6.700003	9.785666	5.029387	7.715120	9.335695	2.719205	5.631187	6.072941	4.074086	7.071096	5.711165	7.642612	2.830719	8.344646	4.141901	3.435154	4.932497	8.611953	4.626460	3.503098	7.741600	4.465987	9.188181	4.332360	9.852604	7.915430	6.289199	4.990823	3.243560	9.849061	6.858271	5.592023	6.582017	5.955654	7.176958	7.388525	4.912082	8.322792	4.387462	8.923307	3.408632	4.518568	5.618738	5.496934	8.755682	7.170420	2.235923	7.671943	4.655940	3.142510	9.557736	2.329460	6.459938	6.404629	6.661242	7.563381	6.014688	3.520529	8.196662	3.314022
5.378249	9.461974	4.372388	6.458309	6.353949	5.374151	8.591808	7.203570	5.393283	9.581493	8.982774	5.791529	6.418782	5.223985	7.150504	3.967436	8.564631	5.949060	8.474300	9.615703	7.581192	4.650715	9.513125	5.271396	2.609960	6.172427	7.639298	6.697592	2.905790	5.540587	6.694766	0.000000	6.215290	9.237714	7.626324	5.686217	2.843840	7.175865	8.016823	5.074875	8.348395	4.284470	2.909181	6.995900	5.143432	3.676610	4.277225	3.397932	4.831535	6.220216	3.377560	9.021030	2.138270	2.934705	2.125161	9.555675	6.761532	4.837289	2.225300	8.225369	9.404484	4.560475	2.704864	3.570244	3.976334	3.952576	8.865919	6.753460	4.080098	6.592995	5.251788	3.582565	8.751330	9.162358	5.070965	3.206977	7.680438	9.818732	6.671373	5.435411	4.247232	5.516668	7.710455	4.592513	7.592438	5.315528	3.936970	9.307680	8.099906	6.920116	8.211995	2.982943	3.128431	5.079307	6.900112	5.996418	7.966076	2.619271	5.772956	5.847300	6.977401	3.442147
6.880678	7.078344	4.783025	8.631643	5.289842	4.244591	8.430601	2.023518	4.318314	2.469504	3.189723	8.292757	3.244607	7.301921	6.884459	6.089226	9.518330	2.839841	5.930498	6.377771	7.697482	4.026935	9.455251	8.712522	5.474663	6.443226	2.487175	2.426493	5.335260	9.117843	4.131133	4.102152	0.000000	9.083529	2.476360	2.782320	2.238060	7.044476	6.699961	2.199616	7.250389	3.448263	2.348025	4.016714	2.265051	5.950776	3.192346	6.180003	7.093831	5.334587	7.774417	8.745770	8.161867	5.822675	9.476263	4.012646	3.112007	7.359128	3.092172	9.787427	9.245981	2.278993	7.441176	2.053257	9.331192	5.387517	2.644042	4.897638	9.282570	7.833638	5.809562	8.307255	5.014929	3.371265	7.578436	3.899282	5.637797	9.820923	5.338166	4.816656	3.957128	5.380131	4.615022	9.052318	2.850976	5.888432	7.889643	6.303748	8.599101	5.618509	3.428150	2.969715	9.857767	6.291040	9.107006	2.681957	6.266058	8.411223	3.222816	8.096133	8.088404	9.853063
4.161122	7.584180	6.186661	8.441901	4.181777	5.155250	9.139081	5.300263	7.347536	5.671220	7.061494	2.764528	4.938625	8.666689	2.593222	7.650172	4.136528	5.110638	2.850734	8.355517	6.452531	2.487619	3.490607	7.047616	6.552837	4.251168	3.148748	7.820453	7.244215	3.843044	2.282256	9.352453	9.246597	0.000000	7.667854	9.808881	3.232633	7.645358	9.294990	5.255549	6.044283	2.716676	7.067314	3.291820	2.800646	7.081999	4.478503	6.468372	6.850103	8.541294	3.114829	2.241667	9.714848	3.315716	9.581330	2.946079	9.633776	4.926562	5.584376	4.200043	8.586459	2.138791	8.698578	5.142243	2.913669	6.403348	4.070607	4.626226	6.005192	8.188777	4.934512	9.600211	4.750886	6.295753	4.832434	9.613602	6.629732	4.935255	3.424145	6.040294	6.517741	2.951082	4.475732	7.082237	5.860868	5.216974	5.951623	6.742131	8.207864	2.324026	8.837343	7.007885	8.314806	3.046378	7.735721	9.125028	7.484003	9.402416	2.589279	5.070154	8.730110	8.747176
8.459166	8.533257	9.785069	6.772334	7.220331	3.252293	6.130649	9.598000	7.526841	2.348679	6.253493	3.424219	4.770111	2.992712	2.682689	7.512442	7.887586	8.217760	6.909567	5.199375	7.107178	4.959031	9.742359	3.042595	3.452127	7.561544	3.855357	6.724726	2.578884	2.236952	7.729507	3.512869	6.303147	9.666765	0.000000	8.304836	3.225606	3.136482	2.230404	5.119920	7.061559	8.049950	8.660358	3.201444	5.584808	5.190849	5.536206	4.049865	4.079236	9.791306	5.050542	2.212304	4.381237	4.330407	8.126484	9.674356	9.675164	6.327040	9.853510	7.005904	2.536006	8.415955	2.497437	5.478991	4.430807	2.516986	4.378563	4.761029	7.573568	1.989926	6.108387	8.860238	3.023262	6.426601	6.678777	2.695985	3.035738	4.263788	2.215705	4.255773	1.992544	8.431589	4.692197	7.542744	6.722788	5.546440	3.503133	5.592504	4.710448	7.593023	4.464521	5.163766	4.880594	8.604344	4.974437	7.084589	9.715396	7.041221	5.397643	3.454491	2.029912	6.028316
3.720231	3.692736	8.341330	5.462611	9.830810	6.237418	5.768171	4.168248	9.619563	6.330413	4.559907	8.439536	4.284063	8.474734	7.825994	2.034889	2.758639	7.378848	5.087266	5.801007	5.858341	6.458861	6.250723	9.008936	9.844222	3.465905	7.938781	7.560269	4.656050	9.261189	9.154067	4.619314	6.858892	2.049740	9.507108	0.000000	9.564375	7.205761	4.932921	6.129881	4.057052	9.674079	4.654455	9.053168	4.556231	7.650270	8.052274	8.615268	3.564036	7.102364	8.939572	3.160792	7.679513	8.695500	7.812045	4.962483	7.180588	7.211077	3.765776	8.624204	4.706478	7.921076	6.678827	7.571582	3.584107	4.764849	4.301967	7.871332	2.460894	4.213109	3.436510	5.161082	2.553633	6.498191	5.218152	5.107648	7.856958	6.716550	2.712707	5.383738	2.981068	3.778780	4.119638	7.022890	5.481956	2.862935	5.204386	5.213482	9.260347	9.373299	3.135383	7.509957	5.880672	4.628032	5.638554	4.088592	6.626971	2.269418	7.036355	2.177215	7.990623	8.777412
2.417515	3.862898	3.806931	6.867063	7.635375	4.413234	2.807993	6.665047	3.981473	8.084113	7.672257	5.343561	2.175439	8.527789	6.806620	9.714839	6.774509	2.081895	7.815617	3.284485	4.618143	7.836929	3.751229	2.742713	9.174760	8.098736	4.744452	5.574578	8.372570	4.718351	3.445074	6.848898	7.269361	7.590905	2.712908	3.358214	0.000000	2.448580	7.324744	3.336711	6.577081	9.730181	2.650586	3.614554	4.163710	5.957172	6.531601	6.441350	6.860998	6.484825	9.413001	4.986806	3.546331	5.706110	3.386706	3.065246	3.937011	9.684835	9.161233	8.196798	7.696522	2.159736	6.751262	8.389096	8.481521	4.899057	2.110320	3.394984	2.835817	9.609797	2.412013	7.431161	9.613835	4.892870	4.325014	7.628699	2.930097	4.589396	6.671414	2.339775	2.902343	9.416672	3.628710	6.445194	4.192694	7.962576	2.327430	9.824018	6.765471	5.679088	2.815050	7.047111	3.564767	7.653030	3.344595	3.685714	9.450219	5.811585	3.287652	8.494985	8.433712	4.847663
7.693802	6.856332	9.441030	4.236237	6.866790	3.344133	6.313657	4.658577	6.666606	3.378056	2.274481	7.366021	8.203600	3.478966	3.657225	5.050453	7.636699	5.726159	6.712777	3.625118	2.125036	8.872241	2.255144	5.776458	2.500349	5.680388	5.972266	6.378459	2.599154	9.088629	5.189865	2.004745	5.839471	3.846316	2.223967	3.256977	8.824132	0.000000	6.146011	8.278252	3.489189	7.717575	8.342061	2.347778	2.265884	2.341539	2.718633	4.540823	2.611300	2.143379	7.964600	4.242544	4.712214	7.704109	5.397709	7.704495	5.726494	9.386825	4.220078	6.043855	7.078253	5.675988	6.113794	2.428738	4.906826	3.126406	9.485017	3.387323	6.230989	4.498777	8.774323	7.773122	9.812077	8.634442	4.077485	6.260761	9.455336	7.484043	7.763923	8.631797	3.131434	5.821722	9.559593	6.377962	9.205501	2.361971	6.622909	9.014200	8.893528	3.467501	3.035959	8.263090	2.578150	4.781739	8.884504	3.265599	3.113895	9.115692	7.323570	3.628165	9.303828	5.290688
2.889974	6.570621	4.625480	6.255343	9.334431	5.478489	2.076840	6.810102	4.338543	8.092033	8.826663	8.020782	3.923907	8.784091	9.047795	4.773190	3.936239	3.022508	5.297005	6.886601	5.243166	8.148995	4.711247	6.306327	3.728695	4.877469	7.619001	5.926984	6.734378	9.752642	8.031361	9.416965	4.491780	2.875658	3.202707	6.847444	4.076698	8.354186	0.000000	5.761801	6.234487	6.575606	3.842097	8.710099	9.301778	8.376283	8.289503	7.730406	9.034505	3.613013	8.569929	2.622389	6.544059	3.384429	8.303485	8.163505	6.427172	5.467804	7.008662	7.980814	2.413017	9.130208	7.659392	2.305814	5.339128	9.405147	6.293052	2.498756	9.030499	2.549267	4.755617	2.010698	5.885286	8.023375	2.994059	8.280156	6.727534	7.771629	3.306431	3.652976	2.005034	2.866998	2.464860	6.232144	4.110639	9.759435	9.627501	2.411290	5.908741	5.988696	2.951035	7.185419	2.697140	4.113519	8.984753	3.651790	4.269625	5.947773	9.826145	6.345627	5.185374	6.524687
4.235526	8.838842	3.756449	4.698164	5.486946	8.578079	2.563100	9.510373	9.086047	3.452278	4.713996	4.190895	2.641869	9.849444	8.306220	6.817114	4.227319	9.406195	8.470903	2.793097	8.545433	8.800151	2.331442	5.539907	2.093398	6.801869	2.762945	8.831212	4.634134	4.414541	9.079215	3.092264	7.028532	2.754766	9.321045	6.553293	8.711060	2.739078	2.232503	0.000000	2.315224	6.207570	8.784323	8.682163	5.586054	4.448823	8.269215	5.931790	6.108455	9.363982	7.958416	5.941629	6.587965	5.298010	5.569577	3.237647	7.225065	3.188875	8.738565	5.322798	3.992619	9.842479	5.752213	7.089525	5.918723	2.067306	5.083956	2.218361	4.370439	5.593660	8.952915	9.664430	2.677540	8.196943	3.109969	7.654183	6.234159	7.203570	2.414188	4.383670	5.469004	8.599756	6.613515	7.923393	6.269118	6.905731	5.134409	6.692064	7.739020	7.268829	3.861758	8.113787	2.949271	3.270148	4.626108	2.827896	6.808737	2.260976	9.701866	9.483719	8.783692	3.443787
3.496984	2.954104	8.142498	2.302458	5.303810	4.453680	2.254000	3.153513	2.784953	2.364679	3.638272	8.933449	7.060036	8.933938	8.894121	2.804857	9.074727	8.037012	6.349702	8.727436	9.051258	7.606999	7.346794	4.729138	8.353633	2.457171	8.504840	5.628188	9.766657	7.628681	3.523030	7.719294	3.270718	6.973484	4.080564	9.258293	5.761282	7.648158	5.842155	3.078006	0.000000	6.928915	8.848867	3.778720	6.197793	4.202222	6.768651	3.889479	8.859636	8.114026	2.238431	4.379232	4.152113	5.400451	2.043301	8.722061	3.080082	3.449145	5.727267	6.740232	3.325627	4.957887	3.746546	8.854849	9.725223	6.709767	8.874283	6.266298	9.358949	8.076292	2.142443	4.491597	6.340610	7.683449	6.476129	4.824182	5.851883	3.079080	3.164487	4.922567	2.735730	3.832056	2.524576	3.237813	2.310655	3.689703	9.156195	9.162155	5.663003	9.368274	6.611211	8.452517	3.356240	2.412978	6.355382	2.626428	4.902992	3.314420	6.107733	3.202885	7.510654	8.807366
8.078158	9.101868	7.978047	2.128862	8.535634	2.137130	4.715693	3.115020	4.193937	4.115447	7.415149	6.845492	8.335240	5.842753	2.135810	4.391906	9.360451	5.166065	4.480342	8.378090	4.975166	7.322071	7.908501	2.780096	9.137211	6.678114	2.826824	4.671231	3.282366	8.462567	6.546914	5.108973	4.569289	7.425639	7.084814	9.228046	7.287549	9.548551	7.867584	2.894928	7.458378	0.000000	3.470660	7.903619	8.789928	6.413829	7.968422	3.550853	6.082898	8.060771	7.794880	6.739051	3.025140	7.040385	4.938069	7.095720	9.558418	2.807914	2.878151	8.998039	2.460430	9.039499	8.709168	5.361452	9.609442	4.358024	6.757937	7.233057	2.117850	8.561676	6.644401	6.715085	7.022889	6.612445	7.012253	8.388047	8.808662	8.642157	4.028382	7.549158	9.413046	4.160297	3.076892	5.471724	7.583498	4.864356	4.088554	5.642326	5.598073	2.489397	8.037511	3.199302	4.327146	8.672731	4.925574	7.460696	8.171282	3.563943	6.684501	6.664366	3.865135	2.880789
3.114535	2.984363	6.911981	5.508273	6.437948	8.802160	7.150970	9.434162	3.495066	9.352289	8.375247	4.808010	5.981426	4.652833	5.118216	4.546299	2.704933	4.594766	5.377751	3.191328	7.756013	8.818057	4.910533	6.783901	9.231667	8.835877	3.432921	4.194083	8.590228	5.591129	2.781430	9.309605	4.362786	5.583581	8.108422	8.330466	8.210681	2.669496	3.577689	2.289993	5.931891	4.623777	0.000000	3.022158	7.827553	2.984420	2.358899	4.700090	8.999215	4.322458	8.157478	7.728413	3.879943	9.192331	3.696483	4.854710	5.020423	4.538207	4.764160	5.213750	3.348907	7.869151	4.445462	2.676845	7.210008	2.859323	9.407823	3.302273	7.200594	8.171359	6.995080	5.749368	5.574521	8.686360	8.111745	2.023031	4.483287	2.276577	2.172152	8.120947	7.265846	3.892740	9.746899	3.271476	8.806228	8.175242	6.787757	6.234948	2.812818	6.870799	4.357921	3.988018	3.400515	6.106677	3.518865	9.337091	2.185900	5.047077	5.698488	8.169584	7.332251	7.934284
8.404336	7.548312	3.093661	8.151103	4.236863	8.915430	5.358023	7.416845	5.790184	2.517296	6.931236	6.706963	6.210632	4.326305	2.869648	6.226955	7.398630	6.233653	2.833768	2.479313	4.635428	5.390685	8.685355	5.256093	4.378967	7.539439	5.568744	3.599519	8.121536	9.429498	5.303006	6.583948	5.221993	6.154128	2.376729	4.690169	3.286200	2.735345	9.373584	5.638338	8.211368	5.897500	3.234252	0.000000	7.012154	8.570078	2.881125	1.978305	3.767646	2.044303	9.787444	8.764677	6.110108	2.196979	5.750825	3.446931	5.870032	7.510987	2.931046	9.032347	6.116710	6.562787	5.512702	6.747218	9.506817	3.146465	4.316542	5.390772	8.517903	6.350778	5.727091	7.771922	8.857010	7.392627	7.890419	9.123485	7.801802	6.151659	7.027009	7.045041	5.400374	4.741788	8.091477	8.061552	6.197823	5.740857	7.539931	3.371842	6.506212	5.048856	3.114570	2.378738	9.356905	8.556428	9.683549	8.978872	1.993824	6.835377	4.661094	4.683493	4.628583	4.644969
5.022475	7.935794	8.108667	4.741139	7.799679	3.914827	5.729659	5.434174	9.070159	4.319485	7.872370	2.728892	9.696549	6.834260	4.794914	2.176916	6.553343	5.818571	9.330048	6.036489	8.155081	2.968456	3.296835	3.761654	6.611867	5.300053	5.467544	3.735819	6.303026	7.735071	5.193743	6.200268	8.619498	5.472827	7.660457	6.090445	2.269511	5.892401	5.158024	9.765467	4.982948	3.785396	9.394287	3.394585	0.000000	3.486749	7.375777	4.666729	6.467512	9.564846	2.545638	3.774305	3.247176	8.270825	3.722472	5.546993	7.843565	3.227366	5.970808	7.633657	5.271594	4.144530	2.516836	8.039474	9.771043	9.422726	8.661307	2.782970	3.748564	8.723485	7.379580	5.565156	2.718193	4.713922	8.806941	3.607503	3.554533	2.358433	5.099732	7.408014	8.495402	4.591120	9.448040	5.626502	6.808103	4.869758	9.219937	4.973993	8.776460	4.726357	9.403196	7.137863	7.243745	5.532831	7.099157	8.663931	2.854014	2.934121	3.708292	6.772828	7.503870	6.569650
3.388967	5.728776	4.514687	5.088258	9.391876	2.912650	9.784589	7.035829	7.311650	8.525050	9.752338	7.707656	6.348979	4.210535	5.566149	1.989252	7.993478	7.537901	9.138250	4.838820	4.351295	3.691066	5.617215	7.591361	9.656625	2.528599	8.752535	5.201508	7.816758	6.504620	9.033365	5.991876	7.547628	6.199148	9.001931	3.051232	6.017913	4.258229	7.247684	4.117475	4.617692	3.311765	4.413024	8.063252	7.416829	0.000000	8.554915	2.597359	9.281220	4.846900	4.540996	6.501841	2.780856	7.603661	6.381892	7.396278	9.280110	3.082654	4.357779	8.458762	4.345862	3.509839	9.625418	3.714947	7.340057	6.871167	8.593961	9.639653	6.721770	4.247629	8.537382	4.575799	3.383563	9.327249	3.929792	6.420903	6.460480	4.077873	6.194915	2.626598	5.631718	4.325519	4.073269	7.598612	8.814312	9.326096	4.155252	7.074044	3.273748	8.544104	2.655407	7.928578	2.631656	9.576378	4.988362	3.840437	7.189007	4.063937	4.170103	4.130603	2.941541	9.309054
9.774415	3.378642	5.519549	2.298124	5.685621	6.526898	8.821796	4.207486	9.541102	3.477018	9.833995	5.368015	8.313959	4.615619	7.825410	8.764656	6.616003	8.492672	8.270511	4.017688	5.864097	9.245564	3.051734	4.881833	9.838161	4.138327	5.517079	3.538067	4.659852	5.467815	6.434191	9.595796	7.370269	2.170645	8.298212	5.941757	2.095546	8.774702	8.466560	6.551775	6.640999	8.799854	9.513448	8.337427	6.157328	7.826030	0.000000	7.180320	5.445179	4.661520	2.155767	4.659408	7.456536	4.652171	5.488332	6.212802	9.175327	8.763694	8.696426	6.780960	7.540817	6.726525	2.805545	6.869467	8.418596	2.410176	8.812075	7.182876	8.900297	2.052191	2.502673	9.365513	2.197614	2.491611	9.246071	3.712462	2.213434	2.638172	9.512463	6.970670	7.326713	6.848448	8.735906	2.992633	2.309673	2.761057	8.471115	9.416344	5.723696	7.860846	8.240373	4.392620	8.140056	8.527568	4.362169	3.602163	4.604531	4.232589	7.206929	4.126324	3.831236	9.391747
4.988059	4.890319	3.379025	6.796621	6.519175	3.600630	5.441432	4.081541	8.940233	5.635259	8.674983	4.098700	6.406453	4.568898	5.511437	7.627856	9.518268	6.000771	4.625063	2.024128	8.857377	4.466231	7.397461	9.573640	4.033158	4.002362	7.712930	2.956592	2.555486	2.974954	8.948696	2.637606	5.650147	6.491590	2.776908	8.247175	7.964549	8.840579	8.086174	6.952683	3.173294	4.551543	2.156825	5.794656	7.657408	3.219260	3.887854	0.000000	4.557764	5.106093	8.180944	6.038657	6.492606	5.351493	5.185944	7.014658	3.643264	7.792859	9.326854	3.874377	9.665074	4.247731	8.067304	2.514757	8.997489	2.456543	4.759639	6.530598	3.360903	2.473641	3.193882	7.879203	8.175599	4.195438	6.120027	8.888967	2.098981	5.625377	3.437027	4.350049	7.540585	9.839280	7.473520	2.745704	5.435596	5.242648	5.966111	4.065579	7.665829	7.310285	2.783972	7.083969	2.458121	1.988628	4.462267	9.500042	6.262361	4.525176	9.576645	7.046557	5.026688	2.213138
6.718315	8.517737	6.750011	6.681888	4.240608	8.079089	9.349397	7.672193	7.378298	9.773538	8.262468	2.802157	7.779672	5.246786	5.576553	5.124803	5.769862	8.365981	8.195148	3.226284	8.239126	2.212603	4.206221	2.111204	6.410010	4.997179	9.335080	8.080366	4.346046	5.682492	6.841718	2.936788	9.160949	6.319539	4.412178	7.445392	7.454090	3.896424	7.743579	8.093420	8.478735	5.749049	7.901879	3.792852	2.374213	7.062798	2.476740	3.201409	0.000000	3.035644	6.701148	3.595648	7.752715	2.561160	2.038849	3.055088	6.769091	9.734356	5.711080	4.470458	6.802155	3.658071	2.633322	9.211702	7.587103	3.784906	7.487834	8.414654	5.064852	3.166220	7.103260	9.428836	6.319254	8.339455	9.127101	2.774849	7.446662	2.143655	3.969307	5.540753	5.828446	5.890351	5.117002	3.144726	5.799292	6.025577	3.268112	6.021623	6.222232	3.090581	4.216732	6.120449	1.986023	4.258698	6.598714	2.842416	6.182980	5.447311	8.641326	7.663205	3.174715	7.789465
3.177223	2.158876	8.403216	5.341666	9.217551	9.457509	3.486772	8.488323	7.703789	2.028171	3.363979	9.461817	4.336431	3.166902	9.716375	8.827733	9.427598	3.031094	8.603524	6.276741	7.930705	9.321731	7.425229	8.725600	7.373049	8.392417	5.253372	4.659938	9.442998	5.185349	6.417488	7.634018	7.730812	3.143916	5.853454	3.635918	5.305571	7.859060	9.375322	3.756835	5.077596	2.777767	4.055417	6.552172	9.662929	2.852532	2.764211	9.481023	4.130901	0.000000	3.006591	9.358416	4.980641	7.708328	2.173740	9.524842	2.367885	7.347528	9.387925	2.758797	4.826750	8.025575	8.878403	3.133023	4.997376	6.722195	9.131025	4.345317	7.319441	9.444796	8.827739	8.576650	3.157108	3.682526	8.013432	7.602276	6.953973	4.596840	5.006944	4.386605	7.948865	8.517230	4.522063	2.090536	8.989081	8.593090	9.685924	4.564968	3.012500	7.445120	2.101564	3.667330	3.011811	7.116885	2.936230	9.460275	6.544624	8.139324	5.092594	2.667628	2.940538	5.941951
9.298185	9.107213	6.437832	2.622185	2.031639	7.912895	9.618310	5.475317	8.004963	7.127038	4.147992	5.584430	7.852021	4.731658	9.142593	9.028365	6.831434	3.276022	3.273424	9.773145	8.414882	8.436207	5.336881	9.106004	7.396627	5.876444	7.304750	3.989503	5.363660	9.721784	4.564374	9.098624	3.042085	6.483042	4.383336	5.717529	3.576695	6.873914	8.283471	4.033082	2.777926	7.405048	6.532623	4.835970	3.099952	2.919579	2.070769	8.947540	2.866838	4.496851	0.000000	8.899641	6.300300	8.549586	4.240005	4.498769	5.999056	5.138064	3.630522	8.572933	9.354976	9.799187	7.492037	5.254294	9.769564	2.673157	8.425731	7.793913	2.112254	3.929184	5.381569	9.511934	6.497890	9.591979	2.881573	8.717866	5.989921	9.693255	3.552552	8.550555	6.219057	2.238770	3.028853	8.545617	3.171986	8.436558	2.914839	7.164170	3.116191	7.776868	6.098029	6.128735	3.066973	7.145351	5.504936	3.837978	6.674407	9.603679	8.670650	9.652904	4.837038	4.961463
8.512915	4.148561	7.734971	9.276753	7.705059	5.236968	5.867017	6.266075	3.444580	6.899208	4.843131	6.870058	9.846754	7.534460	4.475875	7.900179	4.418191	2.969445	9.122868	6.203427	2.743622	6.006269	6.772426	9.766540	9.666997	6.924384	5.387196	7.491266	8.819858	5.193986	9.314382	3.698786	6.353086	3.951415	3.402409	4.151710	9.427863	5.796642	7.537863	7.286749	2.972788	8.220671	6.267192	9.350630	2.761102	6.714246	6.575425	5.069106	5.839148	2.506625	6.829316	0.000000	7.360129	6.033907	5.068310	8.197555	2.139449	4.678998	8.416760	8.485152	2.473810	5.351082	4.755435	5.166954	4.906687	5.399476	4.204870	7.736077	3.404674	6.665094	4.970505	9.619839	3.734680	2.705683	4.324509	4.539908	9.124253	7.563671	5.348108	7.912762	7.668405	8.708825	4.831141	6.312420	8.753678	3.227658	3.178406	8.444723	8.853819	5.065008	3.388269	8.625323	6.889780	9.052966	8.460067	8.407116	6.564445	6.012487	2.273534	8.573220	6.919742	9.557680
4.083357	2.871619	3.046006	3.745867	7.808628	4.013715	2.673138	2.459468	7.641321	7.150221	5.796362	6.445421	4.736672	6.853572	6.193629	4.850774	6.457561	7.807887	3.921427	5.186177	6.328238	8.127986	6.804655	2.023233	3.913853	3.254849	5.868744	8.906141	3.318150	7.157779	3.679215	5.152717	4.193080	6.191396	2.806630	8.228900	3.355202	2.947680	8.965265	6.531025	6.575644	5.534137	5.525010	5.854660	5.753167	3.790568	7.466513	5.182487	9.487766	9.117840	6.932343	2.601263	0.000000	2.189846	5.145735	8.487473	8.349104	2.111098	9.424392	5.640844	8.759133	8.328079	2.219453	9.189932	5.672504	3.033637	4.250427	9.035716	2.778339	2.691235	6.043063	7.322863	5.401972	3.134818	5.417280	7.249546	3.572172	5.131288	3.875996	2.475322	4.546306	2.607151	2.223590	6.630143	6.468816	2.444287	4.382114	5.256394	8.516662	6.096938	4.135455	9.012793	6.888025	5.581967	4.914443	2.248343	7.712548	9.610681	5.301948	7.045406	4.730065	8.357469
2.178613	6.060386	3.110290	6.640354	8.499578	2.676259	8.408765	5.034893	8.803053	7.215517	6.571365	5.518962	4.616686	9.838281	4.636112	6.451413	4.429253	3.020781	5.104775	9.097075	8.571971	8.768097	3.379737	4.456834	9.120161	4.377201	6.475949	6.183327	2.639510	5.449984	6.511909	6.498289	3.349633	3.810359	3.730918	4.560681	6.204713	9.536654	6.489011	9.339924	3.521929	3.710824	7.749395	8.627732	2.685687	9.150317	9.042691	3.309618	2.650462	4.518001	4.464666	5.088143	6.693853	0.000000	3.259219	7.016406	8.294319	8.845590	4.103870	8.592014	4.183195	2.679366	7.393076	9.829845	6.622297	3.949578	9.641972	9.398416	2.664433	3.599501	5.789828	6.675936	6.490642	4.873645	9.233957	2.372976	3.007077	7.406750	6.322023	3.728134	9.795299	6.827239	9.527208	9.265860	6.427423	4.395631	3.942039	8.069218	8.634396	4.969309	6.101589	2.641552	4.129046	4.977305	2.522524	7.504135	8.760573	3.811898	5.632782	3.386895	7.845723	3.667820
2.224172	4.584520	4.336027	4.712234	3.675312	5.885575	5.369912	2.957645	3.649333	8.986273	7.051247	6.378584	4.273735	9.022106	2.945503	5.737755	8.644399	9.119601	5.286920	2.729380	6.475767	2.199402	4.723666	6.722949	8.134290	8.071719	3.784766	7.402333	2.368868	9.730017	4.319893	5.770194	8.037068	5.028062	5.855128	4.720518	9.421581	5.753009	2.581533	9.804472	5.883478	4.013225	8.276668	6.328904	3.437384	4.581808	4.655542	9.837114	8.888588	7.670793	9.210233	2.486246	7.992310	4.128304	0.000000	6.574612	4.054268	4.562805	7.872373	5.610634	4.163417	3.115966	6.946899	2.581128	2.975278	9.268676	4.699144	5.831469	9.272411	9.274309	6.127349	3.639939	3.482272	7.282842	2.775631	5.883141	7.175899	7.504077	2.966315	2.420055	2.465881	7.351684	5.282673	2.678778	6.947399	4.925815	6.530947	2.441944	5.249640	2.606086	6.103402	8.860060	4.418396	6.809480	8.613411	5.560637	7.385583	5.447359	2.632443	8.316886	6.818294	4.720498
7.703258	2.924619	2.944680	9.270304	7.671001	7.767606	5.428992	3.926266	3.620224	9.730117	6.239124	5.153401	8.654686	9.010832	4.247065	2.137680	9.025606	9.445117	8.560285	8.227608	2.794119	4.907642	2.749389	3.040012	3.323859	8.086355	3.859391	6.970299	2.651686	7.594095	9.467482	9.117745	3.305457	3.574293	2.187525	7.629982	9.316545	3.015429	7.571539	4.468605	2.989784	4.671721	4.993296	8.906446	4.667830	3.529970	9.363264	4.828867	8.186368	2.812601	6.984024	6.306386	5.828519	4.352345	3.063865	0.000000	2.526710	6.447385	8.573072	4.216617	6.602430	6.013144	3.209634	9.360331	8.824895	2.376122	9.184164	3.146754	2.740868	6.730624	7.732822	6.215505	8.873537	2.690110	3.941797	4.169342	3.840323	6.478171	2.391488	8.784180	5.980236	5.526707	5.880325	9.689273	2.096155	2.079173	6.852467	2.761863	8.474285	3.986029	8.637865	4.666781	9.421773	2.659132	3.380983	2.089376	6.174215	4.387938	3.188582	5.664561	3.401742	3.005474
9.589562	9.112218	2.526031	9.023726	6.049217	2.995083	6.439900	3.066101	5.368705	5.970181	2.434709	9.446161	4.001177	2.707962	4.301768	6.754689	8.457850	3.199025	6.964358	4.727579	6.738614	8.271712	4.700205	4.017965	6.299602	7.828241	2.583015	8.396859	5.369427	7.523860	8.921617	8.003200	9.820426	8.390970	7.470834	5.046195	9.556229	2.641891	2.711500	5.268225	5.287111	3.139391	7.672281	6.526922	3.216912	3.010937	7.155232	9.773226	7.750606	8.893227	6.286246	6.315257	7.124875	2.007819	4.556589	3.051927	0.000000	6.314971	4.326718	6.348973	6.382600	8.733496	5.254631	9.837927	5.442594	6.078401	6.173457	5.182240	2.164684	3.467051	5.821419	7.432563	3.678905	8.409908	8.764431	7.526940	6.845486	4.331093	6.070127	5.772393	2.615922	4.443693	2.863997	3.108264	8.317001	3.267957	6.875752	5.978048	8.912082	8.381196	7.170552	7.257607	5.152046	8.558429	2.852159	8.775550	3.974161	4.815821	7.465541	4.104860	3.484096	8.462983
9.112399	8.009872	8.853191	5.825709	7.148980	3.300892	4.473371	6.742966	9.796629	4.357223	6.705013	5.022244	2.545555	8.669558	5.425412	3.397566	6.707399	2.048299	3.908845	2.390837	9.618843	4.916271	9.039267	6.692641	4.570641	8.535623	6.489866	2.368349	3.143713	7.009958	5.502264	4.239412	3.912777	3.165840	2.365034	4.199307	8.641237	6.973899	4.968448	2.592025	8.258029	5.235691	4.933734	2.831955	5.184274	4.922920	3.899072	3.524908	7.804419	8.590657	4.905980	3.823522	5.074358	2.907831	9.602816	9.027665	8.906408	0.000000	8.515964	3.225684	9.789704	4.458349	4.008721	4.178259	8.815570	6.625335	4.685285	9.588327	9.002993	8.581209	3.867942	7.045451	4.252669	5.983711	5.816257	8.964498	8.552318	7.512616	5.713516	7.532400	3.117051	3.223855	8.686595	7.913302	6.295226	4.967183	9.203892	5.930124	9.811906	3.289419	2.046914	8.606120	4.922359	6.192728	2.343223	6.121524	3.018534	9.032730	8.893507	8.715551	9.031040	5.381193
4.907347	4.331812	6.416585	3.256753	9.189525	8.387081	9.395710	7.291257	2.561150	2.365411	9.339564	8.721835	5.898296	6.339273	2.615040	5.334374	4.002011	3.248833	4.638146	8.674618	6.263847	2.735112	7.124661	6.104660	4.388762	6.555963	8.752061	3.779996	7.803511	2.622092	7.924389	3.463316	6.374063	9.394751	8.237923	4.148930	4.530072	8.143923	8.117493	6.257524	5.891969	9.029246	8.654570	5.121568	2.923304	2.493729	2.306531	5.586430	9.169684	6.172610	2.433401	7.765546	8.987756	6.520533	9.477619	9.361555	7.028835	7.241573	0.000000	8.040426	8.375058	2.972823	9.329357	5.135264	9.665675	8.727137	4.513194	4.816890	6.923607	6.448042	5.228160	6.203202	3.843158	9.748160	6.323743	2.509194	8.033217	9.524256	9.792836	6.053649	5.541216	4.758234	8.794617	7.433873	5.463654	6.623738	4.633721	5.430153	5.989776	9.661198	3.488474	5.797896	3.155635	6.579604	3.284075	6.669836	2.561427	4.238377	5.192477	8.602899	9.652756	3.501100
2.384666	6.147535	8.356160	2.119199	2.656246	2.212829	4.044682	2.462255	3.316170	9.457461	5.464685	8.013022	9.612422	4.386884	2.491532	4.748936	2.953823	7.448062	4.171729	6.625799	2.421735	7.694655	9.797825	5.110451	3.506413	8.464439	9.669730	6.255536	8.723112	8.459576	8.020147	4.249099	3.686522	2.074007	6.223248	9.641096	9.421922	7.995448	8.162595	9.767495	4.862581	6.111999	2.150868	7.078032	8.513629	5.977141	5.872966	6.745803	9.026690	4.447044	3.241678	7.183416	9.213853	4.648383	9.364288	5.532284	5.484982	4.227242	3.611023	0.000000	9.382357	9.801160	2.902924	2.269957	7.748658	8.900521	9.614898	2.889151	9.638052	7.794171	7.471377	4.825568	8.210285	6.722889	6.225147	5.080594	4.535859	6.345739	8.067243	6.621430	4.143123	7.462546	9.791215	6.189449	2.470663	3.138193	5.432234	8.788643	3.520808	9.235503	7.536180	5.792761	3.251573	4.829312	7.779251	5.888781	6.814067	6.718714	8.070027	8.509542	8.675492	7.829704
3.785045	8.270360	7.458061	8.520501	6.383304	3.383592	4.611931	6.827184	5.966851	6.212362	8.981539	4.358294	5.928113	7.752642	7.019889	7.939656	6.791196	5.562508	3.951242	9.675963	6.634348	6.599968	8.502984	3.355184	9.335950	3.074763	4.486206	5.916046	7.792751	7.321549	2.172299	6.081507	5.768492	8.144315	6.354716	4.580861	6.248198	3.459028	8.111034	6.127334	4.643211	4.764054	5.985898	7.487726	5.440567	8.955888	7.024845	7.433138	8.613490	3.654589	5.364660	8.630788	3.869607	4.770115	2.830478	6.907676	9.081113	6.197834	4.266364	9.041734	0.000000	9.672687	6.049604	7.537814	6.039272	8.447754	5.338435	3.379709	9.617137	4.655361	8.237055	8.812310	5.848092	2.942949	5.093970	4.434588	6.117265	4.393100	2.828881	6.732779	3.664650	3.070436	3.664905	7.365337	4.177623	7.496434	6.957358	6.368750	2.743832	4.118401	7.884949	2.574221	2.601692	6.694343	6.770395	4.642282	4.947408	9.589718	4.871663	5.861013	2.695865	7.501596
5.146324	7.452600	8.924409	3.641063	8.395594	9.690758	4.635602	6.438718	2.161486	4.956339	5.485625	5.222618	7.952753	6.835692	4.928173	9.405812	5.484061	8.321286	7.024950	5.103980	9.007950	5.211448	4.555213	3.976637	3.487306	7.049024	9.515686	6.336952	4.025769	4.778792	5.948933	3.817436	8.475920	2.949766	7.353324	5.865105	8.221172	4.582651	4.814107	6.065277	9.178035	2.494452	9.281213	4.654106	7.655347	4.587657	6.441305	6.275649	9.670130	4.157524	2.285286	5.399381	8.778299	7.205844	6.097634	4.066954	6.809421	4.250258	9.576758	2.106148	9.681715	0.000000	3.679549	8.672441	2.993765	6.728235	4.051703	7.723674	3.240927	2.598298	7.865819	5.725004	8.546829	5.921100	9.620564	3.317027	5.382308	8.717448	2.510301	6.689154	7.416813	8.375551	4.967265	7.267758	6.760943	9.273872	3.027533	2.906028	6.192142	9.225743	7.347715	8.693450	3.190393	3.324290	9.635556	6.550398	4.216767	9.034554	8.907354	3.325919	5.793179	3.688466
3.178417	9.165935	5.710481	6.824704	6.076707	5.831505	6.118840	6.852438	7.555758	8.236823	3.984437	4.988008	8.596931	2.822932	4.612032	3.899060	6.778710	2.943935	4.668492	5.370984	6.305014	8.403164	6.375575	3.535552	2.652366	8.317673	2.919500	4.833418	8.297329	7.728575	8.400732	3.782443	6.975788	5.360285	7.285229	3.177713	3.261241	3.207247	3.847604	5.234145	3.064289	5.752565	6.259667	2.010683	5.682431	7.079011	4.362139	6.088581	3.944269	6.824632	8.720418	4.163036	5.351507	2.700770	2.194588	9.074327	3.797021	6.544015	6.010573	6.037541	9.858310	7.482369	0.000000	6.814955	9.735661	5.167522	4.273219	8.349017	2.862701	5.530961	3.262498	8.161008	6.962979	7.920153	8.876296	4.381909	3.469369	5.490487	4.996120	8.564024	4.350040	5.511459	8.756544	7.830385	5.961735	3.468492	5.242310	6.182061	2.595970	3.719573	4.799078	8.137223	6.125710	5.131793	9.786766	4.691936	4.072034	7.779146	4.158199	2.824839	2.816951	5.802770
3.998719	5.651278	6.994543	4.590716	8.251746	7.105861	5.476553	9.709084	8.108373	7.178663	4.633235	8.549155	2.614259	8.685526	3.647936	8.907747	7.760466	7.754278	8.179013	9.298776	2.403461	4.269650	9.758303	9.760021	6.039595	9.194886	4.577383	4.856055	2.578128	2.651013	2.923032	7.456414	9.278155	6.596891	2.274272	3.586912	7.956015	5.883015	7.692802	6.764422	4.975743	2.724359	7.598283	3.035002	6.010411	6.362195	4.235572	2.424847	3.246423	2.355819	2.394085	4.487525	7.653319	3.409126	2.291212	9.498270	3.058659	2.787620	4.151322	4.669154	6.347691	8.353950	5.989018	0.000000	6.829214	5.577370	6.624229	9.119303	5.739307	2.095718	2.144131	7.882556	3.473107	7.102718	6.847603	8.045397	4.016054	2.878144	5.098049	5.155110	4.630990	9.389663	4.321466	3.151414	6.204331	7.457553	6.819775	7.454900	2.286420	7.595982	9.512097	2.713871	2.273692	8.463358	4.407646	2.401431	4.999637	2.469067	4.627234	7.278903	4.550728	3.602991
2.524662	7.060732	9.334358	4.425177	6.715497	6.372874	6.586775	4.923595	8.578294	5.777732	4.315343	2.698344	5.652609	3.037319	2.692411	8.492439	6.146358	8.897774	8.586690	8.745356	9.337374	8.362645	4.500876	3.728791	2.468077	8.511408	9.141616	8.512065	4.526497	2.738616	4.349689	2.595209	6.607048	5.062635	9.124735	6.925996	6.540030	3.939344	7.649031	5.918599	7.944364	4.188630	8.189712	4.622730	5.091187	4.771883	4.877947	7.399115	8.953813	2.329519	8.501490	7.904264	3.525648	9.476357	5.234608	8.943906	7.086429	8.229156	7.213567	4.567356	6.130913	4.448223	4.847437	7.342995	0.000000	6.109113	9.321810	8.150499	3.664901	8.117515	5.615658	8.996677	6.240873	6.308281	2.454143	4.828481	9.411260	2.129939	2.084064	6.481911	2.676514	3.694417	8.288890	8.145451	3.981198	8.982885	8.271710	2.579355	5.645353	3.866783	3.671382	3.889096	7.401101	4.160423	5.332969	7.400548	4.102134	8.564640	8.851712	7.645082	8.224390	6.554817
9.077569	5.137760	8.672151	5.850136	4.916276	2.858219	3.088096	3.940018	9.279646	6.837393	8.223002	8.485118	5.483911	9.097605	3.449410	4.815967	5.069657	8.068394	3.757748	6.898949	3.389493	4.517277	3.769921	7.842197	4.790493	2.251382	8.222644	6.888438	9.076046	8.714745	9.673235	3.555422	4.912658	4.925271	3.843348	5.989420	3.222324	3.865935	8.069387	8.715813	2.480349	4.805625	1.989574	3.486393	5.249162	8.125861	3.537712	5.433392	7.903626	7.235791	3.504065	5.511539	5.823792	8.322482	8.694384	5.917472	6.688944	5.050839	6.086619	3.736092	4.508126	5.512482	5.662898	3.205547	2.319977	0.000000	5.622240	3.388325	9.828087	9.297941	4.367633	8.472438	3.749311	6.779743	2.476905	2.262122	4.019031	2.519567	6.313777	4.905636	9.095763	2.964108	4.298707	8.732053	3.373167	5.548219	7.735188	8.076979	6.138059	6.245848	8.994551	5.316003	8.304529	8.950764	2.755170	8.005380	7.581602	5.085477	8.444176	7.837140	3.087400	2.235849
8.552600	3.633521	8.193784	7.326720	7.842852	7.441819	4.104717	9.465398	5.551174	8.960122	8.094359	6.303681	5.703723	7.391906	4.096480	7.819194	7.936962	9.350403	7.926199	3.624032	4.311985	8.478551	5.920277	4.091517	9.835746	3.364556	4.490966	7.954745	2.066899	5.756594	5.518345	2.044315	8.914988	8.422891	7.122721	6.783801	5.583524	8.375800	3.023513	9.139740	6.592315	6.830275	2.382371	3.312129	4.011117	5.150085	4.985104	3.041851	9.780850	9.546220	9.239688	5.956764	6.823682	6.933172	3.207004	5.242817	3.077109	8.036805	5.540332	5.557536	7.770028	9.010520	5.941728	8.532807	6.475437	5.783639	0.000000	4.069451	2.131933	9.148228	9.581447	7.623227	9.840444	5.329930	7.293015	2.291967	4.346389	9.826190	4.328778	2.368809	6.782362	9.748966	4.569292	7.515872	2.210469	4.803837	9.292035	2.467757	2.021606	7.701450	9.818277	3.890674	6.805384	5.669961	8.563967	7.477921	4.070829	7.731428	8.733000	8.252290	5.036591	2.288287
6.639692	2.846685	7.287676	8.613308	5.081653	5.389483	4.603703	8.496726	5.936871	2.519555	8.885045	6.135353	4.753097	2.990245	5.794499	7.334509	3.924596	4.981868	3.345509	6.697024	3.736569	6.199381	7.026212	2.337126	3.269405	2.504424	7.267451	9.060936	5.456320	7.755471	7.806127	2.309337	6.577052	3.430504	3.655869	5.802440	8.254794	8.811045	2.999308	8.454813	8.489291	1.970876	6.555728	7.048067	9.322223	5.022187	3.165059	5.924649	2.621824	2.822255	3.400875	6.666680	6.686334	4.544166	5.206489	2.867648	5.170508	6.722995	9.120450	8.482214	2.163490	3.750999	4.126577	6.085753	9.720066	8.189574	2.335036	0.000000	3.290742	5.529948	3.938789	9.384989	4.661567	5.637585	2.039831	9.390961	6.413104	7.806590	5.914907	5.061828	9.378412	3.633977	2.415256	2.740178	4.532763	5.875810	8.522294	8.519965	5.153129	4.407843	4.073214	2.338879	3.356184	6.270937	3.638199	4.788180	9.347017	5.968087	6.904238	3.993010	3.590243	2.469985
6.451051	6.900394	8.029951	8.692176	7.191034	9.464555	8.551797	4.382100	9.666579	2.728869	3.825168	4.479731	3.209912	4.654039	4.818456	3.556002	2.620829	7.303044	6.699544	4.861039	3.644990	6.718044	9.406207	9.171418	5.063564	6.063792	4.830849	4.806657	3.317774	8.554061	6.082219	2.495123	5.483519	4.342614	2.072818	4.648008	8.542992	2.334719	8.934323	7.452016	5.546060	4.439778	9.401202	2.693193	6.600031	4.373910	6.104109	2.349904	4.062488	3.141218	4.170437	6.768046	7.749332	3.241762	3.835904	3.289345	8.468183	3.673494	3.214136	2.545527	4.924175	9.747961	2.590313	8.901820	2.639760	8.030235	8.550498	6.345789	0.000000	4.734932	7.371336	4.938907	4.662205	8.872006	9.311582	4.808185	9.417644	8.111059	6.152275	2.383817	3.114698	4.110755	6.209704	4.681401	5.185941	7.614925	6.987236	3.902701	1.972779	3.323904	1.987698	8.530741	6.510815	9.133999	6.300464	3.925754	2.715978	2.741705	5.779494	5.690528	5.175116	4.863046
9.597801	6.250128	8.631523	4.084918	8.849870	5.906124	2.000170	2.085469	7.307854	5.729476	7.461303	6.650990	3.031454	8.238880	6.927740	9.609561	6.132010	9.834266	3.958032	8.560096	9.057800	4.749788	4.750884	3.113893	7.843662	7.976068	3.114906	9.844112	8.320779	3.087275	6.244458	7.065827	2.727316	2.735308	4.526350	7.853228	2.120656	6.503944	8.380831	5.998674	4.908107	5.428900	3.154508	3.661600	9.060743	5.116757	7.812401	9.581202	2.119873	8.642129	8.524808	9.808225	6.171439	4.570210	9.821475	4.364119	6.345348	8.139251	6.451310	4.075147	4.831492	2.416114	5.233249	5.837433	6.438144	6.703693	5.950810	9.115145	8.083904	0.000000	5.355329	8.402693	8.480969	8.991502	2.637864	6.078322	3.902957	3.852895	2.394779	8.291339	4.308145	8.855725	5.450472	8.783717	8.646432	3.507880	5.870923	4.854978	8.109180	4.805993	3.309212	9.313422	8.805974	9.293061	6.344894	9.456537	2.779379	6.216031	8.322753	5.546918	6.822724	6.506669
6.863141	5.407643	3.325768	4.546523	4.233138	9.574131	8.802647	6.801026	6.558738	5.782272	8.871970	6.800327	7.000943	6.743317	6.907006	9.700021	6.116598	3.938559	5.195606	2.465517	6.896842	2.998672	8.050914	3.778735	8.191750	3.784749	5.156261	8.122467	5.169909	2.312520	7.257558	2.288893	8.885897	7.155500	5.047371	7.407081	4.364947	8.432336	4.068044	7.065945	5.018747	2.227199	3.028251	9.786327	7.990104	5.287384	2.701132	9.327192	5.365848	4.470091	9.610211	9.245669	5.924484	4.143944	6.977723	7.477778	9.849253	4.748282	4.820076	3.765785	3.804992	5.705726	8.175450	5.775447	7.008957	3.707911	5.336830	2.335797	3.709337	6.873023	0.000000	2.492606	5.808064	7.551978	3.158464	2.142450	8.707354	6.862857	7.662044	7.509350	6.329584	9.775651	5.391558	5.825876	6.401353	4.457339	9.478831	4.674841	8.258855	9.077258	5.954059	6.120805	3.835845	8.784850	4.927194	3.275526	7.687913	6.624327	6.306454	9.220416	5.063019	8.507115
4.801247	9.096725	3.150629	4.647639	3.350809	9.697607	6.243622	8.184545	3.447728	2.565410	6.754326	7.307757	7.471304	8.571483	6.463114	7.275871	9.172175	6.142778	6.454344	9.076079	7.800986	3.809510	2.947683	4.302220	6.268242	7.061931	6.382985	2.775504	2.396013	7.561148	2.443082	3.059391	7.898001	4.327319	8.428667	2.349776	3.293813	6.101667	6.482854	9.757511	3.083724	7.230934	3.890420	2.458290	5.531118	3.715343	4.143286	3.328769	6.610170	5.338961	4.316735	2.459859	7.083595	3.206304	2.313292	4.188256	5.892857	7.159474	6.009274	9.212967	3.722643	9.194190	6.733057	5.384222	7.109086	2.498539	5.014132	2.914146	9.851973	4.474363	3.456879	0.000000	2.289573	7.383601	2.522051	5.498491	9.456656	6.227044	2.916077	4.014183	3.742694	9.319473	9.598332	7.725660	6.183033	2.236453	4.864405	8.217206	4.869419	4.355602	4.122612	6.953727	8.021502	2.065448	7.278018	8.263667	9.182158	4.606783	5.594048	8.377997	9.381511	6.166751
4.868293	6.631847	9.027830	3.156932	8.509617	7.078447	7.810656	7.448222	8.814489	3.391142	3.357131	5.447350	7.011907	4.718970	4.142883	5.705912	3.930417	3.461136	6.917382	7.343664	5.256509	2.159436	4.534603	4.004085	7.855952	3.754438	3.282540	2.169100	8.171115	5.936657	4.312622	2.722264	3.424829	6.849394	4.672117	7.470984	2.838683	4.404444	3.530281	3.000608	8.644382	2.123581	6.069481	3.169484	7.857337	6.522623	2.753086	3.661502	5.761007	8.225885	4.298659	8.194390	8.173689	4.795060	7.524945	4.090946	5.612016	2.445995	7.515248	7.870961	5.769199	3.615228	7.696958	6.558804	9.756517	3.594271	7.240393	2.415855	6.372177	9.277606	2.094326	4.555597	0.000000	9.085899	9.698841	3.824066	6.157760	8.326099	3.341631	8.614719	4.050335	3.578032	3.905321	3.648843	5.078623	7.164413	8.420661	2.876447	4.917741	4.725690	8.180667	8.705203	5.186843	2.055207	3.396386	2.099707	7.261153	9.722675	8.464573	6.832470	5.669515	2.218080
2.793622	6.447423	5.422662	2.014667	8.778520	2.395435	4.985857	2.593260	8.482502	4.195479	4.967000	3.767432	3.226829	9.395963	2.012848	3.395618	6.708921	5.831136	3.588569	2.987073	6.463861	2.582798	9.224541	6.630836	3.184143	9.237684	6.079029	5.568011	3.214902	7.317905	7.408759	6.315286	2.770227	6.197384	6.511745	5.417433	2.043677	9.499410	7.133852	4.006792	2.961886	6.926000	7.932656	8.066463	7.077312	4.652191	9.051317	4.075415	6.544219	6.356958	5.451545	3.550039	2.616685	3.835569	9.274627	9.422003	9.282767	6.137906	3.511967	8.786428	8.296414	6.343075	7.714453	9.057823	4.071893	5.935231	9.229050	3.683180	4.252909	3.402920	3.860573	5.407148	8.055754	0.000000	9.659023	2.315570	5.382624	3.755027	7.264488	6.022276	4.485300	7.299551	6.827851	6.851599	4.374929	3.150487	3.644394	8.198885	3.608638	8.479051	3.346187	2.067152	7.272554	9.509952	8.455506	7.011456	2.285454	8.641191	2.784594	4.982660	7.133724	8.860236
6.244230	6.800869	9.653016	2.687163	5.751269	8.345680	4.904349	7.416394	8.382134	8.144046	4.582739	9.582085	3.551518	4.036611	4.018527	6.449378	8.642585	8.736060	7.109259	6.020935	4.605983	8.345027	8.013970	5.525079	4.228816	6.248895	9.342352	5.154585	7.685124	3.915740	7.786046	8.684728	4.560607	7.771352	9.623604	4.275287	5.984850	8.746346	4.190330	5.235295	8.656313	6.016714	4.148466	2.983296	4.105980	9.786356	6.914552	6.884060	3.103725	5.439377	6.710831	4.782626	7.468676	3.982726	7.541044	5.998456	6.955299	9.106048	9.484000	3.842249	8.288981	4.554191	2.472349	9.132460	4.325954	8.368575	8.354784	8.856429	7.719776	3.393483	9.531280	7.035831	3.926075	8.630137	0.000000	6.375461	9.290037	3.625237	3.313176	5.744547	5.129631	4.244695	3.917189	9.325833	8.520496	6.580309	2.117323	2.999662	5.358368	6.325930	3.436192	5.409793	4.823884	8.101059	8.380570	5.510331	2.278482	8.119806	3.060896	2.079556	1.971443	6.904437
3.859743	4.274878	8.335539	8.482663	9.046403	5.785431	7.824328	4.846917	4.451519	3.845635	6.631713	4.326673	2.143666	4.799189	8.322520	2.288978	9.697100	9.002862	5.419324	5.084199	8.320528	6.623698	3.868731	9.835747	4.172825	7.654828	3.477605	7.930040	3.385755	3.728695	8.472946	2.284906	6.501833	2.802741	3.359623	2.585000	6.700144	5.560879	4.895980	2.428491	4.728052	8.049520	3.331745	6.421584	4.898489	3.869990	7.184723	4.023819	4.881990	8.775408	9.821232	2.731503	6.622098	5.474964	4.816691	9.356309	8.534954	7.533554	7.695788	8.809845	3.473157	7.760583	6.540037	6.300865	9.535489	4.152418	9.320962	4.282091	8.402456	2.379111	7.184232	3.669161	4.417754	2.031669	4.448495	0.000000	8.843443	7.728492	6.974168	7.998832	4.689731	2.390203	6.495084	3.054639	6.807525	4.096248	4.145729	4.022481	6.387875	7.727002	7.282055	8.373270	9.522834	8.556420	8.831702	8.813401	7.721649	7.816376	7.035767	6.305625	4.342406	4.549068
5.842842	7.286609	9.447118	8.768871	7.214824	9.641221	8.753264	9.067346	3.840854	9.334510	9.777821	3.099938	2.701009	9.123671	4.718561	4.756733	2.923656	7.094916	7.607532	5.283375	9.401427	9.087760	7.332882	7.609228	5.018739	9.429002	5.296465	9.849810	6.888469	6.097732	3.053366	4.417808	8.631653	8.336798	5.562289	5.688930	3.537865	5.935575	6.470437	3.034247	3.554687	7.040705	6.795075	6.208143	2.038521	4.232129	6.661398	6.861399	6.565786	5.371721	8.662386	8.657027	3.670020	5.314147	5.962214	6.378729	2.739676	4.914550	6.935033	2.405054	9.665285	8.375272	8.553886	5.099716	3.233154	3.359481	8.617232	6.373757	2.539686	5.778462	7.220909	9.785374	9.300924	5.688634	5.982483	4.528773	0.000000	7.409965	6.471885	2.027220	9.603231	3.962029	3.292549	2.598288	4.478014	5.938224	3.997429	4.853341	4.076755	5.811809	9.583740	3.136150	6.669217	4.330681	7.074761	8.713917	7.145170	6.290549	3.721592	5.110909	2.057646	8.485911
9.711647	7.956677	5.124962	8.527016	6.378659	5.460487	6.771729	7.060591	4.897223	8.611162	4.092222	6.680440	6.747261	9.648196	4.811268	3.571504	8.086932	6.421010	2.076476	3.131508	4.836641	9.283762	4.022089	8.792555	4.432063	2.395877	2.867823	2.636508	5.074344	7.318775	3.806632	2.859555	9.410636	9.031612	3.402290	3.789512	3.018796	3.325472	4.863540	6.232363	4.315085	3.626473	3.679230	5.167975	6.591310	8.729345	9.421697	7.801433	8.946943	2.202038	7.802278	3.107315	6.776414	5.692389	2.516041	5.863796	3.939175	8.445419	7.156836	2.560962	4.296556	4.427695	8.466804	9.288034	8.264178	2.292218	8.958724	2.278897	9.713067	3.772857	8.722897	5.133139	8.176957	3.502398	4.461236	6.002465	5.462811	0.000000	8.771562	6.329130	3.375000	2.478364	7.822768	5.458627	2.127507	6.455771	5.364935	5.523515	7.161203	9.791794	6.147436	7.837859	2.046183	3.769921	9.246253	5.637997	9.544912	2.792597	8.887464	2.450516	9.102727	8.659437
6.633472	4.614359	7.904042	8.137476	9.830586	7.032534	7.648700	3.256148	8.842480	5.937829	2.614188	6.249901	3.799898	3.974857	2.015103	8.058333	5.456418	6.644318	4.995529	3.387803	9.727522	5.302759	9.118817	3.584411	3.704069	3.663592	3.216673	4.138256	8.785484	9.562666	6.250915	5.056160	6.113727	6.545596	6.109046	4.565903	5.049003	5.977774	6.255357	3.587018	2.940050	6.280223	4.522025	6.992025	5.340671	9.855142	5.723677	5.555315	4.211150	8.811014	6.207283	6.800834	8.624346	4.927810	4.438769	5.061638	2.832418	3.415076	9.072559	6.502727	7.987238	3.123485	5.479915	5.384706	8.627581	9.457214	4.036176	6.942626	6.218394	4.081932	3.824385	3.244480	7.973386	9.537853	9.341194	9.541369	7.598375	5.200468	0.000000	2.125132	2.466690	7.644696	4.166767	6.073224	6.016181	3.258238	9.326356	2.666207	7.687169	5.007302	4.151303	4.063104	3.017908	8.869377	7.712603	7.013257	2.186654	6.571259	5.504479	2.102779	8.282754	7.324103
3.540920	8.182228	9.187932	5.940881	5.474564	4.378611	2.785193	4.383253	9.254959	6.920461	2.018306	8.581247	9.395709	8.415939	6.713567	7.816288	6.970200	5.928807	1.994620	4.016595	6.684295	4.176657	5.486210	8.592687	7.870622	5.104764	9.385889	7.314852	4.459830	3.971417	4.700637	9.142739	6.401135	3.704279	2.913329	8.729962	5.065726	4.744595	8.242821	4.089704	8.931514	4.074970	9.501293	5.976690	2.578284	9.459423	8.281971	4.729018	5.396172	5.704470	5.781894	5.800154	4.982607	2.244465	3.895673	7.137655	9.118481	5.935589	9.073752	3.369527	9.231570	8.251912	5.259872	7.038527	3.120693	5.042797	4.803083	8.499451	4.922251	2.609261	9.517315	5.039510	3.068053	8.295653	7.689484	6.712919	2.258520	2.490153	7.454194	0.000000	8.126238	4.918743	6.316580	2.858854	3.441521	9.816833	7.401772	5.966069	4.835568	4.675292	8.092298	4.088241	8.807618	8.041164	7.424387	2.985836	9.083097	2.929000	4.664304	2.776847	9.379155	7.139207
4.116350	8.296861	7.144249	5.691641	9.091281	8.793780	2.251747	4.098619	3.858017	5.770233	9.837807	4.214149	4.740566	3.328847	6.231420	5.029758	8.192925	3.358136	2.081248	6.628419	7.170201	7.939298	4.780947	3.005788	7.841682	5.920902	4.255878	9.721045	7.030609	2.913218	7.398001	6.108369	2.527916	8.503404	6.314925	6.258795	5.516828	5.125982	5.493941	6.611336	2.334637	8.951812	8.593050	7.198181	4.372627	7.641111	6.304827	6.680431	4.855869	7.054579	3.954262	8.169132	2.124869	3.638239	8.880343	2.540578	4.591255	9.150261	2.720662	3.514130	8.795722	6.700446	9.354484	8.076689	8.867986	9.654455	6.413686	1.976836	4.329179	1.979591	3.454164	4.059251	9.133463	4.239822	3.190871	6.870874	9.389499	7.606030	4.161134	9.213512	0.000000	3.660439	2.115249	5.787122	8.346420	7.176588	3.012999	8.029320	5.750949	3.625809	9.668890	4.796396	8.519936	4.985209	2.694714	4.366655	7.209143	8.472090	7.487157	3.976780	5.466472	8.421640
9.041113	2.608004	4.046095	9.454285	3.588457	2.766516	8.036234	5.654139	2.740051	6.960276	6.677197	5.370845	2.082495	3.385881	5.857178	2.709290	6.691351	6.316343	5.922743	6.915525	3.645850	3.508262	9.263591	5.033230	2.218736	8.313368	5.243263	2.298966	2.240734	9.418290	9.442782	3.119095	4.585536	7.754954	5.630867	2.339148	8.789998	3.047535	8.211205	8.631785	7.014800	4.448433	2.673286	4.772718	4.358002	9.201059	9.251281	6.554359	8.652868	9.705928	4.151931	8.944116	2.391492	7.030783	8.760732	7.448897	4.700586	6.628765	4.309777	8.608698	5.326775	5.259345	2.005508	5.815970	6.505947	6.088126	8.249045	7.308578	3.101780	9.231343	6.529081	9.150325	4.493324	9.376220	4.194477	3.073554	8.072990	8.613126	3.625716	5.177064	9.200218	0.000000	2.206852	2.939889	8.903791	8.028108	3.197032	3.546312	6.840655	2.787211	6.439110	2.799095	6.177864	5.169880	4.288374	3.138415	7.425157	7.484588	9.064566	4.442573	5.521074	4.521221
5.226344	6.254188	6.335997	6.709350	5.592772	5.568006	4.601111	6.015668	4.592041	7.926408	6.716420	7.012574	3.123449	9.447072	6.114734	5.863120	2.721355	8.103129	5.407526	9.057413	9.406225	4.168540	9.561052	4.554181	7.452025	9.838549	5.967667	9.693196	8.444173	4.423858	2.478015	8.005640	7.009194	5.957086	7.244235	8.116238	4.112144	5.870185	2.385240	2.737984	4.791047	6.289740	5.671142	2.233224	7.999449	8.385858	3.536898	3.095182	6.245349	8.574813	6.569692	9.625433	2.575130	8.310256	9.546813	8.244423	4.207945	8.527082	4.041020	3.893841	8.899223	7.207711	5.148486	7.679666	4.779721	4.439257	4.198803	7.081145	9.802890	5.938732	3.657472	8.063702	6.273741	7.442022	2.293785	2.309659	6.748014	6.838890	4.287683	7.912593	2.621117	2.186478	0.000000	3.504540	6.778057	9.320934	7.626991	8.386431	7.050836	3.985098	2.147008	2.281330	4.243489	6.522181	9.771377	3.220620	9.730824	2.243089	2.627552	8.981398	4.837574	4.449717
4.531159	9.074077	2.785652	7.042393	2.000619	3.981600	6.139064	5.228172	3.169652	9.771618	9.277784	9.595012	7.908131	7.236527	3.452973	3.531774	7.761255	3.141548	8.089470	2.395806	2.076975	8.087336	6.733337	9.014248	2.708022	4.586822	8.194081	6.347460	2.535975	4.486976	6.815439	5.207514	7.262924	2.663177	7.625724	7.367781	2.893642	8.812206	9.015125	9.308123	3.574448	5.755675	9.072307	7.832899	7.817306	7.955646	6.962097	7.034215	4.820171	4.585368	9.235413	6.368500	3.545628	5.037605	8.710123	2.310475	8.613301	5.130310	6.145332	8.553205	3.999584	2.482985	9.178346	3.986270	7.662023	2.207498	4.430927	9.677683	4.088187	4.925620	6.613660	8.498845	9.614806	2.088336	8.090890	2.561161	4.178082	9.798491	2.305274	8.556800	8.873110	2.185922	7.264934	0.000000	7.641642	7.867815	2.027602	8.715719	4.160070	4.447672	3.808702	7.521719	6.011260	5.423580	4.573405	4.738208	4.182177	8.977577	3.465858	6.227870	6.861905	5.180772
2.583003	6.404156	5.515785	3.110878	3.240503	7.793994	3.816796	8.854687	4.416445	8.568561	5.412032	4.284075	8.930694	8.147626	7.167452	2.032769	6.253174	7.956419	2.794514	4.907315	4.932564	5.122722	7.151545	9.285161	9.048340	8.017350	7.718512	5.160822	4.756769	5.820328	6.891824	4.061194	5.524895	9.806441	8.489324	4.398157	5.694005	5.848432	9.081970	7.592360	6.523742	5.673412	7.077679	8.172001	4.338412	6.995546	6.322489	2.701124	5.772551	8.896115	8.780437	7.703349	7.385383	8.900852	2.242320	3.961028	2.016160	8.416849	2.430675	3.886626	2.882804	9.724357	9.297324	6.698506	6.465863	4.454281	8.957762	4.917642	3.690473	3.523957	6.336789	8.874371	8.504526	7.835729	2.217712	3.036721	6.841584	7.297885	8.034835	6.256564	9.462724	8.131502	2.117872	4.157584	0.000000	9.033911	8.667121	4.072479	8.945752	3.027110	8.324999	8.103368	5.678903	5.184210	2.087282	9.848515	3.764072	4.937688	5.163189	8.436623	7.027648	3.014548
3.125855	8.283208	2.952783	2.604662	8.044147	3.732504	6.252652	2.440490	7.870962	8.954346	6.206109	7.425510	2.073531	6.241811	7.947225	7.630222	7.493755	2.424218	9.751899	4.434026	9.096849	4.179666	5.307141	7.197039	5.035072	5.856017	5.489351	4.357902	9.155968	7.942255	7.376696	4.973264	6.408647	8.407856	8.001585	4.601158	5.176449	7.654521	2.508436	3.463281	2.408917	4.412817	2.264392	9.339354	5.040688	6.665630	3.325109	8.241602	4.219484	8.893262	2.156652	8.926540	2.596094	2.206814	3.913590	8.154462	5.719809	6.667336	9.065260	5.956710	5.972909	2.928274	3.582682	5.713655	9.567026	6.301294	5.566307	6.686203	8.331746	5.834682	4.988690	2.928764	7.151018	4.993434	4.559308	7.595172	3.635527	7.884681	2.813503	7.215097	3.675868	6.531781	4.441591	8.822340	2.249967	0.000000	9.119676	4.922376	6.057630	3.679833	6.909250	7.955939	4.008805	9.002815	7.750666	8.083032	4.950155	2.954083	2.661397	6.887332	3.879314	7.933666
3.796398	3.065776	2.039075	5.547288	3.564986	6.894037	2.112442	2.972646	3.617577	9.847284	2.147703	7.610578	3.301399	4.120702	5.004454	4.271060	8.358804	4.662685	2.298277	9.729926	2.367923	5.356691	5.337013	3.601100	4.994618	5.399800	5.815872	3.476731	5.120829	9.097671	3.729889	6.368965	2.718421	6.819422	9.031888	4.501731	5.494161	7.764576	8.468030	8.695354	6.875628	5.908236	3.637817	5.521013	7.793626	9.224552	6.543062	2.007473	3.076371	8.527083	3.979851	3.581244	4.195236	6.887498	5.059637	9.222825	4.474148	3.174986	4.930384	6.202970	6.767572	4.343993	5.137076	2.525860	7.621739	4.107088	4.559230	4.791715	7.221685	7.253073	7.360787	7.364988	6.075143	7.203625	2.537216	3.389625	9.488789	9.674406	6.487483	6.541411	7.306109	3.636072	8.238151	2.294557	9.735982	4.023478	0.000000	7.623685	9.017413	6.449509	6.789450	6.402313	7.280172	7.075109	4.440201	2.996660	9.671104	2.306082	2.161702	5.506151	5.264419	6.349130
7.303118	2.823655	8.060056	5.471054	7.401826	2.912782	5.105622	5.762077	3.328283	3.570412	4.259764	3.552877	6.288232	7.982709	3.625534	7.492489	4.791960	8.231254	6.461415	8.770396	5.836204	3.666871	7.213198	4.503599	3.960010	9.277858	7.761496	6.210941	6.071048	4.120608	4.360800	5.178098	2.687164	6.567412	6.249773	7.069723	8.361073	6.072506	3.392211	3.523795	3.688720	5.684469	6.324212	8.381092	3.971345	3.013760	4.371485	8.741221	3.620871	2.033064	4.180185	8.337446	6.774118	5.081730	5.331527	9.275840	5.483359	2.031414	7.933162	4.298858	8.036447	7.146909	9.638721	7.753579	2.650230	8.440953	6.278426	6.517017	3.573904	2.812802	5.696333	3.651999	4.371223	8.605083	9.216987	4.218164	7.966577	6.428773	5.151021	8.458620	3.779116	6.389688	3.019689	2.938366	3.070019	5.670631	3.141080	0.000000	3.893144	3.853564	6.135951	4.828729	9.313920	2.426442	8.994192	7.508152	8.270117	5.365493	2.772588	2.847989	4.677624	3.360272
3.090440	8.777867	8.605401	6.216245	7.210428	5.226869	5.502915	6.657288	6.415458	5.792146	3.091384	2.623988	4.161596	2.894895	7.329601	2.365402	6.295158	5.901310	3.959468	7.559486	4.083335	5.815273	5.902573	5.623548	5.256448	2.286077	4.467951	2.696672	8.155076	8.260986	7.671208	6.995062	7.648234	4.084015	4.134531	3.694699	7.491144	6.628682	7.463973	8.880491	8.744275	5.772262	9.580495	8.941916	5.313757	3.247038	5.306191	6.521229	7.655247	7.727779	1.972150	9.247407	9.485710	7.002170	6.097004	6.929979	6.109265	5.492635	7.602295	9.323461	5.144988	7.976423	4.643134	3.180645	3.038454	9.124015	3.075036	4.818714	7.415005	3.268765	9.539228	3.975374	1.978017	4.946555	3.457084	2.033006	7.747969	6.965848	8.101411	1.975303	4.371359	5.279650	3.529487	8.180212	8.052945	9.188917	5.171368	2.935358	0.000000	6.211131	8.878761	8.809476	4.101178	9.242524	5.662089	4.564440	6.339875	6.435024	4.292695	4.675175	5.220433	5.999956
4.072130	3.501943	8.042059	6.697677	6.125916	5.237767	3.395552	4.952194	4.457405	2.638698	8.709743	7.367665	3.733312	5.507762	4.199690	4.279326	4.610079	8.857493	3.506105	2.949755	7.403037	5.460534	9.685512	2.854384	8.300805	2.744483	4.054133	5.849982	2.264302	5.808121	7.980061	7.613355	9.144617	8.081303	3.725078	8.301448	2.635337	7.121141	6.398205	5.506921	4.067192	4.889092	3.947766	9.221471	8.924975	3.504576	6.214835	3.534980	6.574150	4.718468	4.457341	7.112637	3.353751	7.965490	5.172772	8.851342	8.210099	8.987005	5.256764	6.728038	3.270700	2.930509	6.236763	8.649799	3.948678	4.077651	5.493814	6.940863	5.978703	6.423681	5.564579	7.112511	6.808514	4.555576	8.123049	5.506154	3.802982	8.862619	4.427442	9.199284	8.018540	6.429721	9.785002	6.905051	1.997273	6.582381	6.635805	3.378714	8.800204	0.000000	2.397810	5.616808	2.219810	8.879451	7.524383	5.126805	9.107540	8.155658	8.513611	8.735020	9.846613	8.081845
2.495914	4.618615	9.791802	7.069847	8.009541	9.264406	2.576642	8.294239	7.300878	7.361278	3.319527	9.347586	4.351567	7.908369	2.684266	6.110114	2.199887	9.556524	4.711444	3.235728	5.630004	7.495284	8.598346	7.712624	9.046700	4.517793	7.185399	4.621119	2.156695	6.008665	2.894060	9.626076	4.526676	4.500113	7.417847	6.434810	6.580982	9.177071	6.904156	6.637676	4.527194	7.128947	3.392890	2.649817	5.299411	6.015291	5.357771	3.287118	9.522109	5.513251	3.712004	5.713980	2.026551	3.543460	2.362214	3.818132	5.455498	5.941909	6.837483	3.485032	5.495483	2.636798	4.517431	8.824384	9.345130	5.180587	3.709907	3.612568	5.609066	2.524404	8.096917	6.016480	5.089073	7.286103	6.990733	3.768657	8.956698	5.268938	2.761792	8.022997	8.312362	5.794601	2.041294	7.992797	4.116121	2.336258	8.929324	6.467740	5.203235	6.281021	0.000000	7.465600	4.886230	8.072390	2.639735	3.389533	6.528678	8.416890	7.231767	3.266217	3.966509	2.811709
6.174198	5.278057	7.135311	4.117778	4.286350	2.732528	2.150587	6.618932	4.286618	6.996971	4.406588	5.574087	7.113893	3.201302	8.064003	2.160152	3.992751	3.459217	3.561242	2.822149	6.746992	8.904802	2.373686	8.736170	9.337282	5.451811	9.851450	8.358233	5.414753	5.257726	7.479565	2.042469	9.136846	2.604560	7.680063	5.935040	2.592355	8.462047	2.954034	7.164597	6.561227	8.889117	3.622767	8.850359	9.301519	8.039275	3.622121	2.928425	2.487741	4.079125	5.854997	2.732372	4.711853	3.109940	3.659698	6.499024	7.779225	4.232022	2.796663	2.422060	4.006262	7.665230	7.658242	2.241758	2.288720	2.241763	5.282129	8.855741	7.199800	6.385237	6.472469	4.751088	4.097982	2.038021	9.572495	4.088345	9.751574	6.481520	7.474784	7.690956	2.373785	9.185582	9.803956	5.887998	5.875309	1.993026	7.693838	6.457154	2.826038	6.902900	2.623872	0.000000	2.733070	3.616533	8.419422	8.252093	4.501416	2.809691	5.549728	2.283319	3.737254	5.804173
3.308547	8.031317	7.262945	6.742225	4.506804	7.496934	5.741110	9.445744	3.426648	6.874382	2.300702	3.105940	6.754970	6.603820	5.914831	9.596927	3.155258	5.372756	6.315997	3.955320	7.938596	8.564218	7.922642	3.095610	6.809306	5.686416	8.583019	3.047781	8.229207	7.685954	9.299647	2.176072	8.711817	5.977028	4.594670	9.691923	7.710992	3.541143	2.787735	9.794478	6.346373	3.029646	4.708378	5.560998	5.515320	5.448825	5.183742	6.414104	8.826682	9.584157	9.358898	8.943113	8.823196	7.212950	8.890166	2.604162	6.982450	5.118482	9.828665	4.284495	7.902128	9.732645	9.471442	2.022330	5.990328	5.005480	9.244729	6.384284	2.875755	7.374538	2.064797	5.504535	7.855563	4.496811	4.014188	5.487457	4.702365	7.431477	2.497611	5.887769	3.454039	2.157101	6.602507	3.229449	8.898759	2.128720	3.466679	3.885553	3.177939	5.225450	5.247395	8.063503	0.000000	7.904106	6.155252	2.517148	3.033484	7.579251	7.454035	7.065559	8.367748	4.301791
6.509976	2.837020	7.441796	2.987812	3.196023	4.762818	5.961657	2.474755	2.237634	3.771877	7.203278	5.521894	9.215079	3.110470	2.542190	3.162188	6.953887	8.891243	7.900973	5.081894	6.132406	5.052667	3.196811	5.860337	2.771617	6.880482	9.833838	6.925641	9.797621	9.094871	6.564777	6.819581	6.577281	5.861408	6.693721	6.278316	7.013736	3.546728	8.665806	5.731778	5.605513	2.534534	3.517989	9.635875	7.436706	6.753622	7.481312	5.811235	2.287006	2.394584	7.590618	4.600880	2.569214	4.215675	8.324054	3.128497	8.888117	8.015518	7.068987	5.153390	7.532082	9.318961	8.801929	5.658256	4.081303	7.173960	4.280439	3.698634	5.727925	5.295610	2.860055	4.955101	2.466203	5.622305	5.909341	3.356386	9.856123	3.360521	2.287042	3.841130	7.618703	5.917373	5.221206	8.167426	3.671565	6.213261	8.933860	6.932208	7.014009	8.881927	5.802500	8.482406	4.890035	0.000000	8.372901	2.413951	2.782619	7.208897	6.792303	7.804539	7.537712	9.856572
6.785660	4.913250	8.692834	5.386758	8.255035	5.530041	9.786016	6.644455	9.165000	7.762745	2.413557	2.088056	3.979893	7.743752	6.189131	2.746251	5.502394	8.773355	5.608056	7.932386	8.128779	7.939146	5.855131	6.978907	9.450198	6.185862	3.326702	4.284824	8.520939	8.757882	7.412671	2.037634	6.751161	4.181334	4.252999	2.817786	7.077878	8.434333	9.453141	2.666006	7.849939	7.930610	5.651349	5.582687	7.859009	3.756711	5.182962	6.512719	8.313539	4.333925	5.253167	3.156902	4.531299	8.035504	3.703876	2.394164	5.770558	2.194726	5.659209	6.400543	7.374373	2.906483	6.940440	7.925799	3.942760	6.098701	4.660593	6.069022	6.951095	9.748141	7.189393	8.137089	9.687025	8.748890	8.835897	7.636000	7.883820	2.653183	7.956767	9.842352	8.749240	5.383276	8.786382	8.507617	8.076047	3.234122	7.885449	7.492814	4.423123	3.641085	6.814218	2.175068	7.594984	5.130725	0.000000	2.502628	5.057497	2.472278	7.521040	9.846634	8.219427	5.212800
3.573723	4.627526	3.556849	3.441666	8.775721	2.912053	7.386347	5.844271	6.843502	4.780105	4.432123	6.013862	7.046481	8.223251	9.421837	7.754113	2.991895	6.984144	4.044741	4.363980	5.608429	4.189527	5.740962	8.529796	2.816102	6.978254	4.082561	5.573638	5.400886	9.430549	3.800831	5.079701	4.748500	2.303937	8.830220	5.650917	5.832017	2.874768	2.278831	3.763311	5.111428	2.806413	6.473404	4.417288	8.477183	3.074666	7.283791	7.037405	3.456010	4.655210	8.519005	6.855426	8.680473	7.093066	5.033619	4.744184	3.456769	3.930461	5.685774	3.454091	8.955276	2.699167	6.777558	6.827679	2.779642	4.046023	2.167100	7.150451	8.313733	3.117348	6.908394	9.453532	4.532254	4.402534	4.941432	4.012489	2.221088	9.504876	4.889199	2.478385	7.949013	7.264738	9.679554	7.671354	6.472421	3.037582	3.448833	7.274930	2.258635	3.509804	8.402725	3.973126	8.373132	2.698846	6.533154	0.000000	6.132109	5.173791	6.519203	7.026408	7.509684	9.344487
3.149914	7.074117	5.834433	4.041536	4.667224	9.412306	9.689339	8.545341	2.218568	8.248288	2.006664	3.897485	7.921335	9.364077	4.856402	5.048279	4.762825	8.650042	7.080514	2.319707	8.410150	4.917940	5.186494	6.295736	2.898825	5.330858	4.521555	6.322481	7.696314	3.117307	5.251585	3.699594	2.319950	3.955847	6.094571	8.730686	9.798163	7.097795	7.636932	9.065710	7.120141	8.425279	3.836228	7.936074	7.098145	9.160929	5.920535	8.373764	9.422764	6.437905	7.288893	6.343709	7.601291	6.738755	7.153101	2.949741	7.824910	6.973049	3.591264	8.138279	5.090220	6.506313	5.766846	9.577114	2.505193	5.885370	9.302673	6.918698	3.208580	4.680917	6.133715	6.997038	2.886845	6.313009	4.343743	3.943152	9.290945	6.715777	9.544243	4.028315	9.006238	9.481282	2.426021	9.508746	4.144092	6.284110	9.763351	9.524493	4.615364	2.431186	5.571068	9.738294	6.843146	3.717211	4.686932	6.653786	0.000000	5.830849	3.028917	6.859599	2.363843	8.811549
7.480776	7.937068	2.313714	4.008087	3.907751	7.691785	4.308004	6.449207	6.482850	1.980521	9.257020	6.799902	9.350103	5.938419	5.125132	5.406791	5.407025	8.728763	6.406189	6.668729	6.158117	4.580688	5.143434	6.302092	7.192459	9.564331	4.129557	9.470307	4.825745	9.360459	6.564775	8.332694	5.708730	3.622174	8.399338	6.636309	5.669149	7.463689	5.241858	1.990581	6.615677	7.660470	9.344700	4.941508	8.258245	9.429264	6.476012	8.696574	7.082012	8.094457	9.010378	2.459074	3.457326	5.459561	3.441352	7.375893	2.404718	6.560084	9.279440	6.356616	5.525696	7.201712	7.542950	8.842342	2.508902	7.877864	5.179472	9.483051	4.237328	7.736134	2.587395	3.623950	7.783329	2.666956	8.927236	8.125527	6.301613	8.688401	3.510997	4.895055	4.751888	4.682255	3.261513	7.356642	3.350318	6.585960	2.886424	5.127679	7.101098	4.273625	5.984453	3.841028	2.622025	7.426983	7.522229	5.494364	9.384321	0.000000	3.687668	5.881951	9.714056	6.357327
6.602675	8.527257	7.489325	2.190199	6.875597	2.045826	4.994196	4.898668	6.496035	6.878484	8.222187	2.401296	3.237626	9.277680	7.868412	5.775434	5.620816	8.039280	7.236873	4.376025	6.501188	8.375561	6.934522	9.789462	3.541191	8.231441	3.357452	2.227932	8.808741	3.437173	7.188541	3.231881	7.316897	6.550136	3.938418	3.161155	6.982143	2.221759	6.468927	8.880581	4.646400	6.317487	2.980385	8.342922	4.738379	9.432552	5.054192	3.860105	3.153001	3.394448	7.655416	7.556565	7.212257	2.442032	8.025852	7.681708	7.751248	3.280423	5.302574	5.324983	8.104783	5.674706	8.559584	4.923893	4.767606	4.796411	8.959053	2.464800	5.285513	3.427443	8.591315	4.596838	6.489973	4.260490	5.213735	3.268291	3.259067	6.662218	8.093571	7.777707	4.096363	8.634435	5.787396	6.585504	5.497320	5.062272	8.254055	9.032874	3.056848	7.323389	3.485802	2.703615	7.681086	5.567242	4.367218	7.397217	5.615358	5.288677	0.000000	2.147590	4.000418	9.700211
7.858367	9.254003	3.526876	8.594912	2.717244	2.453864	7.610626	2.032766	7.802962	6.823273	6.960587	6.960557	5.707780	8.497980	3.288379	7.442685	6.335737	7.849153	2.513577	7.887389	3.364962	8.540808	2.460804	3.829465	3.271887	8.396902	7.607875	3.268247	5.606563	4.787166	9.680336	8.211069	9.658523	6.899305	8.584688	7.872392	2.794351	6.821672	4.631558	3.694119	3.668409	9.576440	2.668900	6.912262	5.441119	3.475780	2.140066	3.089455	4.747543	9.775207	5.950188	9.339288	2.807202	9.144252	6.597915	5.870231	2.322047	5.525984	8.328503	8.407622	7.641341	9.437614	3.016037	7.702210	5.814273	4.354737	5.129959	6.877850	6.420803	7.471569	4.679319	8.406901	3.647498	8.600973	6.100224	5.379112	6.156984	5.429471	5.887412	5.438136	9.668774	9.626521	7.014104	9.427795	7.842757	4.530117	7.911797	5.110240	6.213455	7.019317	6.253283	9.383856	2.151310	6.705773	4.771246	6.201807	2.354563	2.066832	5.385724	0.000000	4.599288	1.985059
8.583763	3.370214	5.424491	3.631844	8.721317	8.270869	7.560878	2.055656	3.323411	7.417832	6.919730	7.398655	7.400456	3.097226	5.570429	6.011314	5.976196	3.588741	2.857485	9.596156	2.839295	9.713367	3.528087	7.228942	2.391086	8.708357	7.604639	3.552394	6.824158	5.262337	5.348425	8.556032	5.754727	6.508667	5.538748	6.739700	2.998216	6.947936	9.447442	5.176925	9.613004	5.532077	9.848969	4.074012	9.533611	6.654305	4.952009	8.003912	9.445029	7.142755	4.732833	2.482701	2.154487	6.548447	8.634723	6.423140	5.303007	6.373234	5.245859	2.344212	2.512157	7.892974	6.777063	6.149743	5.130479	8.719747	6.258530	9.310500	3.878053	9.327782	9.288074	9.003673	6.893587	5.668322	2.852974	8.621029	4.815614	5.104814	5.378858	7.225528	9.344243	8.504230	2.111801	2.606734	2.013160	6.410313	8.431631	5.600179	3.327717	9.404572	7.774691	7.047768	7.078884	9.594179	8.917111	7.947550	9.831288	4.071564	5.119927	3.352366	0.000000	7.307589
6.896546	8.793043	4.521416	3.665176	2.744581	2.622730	6.055919	3.771856	5.934423	2.275698	3.227900	9.181382	4.607762	5.958465	8.110846	4.933632	2.353847	8.471612	6.318482	4.766136	5.751596	2.393758	8.747439	7.385437	9.250241	7.938225	9.039099	6.142482	8.299942	9.188784	7.045049	7.123813	5.354832	8.805142	3.372117	8.644275	6.112450	5.750293	6.880211	9.281542	9.419245	2.325690	7.941842	8.008551	5.284799	6.296251	5.757891	3.905342	5.784034	7.406632	5.111499	7.660540	9.534074	4.574069	3.894138	2.287595	3.477162	3.576338	3.575644	7.601701	8.989872	2.371942	7.002292	3.131609	7.547261	5.073713	7.510184	7.089474	3.236447	9.744080	6.092888	7.909481	6.757360	7.241235	4.971357	8.630956	2.605169	9.136464	4.960946	2.621396	6.798943	8.279256	6.593486	6.974709	6.806335	7.427094	8.341294	3.704126	9.282129	6.495770	2.179077	2.168914	6.073852	6.534748	3.947999	6.024183	3.594092	7.072896	4.598516	7.397408	2.114698	0.000000
