21.187941	38.332780	18.395891	23.377649	28.122711	20.315223	21.378936	28.980343	22.927003	12.517451	25.035393	12.203905	28.192825	33.753951	8.979425	32.523733	28.912835	20.066484	37.250934	23.871531	21.994800	32.527057	13.864411	16.066090	19.304107	14.978141	20.107665	32.146516	23.131489	22.456018	30.629156	31.248769	13.282983	36.886771	32.970317	25.944216	32.940121	21.609378	24.627870	8.344048	22.885917	24.822340	22.869002	24.101132	27.082361	35.968260	25.893945	19.893309	18.398561	22.104120	24.136694	27.549172	27.491789	23.806360	10.812958	14.423598	17.028667	38.022391	9.973920	15.282403	31.637951	13.568801
34.454208	24.691893	29.258511	17.791004	13.411512	24.084054	27.920889	29.117043	31.631369	37.475874	14.165384	32.252969	33.395091	36.916940	9.355064	13.237916	24.433882	15.260184	30.736682	34.874899	7.879007	8.887079	15.893861	12.348620	30.116767	13.483619	10.572960	28.824296	19.833453	8.075094	31.076847	28.702980	31.792911	17.171523	17.519074	25.393114	19.323935	11.536146	27.377887	16.166222	14.060808	24.719602	23.824164	9.578749	25.822443	29.927797	30.262817	19.464520	18.754314	25.207726	29.199400	13.329242	20.866192	35.786849	14.622944	36.541344	20.577255	16.884687	29.992288	15.962275	16.192765	33.881188
29.209195	9.855969	37.604321	19.882204	15.071823	15.083512	9.795639	27.244909	23.762331	34.740347	11.139186	35.386062	22.378605	22.154571	20.192961	9.459523	28.910715	19.263451	28.968299	27.757847	35.897300	20.731314	27.801438	22.553767	25.061725	30.811438	15.640864	30.983936	34.807653	22.220147	16.901397	21.445828	37.343474	25.376858	32.576272	34.353348	23.047745	34.966304	37.788400	33.869579	10.004377	27.598616	10.299335	7.907284	15.989371	9.717491	37.579641	10.777310	38.378949	31.955832	31.998574	24.500221	31.562623	24.062673	16.934358	38.322062	26.996300	20.185275	8.818151	37.402538	35.427161	30.675514
35.022781	13.001590	20.060124	38.364776	14.732332	29.528699	35.031934	21.657369	31.083947	19.172757	15.036015	9.933577	23.222287	15.585822	8.903534	22.893863	24.197567	36.927989	35.599674	36.686912	16.023623	12.928215	11.970132	34.649666	30.841663	17.026105	26.802962	12.344650	17.527796	29.485450	30.388008	15.467117	9.630592	36.787830	32.450486	9.607267	34.125216	13.442697	34.662014	27.957739	19.087943	19.772099	38.124871	10.049411	15.464493	26.323926	20.861872	12.124911	29.567664	27.560879	30.860535	17.111398	11.732727	26.536864	18.165509	21.207726	21.144632	24.635642	19.540579	33.321843	17.012764	21.126436
38.557582	21.714512	31.521374	36.522076	36.585404	30.013598	23.156715	25.023049	32.020403	19.521418	30.035506	32.403062	28.227530	28.474382	11.251219	37.858085	29.595278	21.960582	9.973047	8.220269	30.168929	18.493601	33.560880	16.750919	17.822635	32.343290	15.993795	26.329249	20.828163	28.460354	35.421278	25.692246	26.668245	34.650758	33.536964	29.393035	15.701536	10.046274	20.528057	26.086605	31.932834	11.817941	12.523338	27.456230	33.489097	16.200929	16.112806	30.355084	38.160843	14.460588	11.037565	16.460943	7.758440	30.122384	12.819154	17.284013	31.922927	11.798104	18.638288	11.869468	32.584290	23.704290
20.649092	11.456901	11.747554	38.113846	23.613989	25.703144	28.083312	10.872092	29.466983	38.394508	14.358582	30.428664	22.386414	30.077429	34.209652	11.840312	16.599531	8.523505	37.324480	15.961344	12.202771	28.513709	27.401863	19.732621	37.757579	16.899050	21.746405	33.013608	13.518418	9.808998	21.557433	24.455187	29.017458	25.490586	23.096268	30.184726	16.065831	31.756099	24.361154	20.077486	15.707500	32.069735	33.651774	27.383904	9.819848	28.768706	15.290406	36.019657	14.447206	11.088337	36.196165	15.803332	15.723019	21.382877	35.104022	30.390518	16.774491	18.942986	21.227282	26.615027	23.524452	16.442709
31.361394	31.967270	25.604188	17.623561	27.221946	20.809348	33.637756	30.340814	14.752768	13.329514	17.416873	37.702976	11.378843	30.282515	20.177934	33.801798	21.232986	20.785856	24.647539	20.496062	35.754161	28.965591	22.395249	13.074087	34.320605	30.470074	30.453865	21.681951	9.168024	24.768817	11.534959	16.499370	21.483882	27.931580	15.817470	25.788550	19.250975	31.584157	29.827915	37.121382	34.875421	27.189541	25.073442	34.138765	18.645610	31.030148	15.566184	19.741679	22.236164	34.593303	33.461391	25.949597	36.779663	30.144668	21.798990	32.037611	33.419348	15.983958	10.264946	22.981282	13.098498	27.652372
37.344339	14.417856	31.529537	10.517570	38.458529	23.427315	36.231930	35.814049	19.904033	13.505596	13.591959	20.946631	36.568584	16.931725	18.753500	10.904455	38.463440	17.170353	18.094453	34.490108	22.612035	19.832799	11.454898	10.512771	26.083187	22.157615	31.397109	15.959446	16.297149	8.667560	22.316947	32.517952	13.840425	32.002015	31.957293	36.377726	20.463836	24.750833	29.509393	17.604728	13.247930	17.426520	37.762802	8.366876	11.457704	33.191246	11.486702	11.659799	25.130204	31.794383	32.504023	9.722229	32.853091	9.464635	11.442059	25.255242	12.105430	28.963355	25.217258	26.417341	29.397762	14.808312
22.366159	28.922759	12.906376	17.241556	22.751783	37.425434	29.271714	24.095337	21.190960	24.041943	24.642146	30.993030	33.928227	8.510496	30.282401	37.896381	31.397155	11.338932	15.954761	33.280894	36.038952	21.583810	14.518729	35.504221	25.881406	12.625630	22.467396	33.438018	11.987575	29.561710	38.495948	19.483712	12.433509	18.913347	8.357389	15.857267	19.712829	12.541276	33.422273	36.386485	29.910911	12.806571	17.307327	7.783863	8.543875	26.646459	25.524210	36.395806	14.332673	17.389861	12.862701	18.484389	16.473643	30.830980	34.230963	15.250334	32.312434	16.931479	37.224730	28.017817	36.602123	19.243112
29.183203	33.154797	24.284202	30.567642	15.267261	21.630212	25.428083	9.759675	14.179891	35.093384	8.135867	38.289429	27.609946	27.811178	24.992500	20.958711	14.180210	21.605699	16.856844	10.250014	24.116760	33.917909	17.746753	20.007796	14.313081	10.043287	22.823209	11.053427	20.120953	28.252333	36.122302	18.545293	36.035066	32.269425	9.022769	31.152967	31.946428	8.367794	35.414291	13.538510	18.297416	26.631519	36.843422	8.420923	25.973009	31.283147	17.751227	37.167673	12.271086	31.120732	17.630332	20.657967	23.272699	38.345759	14.395738	19.999611	14.110538	34.675913	26.814259	34.668038	20.317179	23.324004
22.365615	37.528750	24.295969	11.629672	27.443369	34.582512	23.014470	17.684322	8.110653	14.333172	17.829531	20.483309	23.512614	31.084069	14.383878	25.665693	9.980393	37.832104	15.919205	26.906577	33.792914	33.856333	11.635289	21.271756	15.996379	17.603470	12.081725	13.709217	34.585810	13.581849	25.009141	21.433232	22.746032	24.251462	32.733798	25.449386	29.532473	28.417150	14.366915	12.760611	14.987643	28.693939	21.273462	30.609914	21.981082	32.043120	35.701757	36.269947	34.291825	18.985046	35.630195	26.050578	9.946556	24.776527	11.764742	21.277392	9.786257	26.673995	10.486960	16.287259	29.479428	24.586929
13.653769	24.851625	28.670682	10.280219	10.916284	25.809763	24.747967	23.899062	31.006946	13.507061	21.898948	9.581574	34.240810	20.379608	36.962082	9.254073	36.684890	33.320269	27.993058	10.585567	28.809438	18.910245	23.855792	35.345060	28.512684	22.797743	19.232792	29.462587	33.817875	10.229104	12.660060	7.770088	14.276526	37.345667	37.086392	32.307551	29.142628	29.236818	25.295021	7.990619	32.990625	18.341113	13.121109	31.913408	10.735787	12.865631	38.726777	27.973492	35.105514	22.642070	32.252356	12.112242	16.407126	33.139791	22.879322	9.468263	10.289005	22.376993	13.022209	8.623406	26.804875	21.776614
18.063776	23.532367	16.684882	18.247079	14.303459	21.954827	24.016236	20.951780	31.953036	24.426560	35.489934	35.172981	35.907589	11.390075	38.307998	34.215610	10.876695	9.603655	38.592716	19.127689	13.928962	8.133013	13.558932	27.325432	32.476063	36.659356	37.580940	23.878938	19.660060	21.095597	32.858316	12.335701	32.094831	26.783632	27.940531	34.770008	10.418132	24.560731	26.645687	30.703155	19.726133	27.108789	11.161748	14.554974	11.620888	32.994665	25.358443	13.958440	22.492626	11.414310	37.004779	23.476328	30.166599	28.155313	37.374072	16.886432	21.206560	9.258845	13.021621	17.992186	30.982274	37.052205
20.189400	29.670698	35.102635	33.666855	29.172007	35.630462	13.647354	27.496258	35.976382	8.601613	16.906021	30.818137	30.426988	10.703732	35.300927	8.745994	38.575935	21.982213	8.978391	35.982850	31.399744	36.791943	36.534297	18.162626	15.075852	34.962747	11.528970	30.604822	14.240020	31.860047	25.788408	25.023007	19.960888	27.296373	7.890406	29.421301	7.853559	8.457522	26.062852	24.607614	15.181388	19.639730	27.457650	33.805101	25.471641	25.911061	31.632733	30.313161	9.007776	24.397498	25.678055	8.337411	8.583707	12.064565	23.745501	8.964408	18.934504	15.172717	8.526185	14.758207	28.752813	12.792696
22.542585	8.736431	26.962016	21.743058	35.541727	28.315564	19.906650	25.454567	15.477601	17.341185	28.668381	13.619013	28.496792	11.622277	29.575280	32.725793	26.890619	33.350843	19.773020	18.513860	21.121476	10.865723	15.044591	29.800525	28.901842	28.981531	23.792071	34.965538	16.348738	36.689211	19.667601	36.712700	24.986756	32.581536	14.488119	10.955185	16.294611	27.350595	18.789693	32.669141	32.090599	9.383045	12.933835	20.431963	37.653881	16.480990	23.980687	20.925828	17.340706	26.082220	21.239579	12.346133	24.381371	15.264954	34.161628	31.979000	35.191631	12.943252	31.813811	38.601710	35.721511	16.491172
9.307099	17.780619	24.772581	20.423571	33.666066	24.908006	17.447802	16.249035	16.500764	31.432936	33.568564	24.257958	38.604971	34.597095	17.101361	20.312196	38.608320	22.172077	26.961338	33.590253	30.952627	13.180246	9.476598	21.280341	28.776226	11.498844	8.211434	24.219980	31.425146	32.257492	19.559221	30.690711	10.481043	26.526921	31.969558	27.151174	14.346032	11.686977	17.533108	9.939753	33.072046	20.425695	9.362135	25.572447	37.644687	9.327280	22.042771	20.005864	21.604528	30.191103	22.662787	32.126605	24.116026	17.367990	36.715331	28.839430	31.811568	28.570942	9.542301	18.001735	27.448017	25.480792
37.054157	12.610840	34.315919	23.153244	35.137545	25.310639	9.638713	37.360414	29.365811	26.228614	7.999254	20.155587	24.588655	9.411820	33.910855	15.101821	9.543187	14.718546	16.736980	23.520828	30.300096	31.231080	22.754167	14.628446	29.643882	8.671883	12.269031	12.704542	30.228345	33.730656	23.051301	36.016699	22.583313	32.279930	12.869844	29.456771	11.911501	31.689504	9.788852	24.558464	32.958411	24.225807	32.107324	33.658544	33.544228	25.193537	27.052266	33.718793	15.305271	11.482569	27.510645	35.079527	34.246704	17.839413	29.750598	25.622362	32.514071	27.668873	20.240139	24.082598	23.769299	11.488142
17.162410	32.810633	25.478714	28.272521	36.722285	13.506751	22.308440	26.296325	8.027812	33.278653	10.292653	14.333752	18.863828	13.353971	30.871828	29.510586	26.796726	18.108000	33.440438	14.790104	25.373610	24.590492	17.309643	37.093665	34.487035	21.013708	24.256333	20.750671	20.960867	19.450349	36.305820	13.232396	37.225711	24.446616	18.077113	13.491336	35.760863	12.676981	13.823836	32.427751	19.302822	34.087026	22.039201	38.738469	18.060663	36.324157	16.622775	28.333018	12.990057	31.934076	37.347033	27.451516	19.570516	32.303565	10.033489	9.857011	17.755031	25.645979	25.936129	38.313882	26.760115	9.271549
26.405930	17.814143	15.707850	28.628131	7.829489	20.460574	10.027126	7.825294	19.217726	33.317225	12.792142	28.379302	32.670073	32.773970	17.095717	8.987827	22.162786	7.986367	15.616463	23.533435	29.030754	12.606897	25.908109	18.262746	15.411144	34.620192	38.221501	32.182268	35.646016	16.265409	30.505048	31.386497	18.950918	37.372224	32.787638	26.868943	29.675163	11.240098	17.977034	32.884038	16.397142	32.158007	12.998989	36.961727	38.172190	26.283761	22.303452	30.399530	15.335620	16.008362	28.078406	34.045019	36.385496	21.922610	23.920977	35.081151	34.107151	27.004601	15.585750	24.436047	33.329408	27.680524
31.417835	30.666620	35.526708	24.903401	15.148479	19.396859	26.551273	11.089388	28.930824	17.021368	26.614525	8.399562	14.544297	29.265323	11.417871	20.513324	30.325154	11.512934	12.748547	16.522877	15.600828	8.550234	13.712452	20.842115	34.466107	33.026610	12.455175	30.735521	29.969240	11.394279	13.760240	24.377611	32.970612	37.596665	17.401036	13.286261	33.014120	19.162660	33.959735	8.797060	29.499561	9.516827	35.069603	31.996018	37.547762	38.228391	22.508191	14.942498	16.745051	16.010060	36.062619	12.780259	20.551253	11.895315	7.787598	15.050477	32.925691	28.383225	21.399410	25.682813	21.183236	9.540856
32.958493	34.209508	36.060316	29.276769	27.564614	37.755205	31.126585	16.011631	10.611581	23.182431	17.021774	29.669848	27.571197	12.248860	25.701215	31.939068	16.025241	19.354883	38.475979	32.767280	37.515023	16.979195	19.470633	10.113674	25.619387	21.904746	28.528405	16.507944	15.305819	24.409206	15.778208	24.275673	36.922620	22.199468	37.167916	32.352700	20.787814	34.427549	26.461518	24.988408	17.410408	29.000696	24.318359	24.893419	18.027603	10.775063	23.691074	28.924297	11.382091	11.040726	37.693702	30.623675	14.937621	29.580524	13.887394	13.697482	12.508885	23.758803	24.028435	16.718378	16.420928	35.908290
28.536101	13.208950	35.134153	8.395180	33.223200	36.444309	27.341805	15.012113	12.513412	37.032382	17.039134	30.702855	24.461302	13.057537	14.040490	16.502566	38.699988	18.281891	8.310763	15.820139	12.505363	36.262578	8.242266	16.944744	19.590515	9.663260	12.311549	36.993485	25.013921	31.799709	22.326845	12.355112	18.262549	21.600742	32.082211	15.105757	23.172235	26.514797	10.299459	28.343077	33.569697	12.298548	33.197681	19.143195	10.213089	32.851334	34.887719	20.795206	33.589604	15.626922	26.799126	24.360979	34.485289	20.573668	8.988329	23.705005	35.745884	31.634533	19.271010	22.701421	14.798490	25.157765
34.552331	16.728718	30.315918	26.968782	38.161470	27.076965	14.660110	23.536931	25.866889	8.208139	23.575514	10.663502	27.241549	25.876763	23.559328	9.802578	10.878879	27.748274	19.157550	7.837045	34.529091	36.716405	25.546438	32.226074	12.050690	18.665263	28.515603	18.308384	10.693593	9.875041	32.573646	30.383759	7.994482	33.530545	38.374268	20.078108	36.961977	26.660553	25.826510	19.284030	24.555246	30.180923	26.116514	30.979549	34.596655	27.761998	23.341450	8.591143	15.000140	22.923694	34.088425	19.007343	16.815232	11.064063	7.822827	14.118585	28.210197	32.154271	31.361570	29.444881	18.284611	23.165804
27.430512	29.242633	12.925275	35.799554	20.202580	20.819902	24.802988	27.021429	29.074397	20.548771	38.564492	25.445429	12.606017	7.918155	36.534861	29.327146	33.365763	24.375586	11.526556	26.439375	13.746502	19.492980	27.813328	30.342233	24.653697	23.164160	24.018961	37.202035	18.928839	19.801222	30.404851	17.747315	25.785557	23.203505	21.941776	28.643612	33.629749	21.332023	34.811431	9.074090	36.113978	14.990744	18.634791	27.146151	35.312011	24.629900	10.064496	15.776751	38.494545	17.767354	25.219353	36.417925	23.341347	8.569978	11.861411	17.877385	11.352648	25.252223	17.988288	35.872271	14.796759	14.901970
36.162312	24.467473	29.002583	13.082729	32.836313	36.005547	16.741265	20.654750	30.392935	29.039802	36.899254	31.261543	9.771876	27.201358	11.295634	31.074014	23.140537	27.194089	12.421909	17.594229	20.477496	25.457267	14.231777	25.866918	10.895241	38.069736	13.370446	22.193160	27.140431	16.467892	18.300725	35.580951	12.530227	15.586170	9.074653	24.984819	29.928551	21.453689	33.011713	12.134367	14.753684	9.288897	22.031528	35.756280	38.474106	15.975374	21.375959	11.905809	12.487192	27.412081	32.367461	33.739945	25.413012	29.947122	26.129832	24.085660	38.372447	38.350052	36.453800	35.184138	20.949879	19.293508
13.459846	11.497128	8.576411	10.101395	10.967815	35.295563	17.665977	22.705133	32.261150	27.161183	38.102458	10.045008	35.738893	17.325579	23.533706	36.843459	21.701181	18.445083	20.627559	25.645693	32.804343	36.808515	11.392561	32.914931	28.297214	23.576949	22.351755	19.618857	15.384239	29.964099	31.331989	21.331117	17.616989	19.077764	38.290314	20.888754	33.211165	36.185718	15.740025	30.282837	22.544533	19.387995	10.434956	12.248931	37.570278	25.043367	27.994112	36.092227	33.312017	38.622922	27.652840	27.135300	28.521287	30.938210	33.466318	29.930941	25.781757	31.026386	32.738528	17.984377	12.580081	34.433592
23.483225	15.255367	32.387483	23.190922	23.917704	17.011927	20.801796	28.588108	21.704181	22.959098	11.116326	23.772340	11.789499	34.404600	8.115633	10.741966	16.514558	30.811987	20.174883	35.215075	19.462351	17.729131	23.413757	13.594566	22.502610	31.306706	13.138672	9.569721	35.523890	35.836731	16.328245	19.781386	17.337946	18.087142	29.009089	22.313942	31.629917	34.188231	22.097583	11.322546	18.503164	12.170884	18.889483	12.011602	11.647943	17.126134	33.187391	27.358453	24.552916	15.734118	11.618543	7.840779	19.979714	30.556720	24.345532	25.129130	35.303998	36.921507	10.788202	22.918561	12.365995	11.512120
20.114642	29.637328	24.336922	25.860396	34.430419	25.315960	37.138550	16.052855	31.885253	30.894902	26.230624	21.092297	32.892551	22.818225	11.667275	10.684315	31.304780	11.506701	24.856151	24.790688	21.476435	19.981565	23.331604	9.809918	17.816578	24.979787	33.014233	22.438120	11.562692	25.427938	9.625076	34.823449	13.115846	20.449608	10.785107	23.083411	10.754356	38.328821	27.835352	20.361018	17.645592	22.772032	25.847427	14.058478	24.294526	25.346012	17.294995	23.550560	17.179301	8.446486	16.742825	15.756630	33.583260	17.235203	26.734006	28.661955	8.136255	33.830881	12.622945	22.936809	28.041808	38.303245
36.327286	33.014210	14.446987	26.360072	13.814370	22.654638	22.261877	15.626023	34.524305	16.142491	13.321909	28.259232	37.265533	31.257033	14.886972	13.168634	23.957103	35.283166	34.833489	12.370462	10.444116	31.628798	11.999568	27.880252	30.534301	9.514022	9.935750	8.020138	28.389486	37.592680	22.687943	8.512895	19.620144	37.235807	21.993034	12.353947	37.105874	18.165104	34.557336	36.616597	18.077498	25.611228	24.876782	17.568336	35.222418	12.558207	37.972666	9.468911	28.376580	35.607982	16.219188	38.665193	32.311890	20.971659	15.912391	33.664819	21.217927	9.030085	25.931697	31.139425	34.446574	17.587498
38.675843	8.598133	11.242042	15.510678	34.987642	15.499713	35.773379	20.627674	25.952017	10.017616	35.739839	30.467851	21.406238	33.671485	18.539238	20.911387	38.287088	25.209082	35.231159	9.987183	15.954230	32.638265	19.895501	20.149557	38.223935	35.059626	22.940745	27.529204	37.612410	32.264980	37.369452	35.848463	10.433316	21.065005	27.729225	30.225114	15.899280	20.686573	26.208549	19.637976	8.394808	35.135705	16.777769	23.127866	27.320427	24.598060	20.605159	12.931079	36.720950	32.034538	18.985424	23.423530	37.857950	12.660078	29.147349	9.277122	10.327511	32.221582	24.986521	16.115368	16.306319	13.718265
28.041992	22.400344	31.439412	17.710574	35.182370	9.441621	9.730178	28.743737	12.077064	17.022624	14.307218	18.162018	25.137233	16.276272	10.465063	16.591436	30.548311	34.481822	20.193007	18.484303	35.162451	34.455286	28.348890	30.985966	32.366531	37.218130	32.430656	25.966832	14.307748	18.872224	17.738607	14.371545	15.080288	24.296398	20.483127	24.234090	27.147362	28.633875	28.255359	26.963473	29.652299	26.948015	30.623143	13.381189	24.606237	34.741934	26.535083	17.881847	28.176229	29.941486	17.813616	30.741344	20.566974	15.340287	22.681834	14.514410	31.916377	21.951853	25.012662	14.822151	14.741840	37.414676
18.136201	27.268230	19.357768	12.291130	32.616704	12.829172	8.486339	35.447583	36.513587	24.400880	26.929385	27.380819	24.314387	8.784848	16.568138	36.792464	37.121108	8.510513	36.715582	36.347381	29.679736	31.727751	21.672211	8.951932	35.414887	22.058984	29.604217	38.273467	34.538351	9.693481	21.917237	9.077597	38.194863	10.314423	37.853049	29.640346	19.589059	20.533327	24.202262	18.715362	15.972292	15.163831	24.825092	29.092793	31.652071	17.880609	13.826413	11.407989	9.162616	12.010992	17.755258	23.405880	24.232697	12.344112	13.085212	33.365743	21.489409	30.821737	25.646879	38.675919	11.444661	13.069764
16.080836	33.234149	14.919355	21.749560	13.021909	23.664354	24.436847	28.803023	32.856446	32.554788	26.333230	37.991606	29.237142	33.303782	37.504950	32.515334	14.417639	36.270824	21.526555	18.018726	36.157598	9.701601	34.072915	12.237135	30.291095	17.754792	24.751445	15.174786	18.342621	21.794902	20.226964	14.041743	26.761590	8.777841	31.139242	34.063326	32.259409	24.069451	20.773261	24.101619	14.141957	27.307703	15.902600	24.824302	13.142500	16.960820	13.178127	25.899782	37.773020	32.816939	34.514083	38.267492	18.937921	21.003092	20.694217	23.507553	7.887519	30.092477	32.567308	31.115829	21.708113	12.514914
28.256786	23.317199	14.926316	23.678836	9.597143	15.789301	15.860272	37.004579	13.739342	23.405843	22.863672	25.392974	25.492450	22.418296	20.003507	30.409183	11.165779	16.332840	37.114657	13.109036	33.398942	14.841599	13.009412	27.800587	22.996922	28.376658	18.249027	20.555059	9.631593	12.527455	34.228839	36.593014	36.556075	25.455534	10.211694	15.920365	24.693632	11.670532	34.087711	33.529832	17.682992	13.880281	16.468374	35.331207	38.213656	8.373304	37.380877	27.902051	24.509340	16.838659	22.602142	8.396828	21.551014	27.018487	32.199910	23.356832	33.500164	20.500093	12.221489	29.874225	31.767721	14.911836
37.572183	25.204938	32.179124	20.017566	32.358475	35.903744	19.799057	18.102899	35.694976	32.923813	16.449448	33.543814	14.803088	25.047544	13.683340	34.879243	30.601235	16.224373	21.025499	29.997759	25.312085	20.290241	17.515871	10.517834	24.635344	28.443115	18.636379	11.766293	29.692196	11.977882	26.804831	26.034901	21.890736	31.829604	34.522164	16.389707	22.276952	36.665195	24.279646	30.391644	29.366333	21.430508	14.286674	14.349753	33.860815	18.345724	11.418353	16.098618	24.666754	15.253162	16.235759	21.946854	32.631980	29.053431	18.495823	16.355307	17.896352	27.544756	31.275128	23.225955	11.989569	30.894484
37.468643	15.713540	30.470818	11.688539	9.958264	18.956928	28.628225	25.039427	17.144036	30.301764	34.336802	15.189616	14.578077	28.908030	34.472504	9.706414	19.826710	21.173551	17.183561	38.729467	22.489462	37.499559	27.337759	38.452381	31.472416	25.092520	23.234995	36.395460	16.521467	21.162492	14.058883	27.652021	38.439984	37.429475	27.127909	13.022395	8.947203	8.800160	30.107489	15.638820	11.920272	35.229125	23.254174	10.833527	17.600936	35.203307	19.594170	23.028069	38.077839	10.929820	18.665248	13.336616	33.279510	36.579205	26.190890	32.188354	29.340387	25.637396	33.348918	23.497535	8.849039	38.330372
37.299778	30.875475	35.118456	37.736053	22.022417	13.020871	23.360469	27.053127	31.947091	38.336261	13.483025	26.842314	28.019615	38.210115	22.640425	32.310402	13.585823	31.000823	10.726233	17.761335	28.904909	21.193467	16.324855	17.909898	19.630300	36.813320	30.378291	31.559862	30.564411	27.987949	8.583578	37.996287	25.234499	31.391299	35.750213	18.923492	20.823307	14.086102	31.052315	17.643337	30.783537	15.227815	13.121679	31.307642	15.162351	31.953539	10.494954	37.995857	37.001736	34.079742	37.103288	21.058357	25.992079	38.170330	8.850633	25.193171	11.606509	10.423725	17.497305	25.941292	21.626904	7.973977
31.324372	33.955095	32.654624	38.671033	33.189611	24.812426	38.510872	11.683708	26.259242	34.298406	10.603634	29.177977	25.796806	33.015935	18.061492	34.719714	22.510833	12.559748	29.725732	29.338203	26.029599	12.525685	22.831627	27.432353	34.657392	21.825094	34.037034	31.025580	19.787882	10.690795	23.094143	22.096126	21.158268	29.968310	12.785903	21.750680	24.072775	25.763125	24.944661	14.798249	29.945293	23.840827	20.737797	31.086807	14.042400	25.994729	14.784891	21.244436	29.820508	25.036389	13.566632	26.341381	33.666229	7.784195	8.572076	10.099594	23.167150	9.079863	28.508173	16.358689	31.692552	14.778115
23.777230	11.290411	28.886353	22.377753	22.956751	14.097623	30.146340	14.396528	17.292548	14.806142	26.759103	12.117384	38.471087	24.252775	31.258578	34.739171	20.875547	8.832027	19.524019	29.336346	34.462738	20.402806	11.385623	17.662653	24.668435	34.271428	18.999225	16.817628	37.820050	14.854927	22.994359	20.014376	9.421277	36.705778	24.605471	17.442380	18.523438	13.901445	7.960274	35.152439	11.185317	21.845953	17.568282	14.714844	16.934966	25.781946	29.823373	12.117033	20.949738	35.772181	23.579537	36.657359	38.475315	32.261333	18.416896	29.133804	32.241079	29.072274	27.100667	11.182319	24.986815	36.011653
31.931517	34.452002	23.509597	23.038713	31.247789	37.587654	30.554226	28.674751	14.214827	32.728167	21.475932	8.854182	36.290780	9.116143	26.358779	31.583314	23.541350	19.001979	10.202862	10.405661	26.529464	28.535417	7.884025	26.546269	34.143511	18.096253	20.106638	14.696154	14.933467	7.981296	27.787808	18.487449	37.153418	10.065734	11.550251	8.622211	32.845895	19.899767	11.923333	18.371841	11.558938	34.504645	12.501877	33.874149	19.281393	35.511546	14.547815	33.123122	29.536617	11.147355	20.095520	22.254022	29.979477	30.978214	32.534414	38.275056	17.067365	18.453441	30.895181	28.858857	18.084445	30.337387
35.510001	24.801408	18.888339	10.196027	20.892372	19.700443	22.934297	19.266335	10.971575	27.520394	26.532032	24.053173	11.577780	11.671237	35.128389	7.956230	27.175766	33.110738	27.093494	33.241979	34.274580	30.461889	23.848127	15.381291	26.434159	19.815628	12.114179	34.065898	14.370261	14.321355	12.136583	31.328379	19.713849	11.282914	38.533727	14.262048	30.390086	16.018675	18.379818	11.624701	30.571550	30.994705	13.043445	20.838334	12.983782	31.264417	8.015861	19.647643	14.370449	12.367872	25.638933	28.344841	33.105457	25.332120	23.338923	30.137049	20.945170	35.391324	36.345136	22.730870	35.776286	31.143077
10.302987	19.700008	21.219654	28.507122	13.518337	36.445100	15.079809	31.368285	32.975377	10.283348	13.668973	15.981045	32.875734	29.578780	20.450686	11.458393	18.806744	33.670575	38.353622	23.177264	29.642039	17.806603	30.700208	14.793742	15.724099	18.951270	34.338266	19.210024	9.043163	18.547698	25.671870	37.236328	17.583944	23.683111	20.085012	28.101489	26.836346	31.438476	33.144623	29.779344	28.879918	19.306447	27.653053	31.022409	15.651548	14.888041	21.075248	24.094650	33.849365	29.582090	35.511483	32.683374	37.573816	32.860083	36.485682	11.641522	10.701241	20.127620	24.210122	11.950513	11.325832	31.555357
32.025291	24.732583	27.513494	10.067726	17.666965	11.750510	28.601211	21.038982	26.048219	13.704633	30.588819	22.494262	32.318139	25.977604	37.873963	33.384200	35.107517	23.090537	27.441444	25.315489	18.944910	16.521052	33.773549	18.231987	14.232920	21.781411	30.921529	19.537732	35.804506	37.942064	33.457485	23.948753	31.398617	11.056164	35.912611	19.375959	8.454178	35.242270	9.878119	9.678802	8.873377	29.692036	26.962892	33.217893	25.090128	13.281190	20.583710	31.445418	24.040910	13.167362	31.569952	24.753363	24.050840	30.690331	26.965031	36.624992	25.301631	33.236003	33.564163	25.506893	25.792125	25.814157
14.693172	28.578458	7.829510	32.096524	13.944156	30.743625	34.367754	15.608359	38.592212	23.205323	35.841589	35.093431	8.414996	38.028135	20.085362	30.726799	27.948572	31.195907	11.726053	27.331391	16.595436	35.288949	34.721077	13.309478	12.795021	21.758664	22.884833	15.204381	25.127162	38.358862	22.653149	22.088495	23.973845	15.460199	21.654782	18.042021	18.338150	28.686185	31.395853	16.941852	9.446964	27.786974	13.989159	20.254391	32.938274	30.638546	30.322488	9.390262	26.697766	31.328532	34.356830	17.394671	38.217410	35.717371	13.840058	14.817049	20.259895	35.171311	7.971706	27.761616	24.655437	31.442066
12.062065	37.185742	16.406827	35.609729	28.935459	18.642690	24.155847	11.674896	28.810753	13.758629	8.504707	21.467789	15.248384	36.975977	17.905955	29.114016	33.838912	12.552827	30.977304	12.111737	13.406578	22.529318	19.426631	11.953266	33.752355	35.135020	10.305597	25.643701	30.571383	27.455959	11.695795	15.321220	35.489770	15.188407	21.790375	27.780493	29.810331	18.297693	21.461462	16.370787	38.164771	33.706050	29.639470	15.856610	30.599190	23.694105	24.927052	19.032960	33.397205	10.278411	36.594670	20.656674	35.437928	12.997782	16.713686	32.735569	33.764429	15.319893	17.347778	37.239105	28.689108	29.165959
17.558805	10.348488	11.549823	9.627178	29.109337	26.745892	37.776454	35.158864	32.760110	16.475945	30.357961	27.425119	18.868867	15.024173	9.124129	14.154579	15.686937	20.846099	9.739190	34.990301	31.709559	37.057190	18.489176	23.790140	14.996872	31.271733	15.834080	34.843670	10.553432	36.047001	38.362158	9.566840	25.672380	34.218430	20.340302	14.429030	12.272985	13.084479	16.888073	11.644857	15.396001	31.352960	22.689907	18.934214	27.499342	15.411297	11.761854	24.401062	23.115106	27.188424	26.242776	22.277583	34.840527	27.068498	24.842888	9.106132	34.928775	32.975453	17.193629	9.102415	37.807494	13.076239
33.658909	13.644314	34.141108	10.351900	11.128946	31.869296	11.018483	21.079820	15.558872	17.088797	30.015387	35.456027	23.313814	16.399288	26.294684	30.598042	23.480606	15.262499	37.024637	17.717127	31.674864	26.038147	32.841207	9.514522	12.960956	9.794368	24.036718	15.255983	7.805482	24.285768	35.357248	27.619028	29.108690	34.974492	28.041066	34.668236	27.515067	34.009517	25.964358	17.671832	27.492162	9.013427	28.231265	28.120973	16.932990	34.605310	34.811529	17.354118	28.181086	16.421481	9.099812	21.239310	16.883129	30.982065	11.244046	32.253565	18.165684	23.234759	16.209998	12.738953	26.339271	9.929721
26.966272	30.994302	15.958139	20.965408	34.188027	15.322607	36.082641	32.385946	12.870474	19.931458	13.345325	24.467464	28.889845	22.033415	13.519384	16.023828	23.313500	27.123699	15.979523	38.656862	10.006682	26.362859	8.766149	23.110262	26.987382	21.905906	33.870454	19.890725	27.333944	10.929238	13.144010	35.230327	29.598216	33.480021	20.854745	10.341413	22.773332	10.657141	18.029903	30.672221	28.659096	28.830495	11.225277	22.338297	35.542227	11.544222	12.913740	16.091763	29.166414	13.214549	36.467978	15.051904	12.764960	31.759330	12.826799	11.312095	7.932593	16.393766	30.533669	11.704441	23.459290	10.305933
38.471788	22.171403	13.559727	27.968275	10.639835	35.027959	25.040957	36.293492	15.049212	17.984404	20.955572	36.857862	28.684206	28.091933	12.801162	29.775228	22.665193	36.109769	22.396953	14.376118	32.996212	24.778998	22.780423	31.874264	21.160761	29.987983	34.672251	12.237953	22.217976	37.377208	13.315057	18.187773	8.505976	36.128628	26.070918	27.146793	24.796023	37.256123	10.659583	8.729197	11.420402	19.751208	32.421187	28.185168	17.211056	8.190208	26.651561	31.554601	35.042967	38.310764	29.458914	16.344861	27.958504	16.930147	13.480298	13.753309	19.667066	17.350292	19.468963	22.246319	16.104448	28.233289
11.778883	26.928422	29.938584	10.947014	25.061790	35.400655	27.642878	38.603936	15.190850	36.973050	37.400118	27.082768	27.363355	23.222658	32.064225	18.904336	15.994406	35.042002	36.903029	24.659278	19.315107	23.716638	13.021989	13.964469	11.265266	22.153222	29.157719	33.783239	27.714816	27.071443	9.622210	8.271660	16.894517	11.439220	33.951887	28.008392	13.205754	21.047860	10.706836	25.644667	11.480312	16.254759	28.439594	25.540699	25.778741	36.988912	17.541430	17.337677	36.524682	13.412094	14.853348	11.366212	26.812426	11.821208	10.751772	14.526913	7.908975	25.438159	25.295043	34.307912	14.634441	26.525999
12.974372	12.341008	17.209331	17.255463	30.665959	20.111400	24.697028	16.290124	14.672335	9.595894	19.922949	21.119988	29.165481	23.065535	28.364506	23.740867	11.280414	26.408664	18.020558	34.458066	27.983432	37.791983	25.905943	35.203156	28.633027	38.410436	37.479189	24.852378	26.929817	9.236719	15.850852	29.770560	7.939689	26.067531	9.107961	31.131339	23.040376	16.344767	15.865775	35.530053	15.251512	31.792165	37.152424	8.362855	35.720219	25.320819	24.337695	38.056756	9.328996	32.914955	25.948559	7.913390	8.190756	32.203608	27.742951	36.533180	32.226146	25.263614	21.952723	28.162301	10.910553	21.183196
28.683002	9.113017	30.617336	19.479254	21.197369	30.502128	34.060217	33.577404	28.233420	15.135894	23.619788	29.166028	35.873901	35.531455	18.970077	15.214965	21.311574	21.060240	32.184736	26.842673	30.690096	21.724185	36.840269	18.329519	31.119977	15.165927	8.597866	22.572072	9.148477	20.866042	13.480421	21.169384	24.519071	11.377155	18.933008	21.991777	17.000860	38.354953	26.727125	33.430980	9.212162	38.130232	22.981544	8.640821	11.522412	18.238741	32.265666	17.847824	31.082173	12.172043	20.109857	36.569164	9.999073	10.443314	17.645841	33.537851	17.612667	36.858016	24.174233	15.709462	25.602949	25.935544
25.164932	8.487135	8.589218	12.710794	13.389017	18.766067	17.925016	13.030555	11.242061	21.160284	11.176727	11.160741	32.994433	15.322472	8.250613	21.823756	33.093753	32.283317	36.429434	29.883629	36.004906	9.758532	22.972338	11.274745	34.255246	27.554821	21.432215	26.857528	17.106480	35.800941	10.666868	15.651465	8.104775	11.627842	21.667832	16.368486	32.275716	20.602851	36.648285	29.281807	11.680950	19.731391	19.379962	22.215249	38.607982	19.130839	37.308749	15.219551	15.293123	10.322879	23.282144	31.150575	8.029896	30.487335	11.638294	27.546421	21.318595	17.480956	28.097507	33.464217	31.666903	25.779795
35.668963	32.409861	24.219369	22.316490	14.563898	9.634799	35.922261	32.412400	37.293811	25.245020	26.152488	37.055402	14.034034	8.313551	33.201639	13.168655	9.946240	11.930635	32.519056	18.026519	35.515736	32.624652	32.387486	13.556091	16.458054	30.784303	13.915350	27.628535	32.246248	25.772206	25.977773	12.693901	27.722385	9.437691	28.016579	23.243573	22.365854	37.309609	34.833954	36.338657	22.664648	30.384056	10.964616	10.845977	13.534612	12.466824	22.378735	14.857000	30.837351	25.206363	27.838546	13.869551	26.823193	24.209636	11.492138	37.228079	31.802812	23.831490	33.083014	24.248158	36.697623	25.929444
9.756906	21.794021	34.213191	12.922197	33.527525	10.083911	23.007508	9.970451	9.026346	38.647638	18.852510	18.222479	11.675192	9.917529	16.811656	18.086749	37.901615	20.324001	13.436019	25.411069	23.035019	33.989659	19.041980	32.599759	17.426835	29.995463	33.999940	12.458018	13.136421	24.827312	33.620260	8.980322	26.613026	11.756031	37.855358	23.077321	24.742880	33.200018	11.162074	16.482832	14.225301	24.114719	28.021018	12.530614	34.238128	32.913468	22.089350	12.670801	11.283860	38.371805	23.771936	21.046043	19.012227	19.393502	16.991846	9.168112	19.362978	25.408813	24.308896	18.128266	27.986122	18.896411
31.397789	37.960633	19.708532	23.487336	10.525890	29.613891	12.020276	8.414837	22.915135	23.263658	12.197244	16.488932	32.536470	11.143574	12.999709	30.645557	9.577344	18.680551	17.474076	33.654983	27.692886	37.385016	10.998821	25.911116	32.079603	16.337103	17.756600	14.253182	12.047819	29.433748	19.896699	30.427959	7.968922	10.893111	7.869123	27.423462	8.697299	25.570428	32.548753	34.432635	24.610385	24.286171	31.460556	21.657417	14.597401	28.970987	38.401716	34.096947	26.288418	20.121408	35.303006	28.761347	35.433373	31.009452	23.602562	14.214258	15.928049	16.988970	29.695773	35.614575	30.183968	14.175123
15.009764	13.253940	22.593339	23.685518	37.239717	32.999757	9.411485	25.170962	28.496212	16.010190	23.472928	24.437334	34.282604	8.132473	10.922753	22.106005	9.721042	32.703511	26.684119	18.452357	32.993396	16.248000	18.540390	30.957845	37.447721	17.362621	15.302353	31.158037	14.343105	11.544229	37.320898	26.268122	25.923911	14.531386	11.510675	12.201879	28.337717	35.460776	20.160188	11.975723	24.674482	34.638202	38.431990	29.488887	20.610736	13.764140	8.305591	32.976219	24.204214	35.167784	27.166966	21.596356	18.995287	35.675548	21.649032	16.479522	25.429223	10.327338	9.229254	26.483107	33.195999	10.284832
17.168494	22.066260	36.240972	16.036684	28.436832	24.254351	27.191647	24.175171	32.194603	27.375065	17.490641	37.490874	30.910237	22.440299	13.644130	26.929956	32.086993	27.703022	12.739730	24.913775	38.288826	14.759280	32.874865	27.298435	36.985628	14.322797	25.954400	12.785995	34.239480	11.399954	17.948042	9.787342	15.546904	23.070882	9.289139	20.336735	14.428280	32.566924	17.675499	13.823398	25.185750	16.976567	21.255025	11.772226	16.856460	19.305308	18.682192	28.540094	25.122012	26.960719	16.315076	35.899776	11.173927	36.194934	25.945491	12.498621	18.191556	18.106631	15.173351	18.332983	26.497089	30.490376
31.825042	13.554346	18.162764	23.022833	23.239813	8.844622	12.606570	13.096085	33.281348	34.181003	13.632433	15.767601	17.701611	33.061575	29.656769	36.385612	30.634018	26.322910	24.130684	31.397435	30.470253	29.300783	18.289790	26.748360	9.696499	22.553497	36.323640	9.771862	28.986094	31.519721	11.313525	15.726546	27.906526	25.965660	26.164311	37.176332	33.900645	31.618127	8.056345	12.726402	15.624390	17.720619	35.091994	11.763301	29.074311	13.232647	7.953550	15.801225	9.206383	22.719284	35.164745	23.451414	18.015645	24.388429	34.175589	24.200289	29.785579	25.986693	31.696168	33.708381	23.906483	28.214097
38.182141	16.594752	34.362723	25.673832	10.553923	29.056789	12.198251	31.398793	13.132679	21.729141	19.535997	14.948347	34.876389	14.975263	15.288927	16.382342	25.461394	17.709772	22.557262	21.146321	11.779445	9.289667	23.081834	36.862496	18.120689	22.810803	16.355176	21.111448	22.624303	30.829523	38.091296	11.990863	32.621305	13.594224	17.463822	14.117540	20.608618	33.611052	8.432487	28.907494	11.239653	13.017120	15.772031	38.268364	17.039335	23.978983	17.422839	9.411519	20.772865	12.457282	20.426106	17.862803	34.076274	25.443006	27.400374	15.122992	33.401438	18.643774	16.098295	20.036344	20.574645	10.111440
33.489609	14.205205	17.404334	26.918295	11.359976	17.116623	30.967642	36.658676	15.432301	17.822951	12.381108	35.228301	19.920232	37.973882	8.332784	11.705180	21.514739	9.143475	31.117356	21.424317	27.004989	35.161908	35.943233	20.563989	14.627586	18.853711	12.194873	13.132799	37.486888	11.909084	9.084141	31.744796	11.056277	31.642853	31.057833	19.276648	16.457355	20.301840	15.328724	35.113219	26.788463	15.774576	18.080550	36.910055	33.412036	8.649652	33.961374	26.475049	32.086892	12.994553	14.333811	32.035257	31.260946	33.741853	18.345241	36.525828	18.935831	38.462757	29.393402	38.198565	11.859713	10.540975
20.915055	13.752431	37.031070	11.401260	34.897314	25.988643	23.675600	28.166853	16.100245	34.932426	14.707228	34.273840	30.616813	29.563311	18.056762	17.373377	7.833432	35.986338	23.412448	14.544219	30.863498	36.808647	19.389915	21.726398	13.788528	8.966233	29.284960	9.676268	16.001938	17.267178	36.784086	14.572582	24.769776	9.969022	11.252937	10.610846	22.385497	21.481648	12.542402	30.930406	12.386090	31.352657	28.545828	7.773197	20.607968	8.887745	8.869784	30.350493	34.327264	30.009761	23.582485	11.718667	33.527213	30.285889	8.718653	22.017968	8.584624	17.128148	21.553628	26.982522	12.429696	37.442161
