9.181563	3.224937	4.772113	3.998784	9.915144	8.899401	5.055820	8.319050	2.394620	4.795820	5.114159	8.738982	10.234867	6.173509	4.164270	7.358423	10.376895	6.343429	6.910736	9.057206	9.264595	8.467853	8.099898	3.125025	10.342539	4.287483	4.899047	7.504476	9.173893	3.777546	6.487032	4.456950	7.979075	2.954664	8.971611	8.453316	9.257735	6.999931	8.289898	3.549420	10.314323	8.018130	8.277619	9.555582	9.050076	3.146137	3.841189	10.017078	5.683879	6.528211	7.996307	9.298790	9.650515	8.465255	2.930697	3.377723	6.115047	7.942308	9.192585	9.319191	3.321893	5.341843	2.997895	6.917304	6.029472	4.604159	5.507138	9.389686	6.152694	2.732214	8.972130	9.609157	8.806709	2.332236	6.815479	5.696257	9.351764	10.291877	3.947155	7.638530	4.354457	2.599643	6.860701	6.257698	10.308700	10.453170	9.892750	2.264539	2.357772	9.036633	9.498847	4.555343	6.177348	10.452232	3.415669	10.209584	3.718945	9.591223	4.050106	10.151549	8.409641	4.860734
5.151469	2.357686	2.681928	3.410411	7.447897	3.591098	4.618548	8.999316	8.028091	5.964676	5.368567	7.708713	2.695552	10.061791	6.870866	3.839185	6.501835	8.722602	7.582149	8.873469	6.490292	6.533018	4.064307	9.246229	6.415743	2.839457	8.208579	2.582057	9.616948	4.603712	2.901116	6.345977	6.174812	8.478149	6.398018	9.602896	4.986496	7.992393	6.534110	4.794178	4.078907	9.962858	7.157464	7.445457	8.362641	5.721684	8.921276	6.422768	3.808669	6.900247	6.959141	8.682265	6.544838	4.595888	3.372917	8.874250	3.708604	4.859080	4.539197	2.725717	3.595880	9.236718	6.858443	7.566182	10.143393	5.071206	6.834039	9.278456	8.492262	6.640424	9.929245	3.366957	5.249117	9.142806	8.988014	3.810227	5.209209	2.983148	5.131790	6.094482	3.309898	10.271210	2.668052	9.539756	8.227583	4.739084	10.261400	10.276026	8.557905	5.980133	3.589555	3.029132	7.604292	10.259554	2.402742	5.651334	9.334837	8.402461	2.297611	8.647578	9.610693	7.836196
7.003023	3.078302	4.674454	7.479745	5.249832	6.390551	5.174834	3.280647	6.190761	10.121758	8.535203	4.208505	10.090028	6.528588	8.517283	10.112944	4.893384	5.259914	3.447118	4.823545	9.873023	2.799896	10.319863	2.171222	5.220736	2.960320	5.327858	9.050605	9.245363	9.938785	4.952394	8.131946	9.262769	10.106675	5.927141	7.466717	5.968237	2.864830	10.120088	3.249104	3.684679	2.885536	10.127554	6.044661	7.557636	2.835567	7.533681	8.322126	4.289046	6.368670	10.214746	8.909050	3.234983	2.139412	9.620548	3.118745	4.714951	3.615375	10.008162	8.536725	6.198667	4.935307	4.029192	9.125098	2.690603	9.666908	4.968352	3.233737	10.167650	7.491303	6.167615	5.349407	9.911680	5.541048	4.925376	3.686437	8.088222	3.862908	2.125565	4.417475	7.758436	4.241492	4.477424	2.623747	7.235986	2.914764	3.995929	8.094157	5.423162	7.574298	4.710433	6.561415	5.452897	2.395769	9.767821	2.497412	2.183437	4.599212	5.297245	6.621355	8.508678	8.955678
10.160795	4.835562	10.161823	2.822757	7.004999	5.555493	4.688317	8.756984	4.936292	2.318763	8.497619	10.280859	8.598510	6.837373	3.076228	5.510452	6.572855	7.147168	6.180407	5.932563	7.096798	2.831577	5.974065	9.381509	3.196933	6.295457	3.528518	2.501451	3.794988	4.113245	10.252682	8.678418	9.726228	3.870680	7.779783	8.470186	6.658071	5.602172	6.680290	2.839162	8.855401	8.607497	8.648781	5.919100	7.343219	2.304148	9.359986	2.206117	6.116717	4.234788	5.869861	4.974470	9.172641	9.722208	6.869917	3.323190	5.165426	4.087435	2.666995	8.618707	3.251200	5.401897	2.748855	7.740272	5.294849	5.672512	2.615694	2.875143	6.889115	9.872425	8.345758	10.341239	7.669025	2.144790	4.517249	2.440201	10.092582	3.883530	3.556862	9.769129	4.024876	3.443721	3.887639	9.900640	8.470207	7.638152	4.289346	10.007288	6.240896	8.489900	5.956884	7.072750	8.291011	9.496439	8.120916	8.955371	7.215473	5.544053	9.478416	7.884214	7.599476	7.786530
2.186813	8.543987	7.214620	2.754263	2.758157	3.440431	7.042031	5.495979	10.050602	6.743875	5.602202	8.419441	8.143624	2.804201	2.137260	5.659834	5.334820	9.394977	9.602635	6.597633	4.958554	7.047427	8.037614	7.910278	7.971737	6.938404	7.017126	2.630191	6.293539	7.955777	6.730601	10.029494	5.390496	2.142432	5.267612	5.515806	9.917122	3.772644	10.230631	10.390955	5.268400	3.032181	2.157398	7.701300	7.607567	4.477368	8.369689	2.569571	7.476265	8.665214	8.891172	7.143163	6.216462	6.621513	8.659711	2.901365	9.939958	3.292327	3.629187	6.928405	5.640459	6.701386	8.419499	9.908629	7.896246	8.666974	5.547441	3.808788	9.944873	10.167338	10.299268	9.689855	4.875602	7.239388	8.946960	5.188456	10.148089	4.264272	3.856652	5.725883	2.910077	8.750418	4.613641	3.160391	2.782945	3.339619	9.736041	8.471893	5.568927	8.052604	6.796477	9.102783	6.990242	4.337419	3.435409	6.846258	3.563571	2.651473	5.126904	8.044528	6.180829	8.071363
6.416042	9.204406	8.578011	6.239463	9.360221	2.466621	9.622679	4.228666	7.156277	7.365009	6.980775	9.069489	7.796193	5.098135	6.233223	6.759008	6.109778	4.862308	9.006683	5.557838	4.032376	5.279258	9.403949	6.883373	6.859919	2.609380	5.581126	6.201644	6.688486	2.732357	10.114581	2.675717	6.877067	10.143166	7.679492	2.893166	6.103417	3.175288	5.684015	7.008581	10.372456	9.238819	5.359705	9.634483	10.463252	5.955593	9.166454	10.221197	4.805582	6.131296	10.198125	4.620244	6.014134	8.339032	4.571128	5.981289	2.800432	10.473707	6.911664	4.571423	10.355183	2.574851	5.935791	7.919811	7.112087	8.560999	2.661601	3.668404	3.794609	4.690085	9.577566	5.571661	4.411570	8.307965	3.316012	5.178961	2.887292	8.537477	10.061577	5.637870	6.692853	8.270395	5.210198	8.312279	5.137853	4.847625	7.081889	6.784499	8.405807	9.902706	7.955002	9.850396	5.805863	8.049936	4.062001	8.290878	8.813986	7.500578	4.039194	4.146256	6.851223	6.122343
7.937759	2.513654	4.597984	5.641655	2.860199	2.278252	6.117000	2.255025	8.925434	4.950440	10.132735	8.034443	4.593416	5.102192	7.674640	4.253731	9.608522	9.396401	6.542783	7.976817	10.221808	9.110148	9.786912	5.923795	3.917048	2.900452	4.016297	3.975264	9.005471	2.820548	9.572162	9.900347	8.706732	6.012830	4.270938	7.944532	8.167129	7.069191	5.350918	9.253746	6.433139	6.496322	10.142057	10.373523	3.849472	5.147143	6.428437	8.671621	8.143787	3.137362	4.981129	6.065905	10.249278	2.799227	8.671499	10.117605	7.191302	6.821223	7.364326	6.063280	3.707237	3.227498	8.072184	9.229650	10.045207	7.816520	9.649008	4.234066	7.808991	9.839053	5.746787	3.952095	5.957467	7.095463	4.092624	9.578613	6.619343	7.792765	10.030908	5.747337	7.870045	9.867058	8.333087	4.125777	3.245244	7.985045	9.420525	8.813248	5.795535	8.903202	3.512825	7.164285	10.374250	9.109605	4.379162	4.137441	8.847705	5.969303	5.212873	9.288396	10.227113	4.273115
3.708197	8.916223	4.102937	3.748763	2.299604	9.869004	3.134839	3.890029	6.402356	6.831143	3.940847	4.222311	4.425711	2.676151	7.692225	3.339702	4.403585	5.319475	8.476835	2.741353	10.188692	6.648780	3.895371	2.107960	4.946601	3.705673	9.861847	5.952787	9.113694	8.956874	10.329953	5.515988	9.354243	6.079244	2.850560	7.467654	8.360644	10.289086	9.805872	3.198403	5.947579	9.156094	6.977138	6.128613	7.042565	9.324659	6.727331	5.064615	10.078421	9.079764	7.484506	8.264082	4.997694	7.205929	4.716362	3.084996	7.545832	2.552113	6.642220	8.759520	9.181504	3.644742	9.133304	9.508236	8.009743	5.755340	8.859899	2.194607	8.959908	5.365069	3.881282	2.402677	6.641529	3.349345	7.243623	6.258921	7.633372	8.249276	7.578464	5.006729	4.401723	5.098870	7.776320	3.194719	6.993268	10.161622	9.734651	6.265952	7.310176	7.712530	6.920297	6.009325	6.364289	5.025742	9.399963	8.191392	8.103505	8.350862	5.195343	7.665847	9.511246	9.717270
2.603519	7.523827	8.528061	4.928627	9.099030	3.577630	9.389721	4.168281	4.206572	8.975081	8.703648	3.846968	4.369568	8.517427	6.344139	5.939944	2.748569	8.932817	5.541349	5.200647	2.702556	10.130459	4.441661	7.812442	10.065870	8.596501	9.187671	10.252373	4.690192	3.551572	2.714956	4.735076	6.133719	9.081168	3.461634	2.466721	5.029712	4.060886	8.315582	4.086255	5.391523	8.142971	6.879529	6.398369	4.437178	2.169526	8.480061	2.889456	9.068129	9.649032	8.301980	4.824314	7.085730	4.425774	3.877959	3.807693	9.538473	7.284409	9.158574	9.516332	7.508931	5.626558	6.804062	9.511123	7.239462	8.623581	3.900262	5.974075	9.121169	9.302126	6.168660	2.237438	4.388571	2.335675	2.774553	3.539820	7.947169	6.732947	4.602671	4.211124	4.844098	3.090292	8.022613	5.101715	7.212392	6.712939	2.459739	5.911685	8.954433	6.178732	8.510800	5.127417	6.945617	4.929349	9.732476	7.834148	8.332556	2.603923	4.534952	5.923729	8.745818	7.666540
4.173550	6.216401	3.321629	5.258177	2.612242	9.926298	5.695949	3.060966	3.536750	8.075393	5.660690	8.671656	8.716664	8.816736	3.148651	3.362824	2.707289	2.577706	9.281955	10.110909	7.845699	10.344903	3.688623	7.929820	8.622483	8.435938	8.223868	2.159372	3.614534	9.391160	4.221937	4.532503	5.426199	3.562583	6.644200	3.320300	5.705862	3.940858	3.422546	4.366963	7.626572	9.844924	7.986489	2.532778	5.023369	6.695776	4.024252	9.095327	6.287623	4.496159	8.883445	3.690487	2.355213	3.397421	8.535141	5.562831	7.997388	2.459833	4.298648	3.364881	2.820141	2.852028	5.036141	2.693911	5.426728	4.995613	3.981635	7.621979	3.862157	6.322556	6.939605	6.680719	4.420091	10.110247	8.675406	10.181880	9.633217	3.027390	10.429997	8.533653	9.941194	2.659428	7.637322	4.174153	7.007111	7.040060	5.703107	5.048040	7.421540	7.482357	4.099725	5.035843	3.610897	7.375194	6.724900	7.271517	2.531335	9.916178	6.573813	2.991780	2.800967	7.170181
10.292140	5.780612	10.460955	8.385109	10.340926	7.877392	7.741347	4.328576	9.020995	5.508003	3.217781	2.661827	5.432991	8.281794	4.049250	3.168693	4.354201	7.440074	5.464926	4.230594	4.653796	4.464828	7.828698	7.580027	5.903823	8.686555	2.269143	7.899403	10.083805	8.056938	5.412022	3.529546	9.677606	9.834851	8.236615	3.679608	9.980693	7.579652	4.443336	8.801154	3.456456	7.724846	3.510545	7.200452	8.341123	6.338566	8.518114	8.662959	8.961088	6.111331	7.638490	9.180209	6.688533	9.735075	9.164099	4.746548	3.633579	4.552200	4.928753	7.129960	3.061309	7.854901	5.389801	4.009224	4.428760	5.930971	4.551816	5.017967	2.664837	8.341787	4.255313	3.163356	8.699129	9.601843	7.614137	7.621900	9.310588	7.170646	8.063315	8.929076	2.324321	2.310487	5.008036	5.353040	5.696524	6.327517	4.196480	7.974253	5.060304	8.287181	2.762615	2.610881	4.731415	6.946663	4.288612	5.754485	5.941624	6.541753	10.364025	10.373796	2.427103	5.701413
4.237196	8.242537	4.349689	3.764326	9.406648	6.685669	7.917417	7.612350	5.004963	9.229439	7.570995	3.075794	5.797346	6.704642	6.186862	4.346381	3.042638	3.837556	9.416036	5.109031	5.820648	7.455290	4.615680	5.864326	6.718900	5.688807	4.757920	4.958037	7.974842	2.437583	3.864404	6.566695	10.455410	2.423092	8.970519	4.926305	7.397760	2.242966	6.716219	7.885719	8.888157	5.326286	3.736161	4.094146	4.454385	3.985711	3.837986	10.250779	4.207390	9.679025	4.967110	5.476606	8.027595	9.293350	4.875294	3.247815	9.957949	8.395160	3.065328	9.366825	6.420544	4.511072	6.917248	3.892342	10.415500	2.811017	4.859613	9.829034	7.280545	7.052029	6.733491	3.237785	8.937920	5.140415	10.073999	6.002909	2.187984	3.731091	2.112180	8.647481	2.458674	2.565437	3.183551	6.726573	7.672822	5.870170	5.553117	2.459850	5.462410	5.164797	8.163740	8.386600	5.687046	2.774061	8.480392	8.086379	9.599179	4.619031	8.664992	9.676693	9.040753	7.760711
3.123236	6.679368	9.624289	6.800629	2.612073	4.289420	4.703134	4.171982	3.001115	3.406767	3.630098	8.201624	5.808507	9.441108	9.421402	8.613214	2.742537	3.072010	10.232512	2.974354	3.909925	4.036077	9.366167	9.298577	5.376520	8.731899	7.580864	8.903838	8.599993	6.731472	4.109124	6.353362	9.610255	3.184209	6.799634	7.486490	5.746499	7.020506	8.091980	4.111703	3.991906	6.454365	8.693136	6.745455	8.317821	6.845516	7.171794	9.542688	6.356644	7.787181	2.210439	7.550367	6.798414	9.770949	2.785979	6.074858	4.982351	8.463260	7.291710	3.618473	7.149256	3.172676	6.071325	3.517659	4.346082	4.526996	6.408315	3.530247	5.765156	3.753369	4.748518	4.851330	6.050865	2.297400	2.833321	7.443926	7.810450	5.271922	5.145324	9.785854	7.082132	4.816891	7.852167	2.388298	2.577980	10.024726	3.812415	9.377945	4.049149	4.908973	2.317299	7.939250	7.712668	2.421935	4.826455	6.240222	7.743863	5.549227	2.929800	3.832804	9.049594	6.058646
4.468772	2.416236	7.667536	8.952142	5.167805	3.481953	2.853036	4.478177	5.424869	8.848346	5.153998	4.504908	6.122598	8.487741	10.100542	7.961181	3.772509	5.223580	9.047025	9.917488	5.530878	4.290503	5.525596	6.708093	6.408482	7.617129	2.481388	10.209094	3.440742	2.594064	2.703917	5.316917	8.047825	3.336990	7.488733	9.696890	4.863374	8.980309	8.419056	5.590822	2.763104	9.361007	7.667446	8.643755	4.273702	2.297365	4.879384	8.534496	10.417817	3.142703	2.468812	3.762991	5.195605	4.790939	8.712817	4.041567	3.341863	8.258155	9.581066	6.517298	7.283008	4.864581	6.267426	6.999894	5.994776	9.859289	6.502101	4.152175	8.692979	4.756320	8.060258	3.403539	9.459253	9.629640	10.082485	4.823822	6.660827	7.653393	3.675731	6.508993	6.087852	6.032472	7.127646	5.449516	7.920271	8.815444	8.419187	8.984371	9.332329	7.617973	8.272730	2.737256	9.129391	4.421683	9.167731	7.051460	9.222583	7.499994	6.826139	10.434599	4.399198	4.134934
3.627490	2.584407	6.664175	5.312741	8.014661	8.068295	7.392183	6.395841	9.498892	8.495482	5.361654	2.677430	7.021808	7.890124	2.867570	5.287922	7.704412	2.506092	9.620643	2.226060	7.805995	5.828936	6.385760	3.638705	6.549461	9.852110	7.385311	5.689573	5.934113	6.816299	4.374446	8.215119	6.433595	10.430521	6.324596	4.993558	5.601729	3.052574	5.024646	8.873931	2.245569	4.759372	6.856826	8.711599	7.569351	2.257424	5.264190	2.566471	5.454726	6.169036	7.690928	6.001220	7.511268	7.910474	10.268789	9.330095	3.045327	5.810092	4.615963	5.535733	5.847715	10.084030	3.945520	5.402027	4.806198	7.437295	3.976623	8.008761	5.926442	8.057894	3.326848	5.188776	2.651716	5.430912	2.401213	5.111683	2.224693	2.356631	7.990028	7.181846	3.398500	6.212588	4.112078	9.214705	2.133603	9.149645	2.441865	5.056321	6.314968	2.104685	2.606485	2.332892	6.324372	2.375061	10.396828	5.182542	3.521192	5.298304	3.706249	6.330190	9.237695	8.286428
5.982522	6.222143	7.785797	7.451312	3.591425	9.742161	5.638891	4.863770	8.209395	5.395887	9.488280	7.603485	4.828358	6.428535	9.668350	4.009827	7.200133	9.749535	4.991268	8.623488	2.406330	4.317655	3.270436	5.627757	4.717700	6.481600	8.312524	8.309391	8.627298	8.303021	8.549245	8.748105	2.913959	5.482281	7.123323	8.185421	7.486470	2.909368	9.116037	6.809590	4.556200	3.488748	5.493007	2.288441	5.495359	6.184718	8.212970	2.583980	6.758726	8.537457	2.456012	8.126811	5.570110	7.392596	3.544600	2.458520	8.422219	5.586129	5.932320	9.156332	2.668278	3.329212	6.198862	7.556713	10.234256	9.153187	8.112801	5.263889	2.585029	5.882038	7.689000	4.823444	8.783580	5.891479	4.193168	3.332500	7.266445	9.566265	3.441526	8.692738	2.986170	10.325096	4.362539	10.257614	8.995427	8.895681	5.768466	4.278503	8.518092	8.377306	10.014302	3.848156	7.981894	8.191085	10.301740	2.831178	8.137713	8.157497	7.591533	10.360074	3.518134	5.545841
6.743814	8.391757	8.148309	7.918262	5.473682	5.102709	8.998661	3.598260	5.153095	5.798267	7.119725	7.129490	9.665629	2.282776	3.161835	9.107288	5.768290	4.546355	6.726642	5.869793	7.345899	4.430912	6.222524	2.744750	2.273664	8.506141	8.688220	9.236594	3.066680	3.912734	6.657126	6.973067	7.639514	3.791455	5.480259	6.224359	6.584244	6.236754	5.537019	5.463947	9.126876	7.197944	9.670417	4.408519	7.245523	3.625485	8.429735	10.128325	9.181758	10.339867	5.182455	5.310205	3.002181	5.795192	2.783133	8.022589	9.484335	4.667010	3.338456	9.147245	8.756658	9.885451	9.005770	8.698448	10.469039	3.526777	3.240685	4.526567	4.214845	2.636969	7.223653	3.307892	8.797630	5.510233	5.504974	8.710530	8.214171	9.942196	4.759646	7.821462	4.282833	4.105555	6.831065	4.560265	9.095659	5.444141	6.241269	10.374236	3.789637	5.566373	10.044633	3.262245	5.150872	8.104102	9.912176	9.899419	6.796679	3.737378	3.411158	2.829460	7.564307	7.757820
9.777532	4.481018	9.542930	5.341182	5.432496	5.376923	9.373149	4.559097	5.076125	10.352914	3.042454	6.047238	4.289722	7.546977	3.762440	5.919368	2.390045	6.653054	6.457767	2.834997	9.865463	7.264586	2.653618	9.453771	3.125246	6.664568	6.683251	7.860269	10.354453	7.780541	7.662605	5.991924	4.407234	3.393449	8.987852	3.964359	7.593728	3.716822	9.005422	4.274597	7.092768	2.603205	3.954819	10.193500	6.879486	4.768511	7.799458	8.384394	5.705751	3.560654	8.148585	6.826880	6.968741	4.902840	7.951053	7.284934	6.977298	7.617148	6.335273	2.178487	2.421608	7.472902	6.865682	7.146161	7.963841	9.291065	8.439463	7.159890	9.225022	4.364591	5.356642	8.288205	7.222127	5.290101	7.660087	4.863070	8.109677	3.957573	5.740815	8.928950	8.267559	7.903015	5.050114	3.167140	4.618072	8.840849	3.252430	6.244303	8.237773	9.710639	6.770264	2.611381	7.898134	6.847380	9.318387	6.168402	2.479082	3.308477	10.370023	6.721547	7.038754	6.914387
10.468557	10.432014	2.595725	5.402965	9.093468	4.022250	8.712530	2.845222	2.125521	4.331017	7.225180	9.078845	5.388355	2.541354	6.125971	8.333998	4.652323	7.845164	7.814398	4.214797	7.826338	7.123304	7.207163	9.339690	7.688353	7.720928	8.048999	3.322917	8.519445	6.710641	3.367126	2.363822	7.160038	5.905002	2.188429	6.593247	9.751244	4.621330	10.382193	9.215646	7.886796	6.224336	8.204573	9.818525	6.780610	8.258479	4.337299	5.418999	9.946973	9.908664	10.036293	2.667035	4.430651	9.797110	4.105486	5.974363	5.847466	7.501803	8.849227	3.291854	2.436132	4.076907	5.182138	6.116904	4.028440	8.127437	7.640123	7.650763	3.603969	8.871037	3.608360	6.421534	5.361275	8.249093	9.427070	2.149899	5.036402	7.487321	5.395135	6.211854	4.259321	5.182972	2.297125	5.279760	9.983743	7.230444	4.688894	6.008894	2.388540	5.606285	9.617201	4.427977	8.380838	4.719788	6.390605	4.169938	5.720701	9.002943	9.580814	4.416957	3.841448	10.243724
3.680447	4.387522	5.077981	6.552074	3.899946	6.047232	6.871854	6.081888	2.195468	8.517044	4.196558	8.326579	8.091342	5.558303	9.042454	8.917883	8.261735	5.425419	9.850578	9.654479	3.437590	7.050949	3.800929	9.352696	3.907752	5.075967	3.110405	3.797942	9.959109	6.952418	8.253045	4.368314	4.316564	7.874883	6.017167	3.561904	6.169073	7.170982	2.864463	8.256365	3.815484	8.057258	4.970225	9.490785	7.909302	2.539791	8.411657	2.668139	2.245293	8.467141	4.607348	9.155426	8.252985	4.166988	8.203941	8.301739	3.021874	4.895955	3.415060	10.181964	2.603071	8.077776	5.880317	3.850441	4.297914	6.242161	10.043212	5.595250	2.138899	4.958990	7.345358	2.670544	7.091219	8.481847	2.676539	5.440900	8.450452	2.594135	7.121335	7.242439	9.613184	10.184903	2.644892	8.595145	9.881069	5.377269	3.911174	7.801799	9.996429	5.716392	3.562893	5.833297	10.212042	3.421156	2.478810	7.504337	3.735929	8.555418	8.175924	3.219835	9.670643	2.614018
7.729538	7.233126	8.068069	8.692039	5.309969	4.024535	7.585001	5.977276	5.181713	9.486623	2.430261	7.111501	6.901245	9.801993	2.617497	4.793980	9.775435	4.589441	5.866301	5.803870	7.825547	6.042719	3.053209	7.028562	10.136357	6.186057	7.952692	5.924363	4.382393	5.364032	10.153174	5.182442	4.417532	2.820065	10.116790	3.947403	9.063038	4.385317	4.706585	4.748529	7.566599	5.180378	4.020934	6.723763	6.533651	7.143726	8.354819	7.322433	6.780406	7.455852	3.144870	10.421939	4.784176	4.315042	6.196400	8.521302	7.876240	8.791974	8.231995	8.448575	2.205608	5.960413	8.841914	7.076756	2.619060	9.545012	2.471775	9.784145	4.925201	2.956177	10.075861	6.990311	3.455673	6.617741	3.996371	2.261796	6.728789	6.583078	9.118639	7.791537	8.855838	2.349939	4.818305	10.313680	2.490568	4.309395	2.338683	6.840878	8.265155	6.176979	2.561634	2.636897	3.165476	2.103343	4.539813	6.908513	5.279445	3.503577	9.890996	2.648115	9.470401	8.708345
6.078186	8.772710	4.845796	4.029797	3.823999	3.001722	2.966320	8.332539	9.349080	5.664932	10.245788	7.351367	3.283549	8.320289	2.250347	8.269203	5.974398	9.271300	8.385916	9.209185	5.450581	4.836207	3.423149	5.796167	5.205710	5.578636	5.314789	7.102634	5.803408	4.270233	9.260264	3.292025	7.943679	8.684710	3.799405	3.672377	6.127691	8.733899	7.020714	9.752051	2.404052	8.936264	10.215931	4.284015	7.443047	3.167118	2.577120	6.874048	3.565475	5.550105	7.948874	7.461522	5.261358	9.179510	5.611786	10.184096	8.091549	5.277437	6.937867	9.915834	5.572372	6.744153	9.045275	4.779169	5.339767	2.926360	10.268386	6.022154	8.971886	3.933732	5.226072	9.426234	2.540744	2.173969	9.289247	7.537899	7.172782	5.511180	7.310369	7.857729	5.808336	4.796519	3.272043	6.562515	4.343238	2.318395	6.672661	6.621302	3.911534	5.700112	5.737575	4.762133	4.005706	6.726874	2.205590	6.566905	7.252814	8.657645	8.095393	2.751462	3.722667	9.671123
6.921236	4.370400	5.863393	4.064972	2.186986	3.831991	5.525742	3.021146	4.976293	4.680261	3.016317	8.477352	4.149234	9.193485	2.602950	7.349762	9.662315	5.422990	3.542905	6.174084	7.545356	2.123367	5.085507	8.219619	4.535816	2.986730	7.578129	9.435004	5.636569	3.077211	5.863198	6.351089	9.157480	7.239978	8.660781	10.275638	3.672793	8.765351	2.836486	2.605352	9.090011	2.351906	4.062424	3.298195	6.752200	8.475288	2.443099	9.800601	5.480141	4.834741	4.549380	2.359565	10.456810	2.652282	5.459516	2.566587	3.189213	7.433509	6.852568	7.019209	7.865629	9.445938	5.542673	6.023945	2.464623	6.035196	6.454349	6.605210	3.990029	9.761530	6.288951	3.996116	7.554181	9.057430	3.450014	7.097062	5.540130	3.968037	9.671480	5.440000	6.663903	5.556853	8.392263	3.624916	3.750784	2.198753	8.034349	3.335285	9.375594	5.779096	5.178943	4.898404	9.997878	5.376914	9.593595	6.077667	7.210699	3.093019	8.030240	8.062686	4.032867	3.317494
6.168374	8.230116	8.393281	7.980696	9.884205	9.432498	4.805320	6.465645	7.738950	6.799693	3.045548	8.546271	3.957128	3.687558	5.551944	9.592753	3.697337	9.463096	8.675237	7.400533	10.094103	6.049288	7.513023	8.260378	5.074739	10.046190	7.724405	3.713171	6.722929	7.371233	3.837911	8.106896	5.314134	3.021431	7.695536	10.032848	4.636838	10.232991	2.726513	4.578826	4.263198	4.721201	7.987911	4.574837	4.018832	7.871992	4.513456	4.695906	7.545007	9.730929	7.296837	5.100016	6.576651	8.370630	9.304709	10.387360	9.014850	5.176331	6.074084	3.013810	6.100326	7.910929	8.350942	5.037181	8.329228	2.677808	9.094441	4.334277	8.804914	7.659104	4.341371	3.755875	6.666972	6.128374	9.187739	4.850430	8.343143	4.868053	6.784465	7.669115	7.197072	3.921740	7.156078	4.929977	7.617189	4.840000	9.440557	9.969587	3.211848	2.586525	10.126517	3.856825	8.231857	2.229818	5.354642	8.931705	4.353670	8.914899	7.550176	10.378494	9.265946	7.907901
3.409204	2.110637	4.452504	6.285496	9.885588	7.436965	6.355192	5.802898	4.156495	3.422123	8.246085	7.230044	7.521839	7.657963	4.454922	9.117041	6.815395	7.983790	3.148933	2.553630	9.481525	2.693854	4.911396	5.847230	5.228737	9.499042	4.335532	9.732477	8.981049	2.835709	8.464460	9.046200	5.762266	7.623539	8.948264	6.679641	10.224430	6.969638	4.556708	4.538036	7.714923	2.966538	4.551034	8.180840	5.124189	8.540571	10.396495	5.050242	5.431477	8.911407	10.117140	8.612554	7.336210	2.232871	9.280741	10.390334	3.187189	3.948779	8.227112	7.112728	3.396665	7.361293	10.019103	9.749623	9.179350	9.279088	8.483142	7.759287	7.189400	5.917229	4.234758	6.137631	10.449481	7.419511	2.430227	9.431588	9.147161	3.018443	10.317307	3.686670	5.905101	8.153731	6.894229	8.861156	7.132490	10.152366	3.828375	9.778030	6.961862	7.375725	2.511276	4.233289	7.230705	4.696580	4.048597	10.451800	5.597811	6.247265	8.169978	6.704642	8.086236	2.102387
5.574981	5.224067	5.354335	2.411796	7.663717	4.717103	8.910804	9.104376	3.933438	7.386678	4.808963	4.803280	4.123280	9.695566	7.480099	6.348467	2.132621	5.801110	4.754207	6.686137	5.899016	3.275097	10.389836	8.816451	8.581555	8.711575	8.712108	7.721841	2.404464	3.177576	9.276155	4.742751	3.410036	7.774045	2.470910	6.693217	5.623925	4.517896	5.974815	3.735251	3.717725	6.866712	7.368170	6.534109	8.247647	9.172086	2.585420	6.753925	4.366682	4.605765	2.600451	5.228187	6.279406	7.244067	3.616973	8.394680	5.768289	10.168988	2.799560	4.976053	5.574033	6.714417	7.031559	7.279307	7.051575	3.440251	6.957441	9.077883	8.848704	3.688886	5.668466	6.300243	8.529731	2.834020	4.340939	7.958836	9.130697	3.472137	2.927895	2.738234	9.013785	5.924362	4.233696	9.134484	6.888372	7.234119	8.336785	5.540282	3.145137	10.262586	7.579860	9.433518	7.401755	3.851224	3.734697	5.750666	6.071744	7.713398	5.799830	8.583492	3.907083	3.111951
9.193088	3.655041	5.804378	8.136071	7.448617	8.362537	4.698306	2.266528	7.536334	9.734946	6.962018	6.019549	9.269587	9.505014	5.998434	2.851195	6.402090	4.753676	9.065724	9.084750	8.164253	6.609725	5.952216	4.699780	4.211566	3.037936	3.135956	4.102558	10.438335	4.859580	8.880712	2.220873	6.190502	3.958238	4.271772	6.017139	4.920005	9.381127	3.913721	6.106202	9.757171	2.611544	4.967354	9.956182	9.673488	5.232804	6.236142	9.668077	9.918770	9.699928	5.457951	6.354351	5.801178	9.299132	3.986520	9.387889	9.099953	9.499174	10.097909	7.538602	6.838641	5.857183	8.690659	10.388928	2.690992	2.195880	9.115342	7.696057	5.648696	8.009522	8.199559	5.257617	7.694712	8.944600	4.914346	3.207148	7.566483	8.561246	6.947232	5.998684	2.244491	6.850673	3.628861	7.822497	5.557921	2.903401	8.006491	6.743517	8.276343	6.624432	9.387066	4.820651	8.734998	9.446073	2.835102	2.982230	6.485529	5.708377	7.635588	6.065637	10.199270	9.293454
10.360514	5.720856	4.488360	6.481848	10.259031	3.606781	4.487751	9.086471	9.519154	8.942721	9.134183	5.688039	8.736283	3.875111	3.004850	3.829158	4.656913	5.711140	7.421118	2.702465	9.429050	9.573095	4.375615	6.373873	10.280581	2.694633	7.581878	8.272147	3.562284	4.882020	3.538959	5.971918	6.477694	4.603509	9.003272	7.670125	9.012196	4.023636	3.503129	8.648155	6.645772	3.701590	4.132499	8.135373	4.939341	6.621094	6.436362	3.652494	5.734721	6.656740	5.312705	3.863357	7.930508	7.886077	8.145062	8.949727	10.053584	2.758177	8.437702	8.795116	8.328985	3.621794	5.948119	9.295915	7.483590	4.906308	2.595968	9.599357	5.744617	6.493932	2.268413	6.678124	6.408772	4.702837	10.235508	4.831013	6.000028	3.862459	2.784583	9.272264	8.002716	8.717271	4.755165	5.835401	7.403294	8.449965	6.710228	9.283851	2.367398	10.373924	5.621409	5.769359	9.175180	3.156392	3.849873	8.187763	7.399877	2.923448	8.765900	6.725361	6.610893	7.372517
10.253650	8.417912	4.756545	2.350894	8.810672	7.971737	9.441875	6.949647	6.899055	3.648343	7.764156	4.626336	7.970384	10.306189	8.956038	2.232241	5.498614	6.526196	10.187991	10.200752	4.787147	6.518124	9.556897	9.764957	6.317093	5.696034	6.207891	3.781386	3.034066	6.321132	6.849270	9.568707	9.056269	3.607706	7.478842	9.183033	4.602111	2.124725	4.672107	9.885025	3.536918	3.215505	6.615080	8.664125	3.053088	8.196289	2.794829	5.668224	3.959076	7.203932	5.061186	4.254287	7.050421	5.983671	3.508689	7.467273	2.602611	6.473818	9.405474	4.636097	3.365797	4.308162	2.949823	9.570871	7.710594	7.040372	2.905101	10.469839	2.927982	4.517813	9.317283	7.451585	5.065914	9.173643	3.597308	3.538521	7.200337	10.154293	9.798603	5.000290	4.295314	5.601110	3.114821	8.727560	3.391971	4.712911	2.972956	9.550219	9.889199	7.918390	2.107382	3.032886	2.624276	5.837017	9.890109	2.780059	2.713751	10.033053	7.624849	8.251433	4.785335	2.743769
7.493932	6.087661	7.155194	10.065776	5.651220	4.335781	2.898327	8.759918	7.928295	5.010424	3.270148	8.752068	9.182518	4.193773	7.839148	9.628569	8.529952	6.326706	3.427536	7.247592	8.641628	8.854114	7.665743	2.655640	9.371220	2.974816	7.457303	2.851312	2.532174	4.590385	6.531144	10.176823	5.986589	6.907695	6.684767	3.962271	3.955445	3.687175	7.042254	9.210741	2.473417	6.733203	5.570083	2.947005	3.666689	5.353928	3.943945	5.161948	5.921921	4.746305	4.445501	9.887357	3.606316	5.290040	5.851429	6.872826	3.643050	5.464156	7.400485	2.605647	6.735132	6.059470	10.108739	7.315019	2.337675	7.775430	6.728161	4.587902	3.513898	2.785066	5.844547	7.112962	10.470833	5.512040	6.790928	5.022656	7.354367	3.944979	2.484790	10.217789	9.421189	7.925306	2.723294	10.373706	7.246209	9.999699	9.585558	3.688354	5.092247	5.090917	2.873366	3.745619	3.393721	7.377037	5.057292	8.279146	9.860828	7.465292	5.156987	8.924299	4.704428	4.752361
2.286725	4.513527	5.424631	8.701382	6.738527	5.377997	8.249750	3.606431	6.283240	4.725530	5.146600	2.955323	5.691926	4.909820	4.135105	5.961611	4.095229	2.983786	6.722103	4.942097	3.146013	2.887991	7.168194	3.271840	8.436799	7.337936	4.582574	6.734423	7.308704	8.747433	9.128872	8.755276	6.017319	8.740096	6.187401	4.428200	7.754939	10.131878	7.782453	5.273209	3.911635	2.525729	7.123755	10.401050	5.349387	8.201914	9.923133	2.895734	5.988561	6.457750	4.334758	7.517894	6.073506	8.124903	3.014173	8.870536	4.406784	3.656146	5.246480	9.154444	4.921437	3.728309	8.230039	4.750997	9.766458	4.609072	10.472144	8.414664	6.687438	5.308428	3.452653	10.468382	7.291852	5.946965	6.998442	6.333178	7.630331	7.855037	5.224797	8.847325	4.667596	9.485135	3.627977	4.806844	5.975339	5.845971	9.307100	7.623387	2.382438	8.156056	4.952747	3.345328	10.158964	2.481784	6.868781	6.810037	7.082586	8.040752	6.395878	3.746823	8.713362	3.527491
5.719914	10.057255	4.651586	6.867051	6.756209	5.715562	9.133049	7.658595	5.735882	10.184197	9.548295	6.158861	6.825069	5.556070	7.602234	4.221485	9.104184	6.326175	9.008243	10.220531	8.059669	4.947198	10.111583	5.606426	2.779704	6.563414	8.121384	7.121194	3.093906	5.892335	7.118193	8.034741	6.608939	9.819068	8.107604	6.047009	3.028109	7.629170	8.522354	5.397700	8.874519	4.558208	3.097508	7.438028	5.470514	3.912597	4.550513	3.616612	5.139248	6.614171	3.594975	9.588926	2.278720	3.124617	2.264797	10.156775	7.189105	5.145359	2.371155	8.743852	9.996194	4.851353	2.880502	3.799625	4.230936	4.205702	9.424183	7.180532	4.341144	7.010102	5.585600	3.812712	9.302477	9.739032	5.393547	3.413799	8.165078	10.436169	7.093346	5.780626	4.518657	5.866930	8.196960	4.885382	8.071613	5.653298	4.189127	9.893379	8.610598	7.357538	8.729647	3.175850	3.330374	5.402407	7.336292	6.376475	8.468456	2.789593	6.139135	6.218095	7.418380	3.663573
7.315650	7.525592	5.087725	9.175357	5.626017	4.515852	8.961829	2.156842	4.594154	2.630525	3.395472	8.815425	3.453765	7.763054	7.319666	6.475046	10.117111	3.023861	6.306460	6.781510	8.183181	4.284679	10.050114	9.261260	5.822316	6.851031	2.649294	2.584843	5.674256	9.691752	4.395348	4.364567	7.934282	9.655307	2.637807	2.962769	2.384708	7.489620	7.123710	2.343876	7.708322	3.670069	2.501502	4.273823	2.413375	6.327998	3.398258	6.571461	7.542041	5.673542	8.264895	9.296572	8.676406	6.191941	10.072431	4.269503	3.312930	7.823814	3.291864	10.402920	9.827848	2.428183	7.910957	2.188428	9.918351	5.729758	2.815903	5.209456	9.866709	8.327793	6.178014	8.830823	5.334031	3.588289	8.056742	4.149098	5.995582	10.438497	5.677342	5.123444	4.210537	5.721913	4.909288	9.622157	3.035689	6.261782	8.387276	6.702890	9.140794	5.975096	3.648706	3.161801	10.477628	6.689393	9.680242	2.856172	6.662860	8.941249	3.430620	8.606590	8.598381	10.472632
4.427199	8.062843	6.578533	8.973832	4.449137	5.483067	9.714309	5.637085	7.811502	6.031080	7.507696	2.943871	5.252988	9.212579	2.761926	8.132932	4.401078	5.435684	3.035431	8.882082	6.860914	2.649766	3.715042	7.492956	6.967449	4.522838	3.351953	8.313789	7.701764	4.089367	2.431648	9.940932	9.828502	2.813350	8.151713	10.425707	3.441048	8.127821	9.879900	5.589595	6.427312	2.893048	7.513877	3.503911	2.982233	7.529474	4.764291	6.877739	7.283177	9.079397	3.315927	2.388538	10.325834	3.529290	10.184024	3.136698	10.239726	5.240176	5.938842	4.468538	9.127367	2.279273	9.246449	5.469252	3.102275	6.808676	4.331063	4.921188	6.385793	8.704988	5.248619	10.204077	5.053590	6.694399	5.140202	10.218300	7.049119	5.249408	3.644454	6.423076	6.930173	3.142011	4.761348	7.529727	6.232507	5.548624	6.328897	7.168499	8.725259	2.476012	9.393832	7.450757	8.838843	3.243225	8.223795	9.699384	7.956444	9.993998	2.757739	5.392686	9.279939	9.298066
8.992169	9.070861	10.400416	7.200578	7.676397	3.461929	6.519041	10.201728	8.001942	2.502196	6.649514	3.644532	5.074009	3.186227	2.856950	7.986650	8.385092	8.735770	7.346333	5.529932	7.556217	5.274662	10.355053	3.239207	3.674173	8.038801	4.102445	7.150013	2.746698	2.383531	8.217195	3.738687	6.702252	10.274764	6.962362	8.828254	3.433584	3.338925	2.376576	5.445543	7.507764	8.557539	9.205855	3.407921	5.939301	5.520876	5.887681	4.309032	4.340228	10.407040	5.371856	2.357352	4.660984	4.606998	8.638826	10.282827	10.283685	6.727629	10.473107	7.448654	2.701157	8.946274	2.660193	5.826913	4.713633	2.680956	4.658144	5.064363	8.051571	2.121163	6.495397	9.418149	3.218674	6.833373	7.101210	2.871071	3.231924	4.536242	2.360964	4.527728	2.123944	8.962879	4.991256	8.018833	7.147955	5.898551	3.728347	5.947475	5.010640	8.072235	4.749441	5.492112	5.191354	9.146363	5.291025	7.532225	10.326416	7.486164	5.740513	3.676684	2.163633	6.410353
3.958927	3.929724	8.867014	5.809516	10.448998	6.632441	6.134052	4.434768	10.224631	6.731212	4.850750	8.971319	4.557776	9.008703	8.319674	2.168919	2.937617	7.844758	5.410860	6.168927	6.229822	6.867637	6.646573	9.576082	10.463243	3.688807	8.439466	8.037446	4.952864	9.844001	9.730226	4.913847	7.292511	2.184692	10.105192	6.285369	10.166016	7.660923	5.246930	6.518226	4.316666	10.282533	4.951170	9.623060	4.846846	8.133037	8.560007	9.157965	3.793032	7.551104	9.502410	3.364744	8.164096	9.243180	8.304859	5.278328	7.634186	7.666569	4.007300	9.167456	5.006424	8.420661	7.101264	8.049462	3.814349	5.068420	4.576792	8.367828	2.621381	4.482415	3.657586	5.489261	2.719879	6.909409	5.549875	5.432508	8.352561	7.141330	2.888833	5.725745	3.173860	4.021113	4.383139	7.466694	5.830062	3.048390	5.535254	5.544915	9.843106	9.963073	3.337758	7.984010	6.253540	4.923106	5.996386	4.350165	7.046187	2.418013	7.480995	2.320084	8.494527	9.330179
2.575307	4.110454	4.051012	7.301190	8.117217	4.694968	2.990036	7.086628	4.236393	8.593823	8.156390	5.683073	2.318198	9.065053	7.236993	10.325824	7.202888	2.218844	8.308652	3.496120	4.912604	8.331288	3.991851	2.920702	9.752204	8.609354	5.046756	5.928437	8.900195	5.019034	3.666681	7.281896	7.728472	8.069985	2.889046	3.574427	5.455752	2.608301	7.787295	3.551589	6.993199	10.342119	2.822854	3.846687	4.429948	6.334791	6.944895	6.849039	7.294748	6.895214	10.005241	5.304162	3.774227	6.068137	3.604689	3.263265	4.189170	10.293957	9.737836	8.713507	8.182162	2.301519	7.178197	8.917747	9.015912	5.210963	2.249034	3.613481	3.019588	10.214258	2.569464	7.900320	10.218548	5.204391	4.601270	8.110127	3.119723	4.882071	7.093390	2.492740	3.090245	10.009139	3.861722	6.853121	4.460732	8.464738	2.479627	10.441783	7.193289	6.039437	2.997531	7.492420	3.793808	8.135969	3.559962	3.922267	10.044770	6.180162	3.499483	9.030212	8.965134	5.156377
8.179273	7.289792	10.035010	4.506979	7.300900	3.559472	6.713416	4.955548	7.088284	3.595502	2.423390	7.831135	8.720731	3.702678	3.892008	5.371761	8.118623	6.089432	7.137322	3.857908	2.264665	9.430898	2.402852	6.142854	2.663286	6.040818	6.350822	6.782241	2.768227	9.660723	5.519831	2.136903	6.209780	4.092843	2.369739	3.466903	9.379801	9.158863	6.535358	8.800019	3.713536	8.204522	8.867791	2.501239	2.414259	2.494613	2.895126	4.830481	2.781127	2.284147	8.466888	4.513678	5.012516	8.190219	5.740583	8.190629	6.089787	9.977439	4.489817	6.426857	7.525496	6.036145	6.501140	2.587227	5.219215	3.328223	10.081729	3.605344	6.625614	4.785824	9.326898	8.263518	10.429101	9.178330	4.338368	6.657234	10.050205	7.956487	8.253749	9.175520	3.333564	6.190929	10.160937	6.781714	9.784854	2.516314	7.041873	9.581673	9.453507	3.690502	3.232159	8.783915	2.745919	5.086359	9.443921	3.476061	3.314935	9.689467	7.786048	3.861144	9.889288	5.626915
3.077108	6.986338	4.920396	6.651480	9.921792	5.826380	2.213475	7.240691	4.615639	8.602235	9.382489	8.526560	4.175252	9.337273	9.617354	5.077279	4.188350	3.217873	5.633625	7.321941	5.576442	8.662734	5.011489	6.705630	3.967917	5.188034	8.099827	6.302728	7.160265	10.365974	8.537795	10.009451	4.778392	3.061903	3.409263	7.280352	4.337532	8.880670	9.534632	6.127286	6.629329	6.991633	4.088361	9.258686	9.887110	8.904138	8.811968	8.218150	9.603238	3.845050	9.109811	2.792905	6.958127	3.602271	8.826819	8.678146	6.833980	5.815031	7.451583	8.484110	2.570530	9.704885	8.142725	2.456669	5.678364	9.996899	6.691531	2.661594	9.598984	2.715242	5.058614	2.143225	6.258441	8.529313	3.187657	8.802041	7.152996	8.261933	3.519428	3.887496	2.137210	3.052705	2.625593	6.626840	4.373581	10.373189	10.233062	2.568696	6.283353	6.368273	3.141961	7.639317	2.872298	4.376640	9.550397	3.886236	4.542440	6.324808	10.444042	6.747371	5.515061	6.937551
4.506225	9.395424	3.997395	4.997594	5.835362	9.118467	2.729933	10.108660	9.657981	3.674333	5.014409	4.458821	2.813595	10.468788	8.829724	7.248139	4.497507	9.998012	9.004634	2.974215	9.083793	9.354330	2.483889	5.891612	2.231062	7.231947	2.942190	9.387320	4.929587	4.696356	9.650726	3.291961	7.472687	2.933503	9.907574	6.967933	9.259707	2.916840	2.378805	9.597145	2.466664	6.600740	9.337519	9.229015	5.940625	4.732768	8.790421	6.307833	6.495469	9.953177	8.460320	6.318283	7.004758	5.634692	5.923125	3.446373	7.681425	3.394572	9.288920	5.661020	4.248232	10.461391	6.117104	7.537468	6.293954	2.203350	5.407345	2.363785	4.649516	5.948704	9.516582	10.272284	2.851481	8.713661	3.310766	8.137193	6.628980	7.658595	2.571773	4.663569	5.816306	9.141490	7.031896	8.423122	6.666110	7.342260	5.460931	7.115323	8.227299	7.727907	4.109243	8.625340	3.140088	3.480892	4.921063	3.011175	7.239241	2.409047	10.312045	10.080350	9.336850	3.665315
3.721815	3.145220	8.655834	2.453105	5.640853	4.737926	2.401638	3.357014	2.965565	2.519190	3.871879	9.495906	7.506148	9.496425	9.454136	2.986705	9.645958	8.543797	6.751699	9.277099	9.621032	8.087078	7.810714	5.030492	8.880082	2.617426	9.040679	5.985376	10.380860	8.110107	3.749479	8.206348	3.481497	7.414219	4.341638	9.840925	6.126736	8.130794	6.212631	3.276818	5.711909	7.366883	9.406072	4.021048	6.590355	4.470852	7.196666	4.138686	9.417510	8.625594	2.385102	4.658855	4.417631	5.743495	2.177854	9.271390	3.279023	3.671006	6.090608	7.166482	3.539817	5.273447	3.986877	9.412426	10.336853	7.134125	9.433067	6.663115	9.947832	8.585517	2.283153	4.778198	6.742042	8.168277	6.885977	5.131438	6.222963	3.277958	3.368670	5.235933	2.913285	4.077697	2.689017	3.446549	2.461810	3.926503	9.732485	9.738816	6.022353	9.957736	7.029448	8.985106	3.572331	2.570489	6.757731	2.797195	5.215142	3.527913	6.494703	3.409452	7.984750	9.361993
8.587499	9.674785	8.481171	2.268728	9.073386	2.277510	5.016211	3.316130	4.462052	4.378688	7.883314	7.278280	8.860547	6.213266	2.276108	4.672316	9.949428	5.494553	4.766244	8.906058	5.291798	7.784456	8.407305	2.960406	9.712323	7.100506	3.010036	4.968988	3.493869	8.995780	6.961159	5.433915	4.860715	7.894456	7.532464	9.808799	7.747790	10.149208	8.363848	3.082370	7.929227	8.620556	3.693857	8.402120	9.343472	6.819809	8.470947	3.779030	6.468325	8.569032	8.286628	7.165228	3.220668	7.485276	5.252397	7.544048	10.159689	2.989952	3.064550	9.564507	2.620888	9.608542	9.257697	5.702075	10.213882	4.636330	7.185287	7.689913	2.257032	9.101045	7.064699	7.139773	7.466693	7.030759	7.455396	8.916633	9.363370	9.186525	4.286215	8.025646	10.005288	4.426324	3.275634	5.819195	8.062118	5.174107	4.350124	6.000392	5.953390	2.651654	8.544327	3.405646	4.603534	9.218997	5.239126	7.931689	8.686406	3.792933	7.107290	7.085905	4.112831	3.067353
3.315615	3.177359	7.348897	5.858013	6.845425	9.356464	7.602728	10.027716	3.719779	9.940758	8.903039	5.114262	6.360551	4.949447	5.443732	4.836298	2.880575	4.887774	5.719385	3.397178	8.245347	9.373348	5.223152	7.212863	9.812645	9.392275	3.653774	4.462208	9.131371	5.946015	2.961823	9.895423	4.641388	5.937999	8.619642	8.855476	8.728251	2.842937	3.807533	2.439866	6.307940	4.918586	7.130411	3.217501	8.321330	3.177420	2.513051	4.999639	9.565757	4.598555	8.671744	8.216033	4.128557	9.770866	3.933704	5.163862	5.339867	4.827702	5.067688	5.545200	3.564542	8.365511	4.729197	2.850743	7.665433	3.044554	9.999741	3.515012	7.655434	8.686488	7.437157	6.114081	5.928376	9.233472	8.623172	2.156324	4.769372	2.425616	2.314707	8.632945	7.724739	4.142150	10.359875	3.482303	9.360784	8.690611	7.216959	6.629818	2.995160	7.305158	4.636220	4.243345	3.619356	6.493581	3.745056	9.924616	2.329308	5.368176	6.060042	8.684603	7.795268	8.434690
8.933933	8.024747	3.293444	8.664973	4.507644	9.476769	5.698432	7.885116	6.157433	2.681285	7.369348	7.131147	6.603992	4.602641	3.055520	6.621329	7.865769	6.628443	3.017411	2.640943	4.930962	5.733123	9.232405	5.590172	4.658573	8.015323	5.922240	3.830719	8.633571	10.022763	5.639999	7.000492	5.553955	6.543979	2.531989	4.989102	3.497941	2.912876	9.963376	5.996156	8.728981	6.271414	3.442767	3.959931	7.455291	9.109969	3.067709	2.108821	4.009287	2.178918	10.402938	9.316653	6.497225	2.341075	6.115629	3.668654	6.242239	7.985105	3.120731	9.600947	6.504237	6.978017	5.862718	7.173902	10.104883	3.349528	4.592271	5.733215	9.054553	6.752841	6.090421	8.262244	9.414721	7.859394	8.388100	9.697744	8.293980	6.541356	7.471069	7.490221	5.743413	5.043926	8.601645	8.569861	6.590387	6.105042	8.015845	3.588902	6.917928	5.370065	3.315653	2.534122	9.945661	9.095471	10.292591	9.544150	2.125304	7.267537	4.958222	4.982011	4.923691	4.941096
5.342045	8.436293	8.619902	5.043237	8.291725	4.165608	6.093149	5.779313	9.641107	4.595397	8.368930	2.906023	10.306399	7.266350	5.100352	2.319766	6.967987	6.187582	9.917135	6.419034	8.669199	3.160464	3.509236	4.002923	7.030145	5.636862	5.814755	3.975483	6.702124	8.223104	5.523950	6.592984	9.162458	5.820366	8.143857	6.476341	2.418112	6.265998	5.486012	10.379596	5.300064	4.028139	9.985365	3.613057	2.977882	3.710946	7.841497	4.964207	6.876826	10.166516	2.711388	4.016360	3.456493	8.792131	3.961307	5.899138	8.338337	3.435454	6.349274	8.115392	5.606636	4.409577	2.680796	8.546413	10.385519	10.015570	9.206863	2.963458	3.989020	9.272903	7.845536	5.918429	2.894659	5.014331	9.361542	3.839198	3.782939	2.512557	5.424101	7.875736	9.030655	4.883902	10.042456	5.983585	7.238568	5.179845	9.800187	5.290553	9.329168	5.027538	9.994826	7.588808	7.701265	5.884097	7.547698	9.209650	3.038915	3.123997	3.946247	7.201103	7.977545	6.985306
3.607090	6.092211	4.802722	5.411914	9.982804	3.101193	10.399905	7.480437	7.773387	9.062145	10.365651	8.193987	6.750931	4.479681	5.919484	2.120448	8.497559	8.013690	9.713426	5.146985	4.629183	3.927951	5.973721	8.070470	10.263994	2.693290	9.303757	5.532198	8.309864	6.916238	9.602028	6.371650	8.024020	6.591795	9.568642	3.248381	6.399305	4.530337	7.705449	4.380841	4.912124	3.525094	4.694746	8.571667	7.885099	5.980571	9.093864	2.766320	9.865275	5.155567	4.830665	6.913286	2.961213	8.083533	6.785887	7.863271	9.864097	3.281755	4.636070	8.991740	4.623413	3.735469	10.230850	3.953315	7.803559	7.305549	9.135335	10.245969	7.146874	4.519079	9.075243	4.867630	3.601351	9.914163	4.181503	6.827322	6.869357	4.338780	6.587298	2.797375	5.989125	4.601806	4.333890	8.078171	9.369371	9.912938	4.420964	7.521025	3.484716	9.082381	2.827973	8.428629	2.802748	10.178764	5.305814	4.086598	7.643128	4.323979	4.436738	4.394784	3.131878	9.894838
10.389099	3.596125	5.869990	2.448502	6.046376	6.939899	9.377320	4.476443	10.141297	3.700610	10.452380	5.709045	8.837944	4.909923	8.319054	9.316630	7.034539	9.027756	8.791797	4.274857	6.235935	9.827405	3.248914	5.192669	10.456804	4.402989	5.867367	3.765450	4.956902	5.815043	6.841434	10.199388	7.835646	2.313106	8.821219	6.318419	2.233343	9.327301	9.000022	6.966321	7.061086	9.354015	10.111926	8.862869	6.547377	8.319712	7.887184	7.633901	5.791002	4.958674	2.297304	4.956430	7.927271	4.948744	5.836834	6.606297	9.752807	9.315609	9.244163	7.209740	8.016787	7.151924	2.987436	7.303743	8.949079	2.567513	9.366995	7.636616	9.460696	2.187296	2.665754	9.954803	2.341750	2.654005	9.827944	3.950675	2.358552	2.809668	10.110880	7.411231	7.789386	7.281419	9.286096	3.186142	2.460768	2.940185	9.004859	10.008791	6.086816	8.356691	8.759788	4.673074	8.653240	9.064818	4.640732	3.833527	4.898146	4.503105	7.662162	4.390240	4.076826	9.982667
5.305492	5.201682	3.596531	7.226373	6.931697	3.831899	5.787021	4.342676	9.503112	5.992886	9.221388	4.360901	6.811974	4.860300	5.861375	8.109231	10.117045	6.381098	4.919953	2.157489	9.415110	4.751256	7.864527	10.175856	4.291289	4.258579	8.199589	3.147863	2.721847	3.167365	9.512100	2.809067	6.008699	6.902398	2.957020	8.767012	8.466834	9.397268	8.596012	7.392127	3.378024	4.841867	2.298428	6.162182	8.140618	3.426844	4.136960	9.566019	4.848474	5.430857	8.696668	6.421337	6.903478	5.691497	5.515667	7.457951	3.877180	8.284481	9.913743	4.122646	10.272968	4.519188	8.575971	2.678589	9.563924	2.616759	5.062887	6.943829	3.577284	2.634919	3.399890	8.376188	8.690991	4.463647	6.507760	9.448662	2.236991	5.982390	3.658135	4.627860	8.016540	10.457994	7.945310	2.923878	5.780823	5.575893	6.344286	4.325723	8.149563	7.771938	2.964523	7.531566	2.618435	2.119785	4.747046	10.097687	6.658933	4.813862	10.179047	7.491831	5.346520	2.358238
7.143204	9.054377	7.176868	7.104515	4.511622	8.588487	9.937687	8.156321	7.844175	10.388168	8.783255	2.983837	8.270476	5.580288	5.930534	5.450728	6.135848	8.893196	8.711754	3.434304	8.758464	2.357670	4.475099	2.249974	6.815752	5.315179	9.922481	8.589844	4.623608	6.043053	7.274271	3.126829	9.737535	6.719663	4.693847	7.915436	7.924673	4.146062	8.232141	8.603708	9.012953	6.113743	8.400272	4.036059	2.529317	7.509080	2.638210	3.407885	2.198678	3.231825	7.124971	3.826608	8.241844	2.727874	2.173124	3.252476	7.197133	10.346553	6.073416	4.755746	7.232251	3.892907	2.804517	9.791440	8.065948	4.027619	7.960513	8.944892	5.387054	3.370510	7.552056	10.022059	6.719360	8.865024	9.701585	2.954833	7.916784	2.284440	4.223471	5.892511	6.198071	6.263821	5.442443	3.347681	6.167106	6.407444	3.478730	6.403245	6.616312	3.290173	4.486263	6.508208	2.117018	4.530835	7.016175	3.026596	6.574623	5.793265	9.185642	8.146776	3.379532	8.280876
3.382196	2.300605	8.932744	5.681060	9.797653	10.052513	3.710969	9.023137	8.189879	2.161783	3.580550	10.057089	4.613395	3.371235	10.327455	9.383625	10.020744	3.226992	9.145492	6.674206	8.430888	9.908302	7.894020	9.275149	7.838599	8.921274	5.587282	4.956993	10.037100	5.515035	6.823695	8.115776	8.218581	3.346821	6.224632	3.869378	5.642723	8.354794	9.965221	3.997804	5.400590	2.957933	4.314930	6.966743	10.270690	3.037341	2.943535	10.077487	4.395101	4.331097	3.200967	9.947265	5.297614	8.194701	2.316393	10.124027	2.522595	7.811494	9.978608	2.937785	5.134165	8.531650	9.437442	3.335252	5.315387	7.147325	9.705752	4.622833	7.781662	10.039010	9.383631	9.116949	3.360832	3.918881	8.518753	8.082063	7.393497	4.889977	5.325550	4.666686	8.450176	9.053838	4.810556	2.228022	9.554993	9.134410	10.295113	4.856125	3.207243	7.915146	2.239734	3.902741	3.206512	7.566527	3.126237	10.055451	6.958726	8.652463	5.416519	2.840953	3.130812	6.318625
9.883294	9.680462	6.845302	2.792688	2.165467	8.411972	10.223300	5.823011	8.509758	7.577310	4.413254	5.938900	8.347317	5.033167	9.718039	9.596717	7.263348	3.487131	3.484372	10.387751	8.945135	8.967784	5.675978	9.679178	7.863641	6.249049	7.766059	4.244922	5.704420	10.333200	4.855495	9.671339	3.238666	6.893319	4.663214	6.080265	3.806477	7.308466	8.805563	4.291208	2.958102	7.872586	6.945980	5.143958	3.300126	3.108552	2.207027	9.510873	3.052535	4.783778	9.238085	9.459999	6.699229	9.088204	4.510982	4.785816	6.379276	5.464813	3.863647	9.113001	9.943612	10.415410	7.964978	5.588262	10.383948	2.846826	8.956657	8.285601	2.251089	4.180857	5.723441	10.110318	6.909089	10.195334	3.068185	9.266935	6.369574	10.302899	3.780835	9.089233	6.612940	2.385462	3.224612	9.083988	3.376635	8.968157	3.103517	7.616748	3.317374	8.267498	6.484396	6.517008	3.265100	7.596761	5.854469	4.083986	7.096569	10.207761	9.216787	10.260042	5.145092	5.277245
9.049255	4.413859	8.222999	9.860531	8.191228	5.569860	6.239037	6.662879	3.666157	7.335331	5.151564	7.304371	10.465931	8.010035	4.761500	8.398467	4.700234	3.161514	9.697090	6.596340	2.921666	6.386938	7.200675	10.380735	10.275011	7.362070	5.729417	7.964158	9.375261	5.524208	9.900497	3.936150	6.755292	4.204469	3.621367	4.417202	10.021026	6.164292	8.013649	7.746940	3.165065	8.738863	6.664065	9.938996	2.940233	7.138882	6.991440	5.391573	6.209437	2.669952	7.261099	6.681961	7.824877	6.416291	5.390727	8.714310	2.279973	4.977238	8.947130	9.019768	2.635099	5.691060	5.058421	5.495497	5.219067	5.742460	4.473664	8.224173	3.623773	7.086677	5.286848	10.224924	3.974274	2.881372	4.600733	4.829509	9.698560	8.041060	5.687902	8.411831	8.152298	9.257332	5.138829	6.712101	9.304971	3.435763	3.383453	8.976828	9.411331	5.387220	3.606349	9.168644	7.325318	9.622846	8.993125	8.936886	6.979778	6.393541	2.422385	9.113306	7.357140	10.158905
4.344604	3.057613	3.242830	3.986156	8.301230	4.270638	2.846806	2.619866	8.123532	7.601933	6.163994	6.853363	5.038494	7.286861	6.585933	5.159681	6.866256	8.300443	4.172618	5.515914	6.728902	8.640422	7.234906	2.156539	4.164574	3.464643	6.240871	9.466903	3.531875	7.609961	3.915364	5.480376	4.461142	6.583562	2.988588	8.747602	3.571229	3.138398	9.529698	6.944282	6.991673	5.885484	5.875790	6.225913	6.118116	4.033632	7.937868	5.511995	10.084649	9.691748	7.370524	2.770467	5.649566	2.333499	5.472960	9.022234	8.875271	2.249860	10.017339	5.998817	9.310765	8.852941	2.364945	9.768318	6.032444	3.229693	4.522050	9.604525	2.958540	2.866026	6.426017	7.785297	5.745111	3.337158	5.761370	7.707427	3.801673	5.457617	4.124366	2.636705	4.836305	2.776720	2.369339	7.049556	6.878210	2.603743	4.661916	5.590492	9.053236	6.483237	4.399938	9.580179	7.323454	5.936284	5.227304	2.395630	8.199183	10.215197	5.638876	7.490608	5.031476	8.884156
2.321568	6.444415	3.311106	7.060401	9.035091	2.850120	8.938637	5.355235	9.357412	7.671285	6.987128	5.869367	4.911056	10.456933	4.931688	6.859726	4.711982	3.216039	5.429456	9.669695	9.111980	9.320286	3.597288	4.741277	9.694214	4.656697	6.885786	6.574991	2.811089	5.796105	6.923979	6.909514	3.565314	4.054653	3.970278	4.851572	6.597705	10.136573	6.899659	9.927625	3.748310	3.948936	8.238319	9.171203	2.860133	9.726243	9.611933	3.522813	2.822721	4.806242	4.749594	5.411792	7.117223	5.418982	3.469285	7.459808	8.817084	9.402591	4.366392	9.133267	4.450643	2.853420	7.859870	10.447973	7.041223	4.202517	10.248431	9.989750	2.837560	3.830699	6.157054	7.098193	6.901391	5.183973	9.815077	2.528002	3.201483	7.874394	6.722300	3.967321	10.411281	7.258893	10.126540	9.848962	6.834246	4.676272	4.194511	8.578004	9.178281	5.285578	6.488177	2.813258	4.393131	5.294071	2.686838	7.977826	9.312294	4.056287	5.990255	3.604890	8.340629	3.903261
2.369957	4.876892	4.612967	5.012537	3.911219	6.258748	5.711060	3.148982	3.883626	9.552011	7.496812	6.782374	4.546806	9.590069	3.136086	6.101748	9.188906	9.693620	5.622914	2.906541	6.885593	2.343648	5.024680	7.148125	8.647117	8.580659	4.027470	7.869702	2.523639	10.341945	4.595831	6.136201	8.543857	5.347980	6.226409	5.021336	10.014353	6.117949	2.749512	10.421023	6.256521	4.270118	8.798337	6.729610	3.658515	4.874012	4.952325	10.455692	9.448259	8.154834	9.789880	2.648306	8.496319	4.392343	7.085097	6.990576	4.313710	4.853828	8.368934	5.966732	4.429637	3.317135	7.385984	2.749081	3.167710	9.851953	4.998634	6.201281	9.855919	9.857935	6.515536	3.873648	3.706190	7.742790	2.955664	6.256162	7.629205	7.977765	3.158191	2.578005	2.626677	7.815907	5.618403	2.852796	7.386515	5.239382	6.944200	2.601254	5.583319	2.775589	6.490103	9.417960	4.700451	7.240031	9.155993	5.913629	7.851912	5.793317	2.803583	8.841053	7.249392	5.021314
8.189315	3.113904	3.135211	9.853682	8.155056	8.257660	5.773809	4.177758	3.852709	10.342050	6.634253	5.481102	9.199831	9.578096	4.518479	2.278094	9.593787	10.039351	9.099568	8.746230	2.975300	5.220081	2.927792	3.236464	3.537939	8.596205	4.106730	7.410838	2.824022	8.073373	10.063105	9.691648	3.518394	3.803926	2.331034	8.111489	9.902794	3.210354	8.049416	4.753778	3.183116	4.969509	5.311055	9.467226	4.965376	3.756851	9.952415	5.136414	8.702429	2.994930	7.425414	6.705693	6.198148	4.630298	3.261799	2.700717	2.691284	6.855448	9.113149	4.486141	7.020122	6.394240	3.416620	9.949300	9.380611	2.531344	9.762192	3.349835	2.918742	7.156278	8.220716	6.609167	9.432274	2.864832	4.194253	4.435930	4.086478	6.888146	2.547664	9.337367	6.359288	5.877593	6.253171	10.298671	2.233990	2.215953	7.285687	2.941041	9.008227	4.241233	9.181965	4.964262	10.014557	2.831930	3.598610	2.226790	6.565313	4.668102	3.394261	6.024008	3.620658	3.199781
10.192766	9.685778	2.690563	9.591791	6.432553	3.188744	6.847498	3.264173	5.709778	6.348608	2.593569	10.040460	4.257322	2.883792	4.576580	7.181837	8.990771	3.405353	7.404527	5.028835	7.164763	8.793073	4.999762	4.275151	6.698487	8.322060	2.751085	8.925992	5.710545	7.998776	9.483340	8.507885	10.437968	8.919738	7.942457	5.367239	10.157364	2.813618	2.887550	5.603057	5.623117	3.342015	8.156415	6.939925	3.424350	3.205583	7.607255	10.387837	8.239605	9.453187	6.684302	6.715115	7.575013	2.140168	4.847227	3.249119	5.742708	6.714810	4.603080	6.750925	6.786640	9.283535	5.588619	10.456556	5.788255	6.463549	6.564508	5.511733	2.306775	3.690024	6.190607	7.901810	3.915035	8.939851	9.316392	8.002047	7.278272	4.607727	6.454761	6.138537	2.786036	4.727319	3.049517	3.308954	8.841175	3.478565	7.310419	6.356964	9.473212	8.909357	7.623527	7.715988	5.479663	9.097597	3.036945	9.328201	4.228628	5.122557	7.936836	4.367443	3.708127	8.996223
9.685970	8.514972	9.410664	6.195163	7.600615	3.513546	4.758840	7.169386	10.412694	4.635479	7.129075	5.341801	2.711299	9.215627	5.770007	3.616223	7.131610	2.183162	4.159255	2.546973	10.223866	5.229246	9.608296	7.115935	4.862151	9.073374	6.900567	2.523089	3.346606	7.452959	5.851632	4.510351	4.163431	3.370107	2.519567	4.467755	9.185547	7.414661	5.284663	2.760656	8.778540	5.568503	5.247793	3.015486	5.513893	5.236308	4.148875	3.751473	8.296759	9.131825	5.218316	4.068633	5.397151	3.096074	10.206844	9.595974	9.467186	4.766990	9.052494	3.433667	10.405339	4.742885	4.265333	4.445401	9.370707	7.044450	4.983914	10.191455	9.569770	9.121791	4.115811	7.490656	4.524431	6.362978	6.185125	9.528884	9.091106	7.986835	6.076004	8.007847	3.318287	3.431725	9.233722	8.412404	6.693839	5.283319	9.783145	6.306063	10.428919	3.501360	2.181690	9.148250	5.235712	6.584976	2.496402	6.509350	3.213652	9.601354	9.453484	9.264477	9.599558	5.723041
5.219767	4.608490	6.822735	3.466665	9.767886	8.915607	9.986876	7.751728	2.727862	2.519968	9.927243	9.271150	6.272259	6.740622	2.785099	5.673314	4.258207	3.458253	4.933849	9.221001	6.660512	2.912629	7.574786	6.491439	4.668977	6.970770	9.303254	4.022404	8.295795	2.792589	8.424180	3.686056	6.777573	9.985858	8.757186	4.414250	4.819062	8.657347	8.629276	6.653796	6.265539	9.597653	9.199709	5.447292	3.112508	2.656254	2.457431	5.941025	9.746813	6.563609	2.592180	8.255472	9.553587	6.933139	10.073871	9.950600	7.473008	7.698959	7.566441	8.547423	8.902837	3.165102	9.916402	5.461839	10.273606	9.276781	4.801137	5.123693	7.361245	6.856146	5.560504	6.596100	4.089488	10.361214	6.724128	2.672680	8.539766	10.123405	10.408665	6.437259	5.893002	5.061395	9.348453	7.903201	5.810623	7.042753	4.929148	5.775042	6.369420	10.268851	3.712777	6.165623	3.359268	6.995878	3.495684	7.091715	2.728157	4.509252	5.522605	9.144828	10.259885	3.726187
2.540418	6.536976	8.882765	2.258465	2.828864	2.357910	4.303528	2.622826	3.529773	10.052462	5.811719	8.518317	10.217046	4.666982	2.653921	5.051519	3.144922	7.918271	4.438466	7.044943	2.579789	8.180179	10.413964	5.435485	3.731830	8.997769	10.277913	6.651685	9.272506	8.992604	8.525885	4.520640	3.923125	2.210466	6.617391	10.247501	10.014716	8.499652	8.677180	10.381750	5.172221	6.499233	2.292100	7.525260	9.050014	6.356000	6.245355	7.172400	9.594939	4.730878	3.450654	7.637190	9.793724	4.944721	9.953502	5.883516	5.833276	4.497425	3.842937	7.362365	9.972693	10.417506	3.090862	2.418585	8.237536	9.460934	10.219676	3.076234	10.244268	8.285874	7.943034	5.132910	8.727831	7.148062	6.619408	5.403774	4.825209	6.747490	8.575905	7.040302	4.408083	7.933655	10.406943	6.581493	2.631756	3.340742	5.777253	9.342108	3.747120	9.816719	8.011862	6.160169	3.461164	5.136886	8.270028	6.262153	7.244903	7.143627	8.578862	9.045673	9.221929	8.323615
4.027766	8.791637	7.928891	9.057313	6.787387	3.601382	4.906005	7.258834	6.345072	6.605829	9.546983	4.636617	6.303928	8.241767	7.463507	8.440396	7.220612	5.915617	4.204285	10.284534	7.054022	7.017507	9.038708	3.571209	9.923404	3.273373	4.772473	6.291111	8.284367	7.783901	2.314862	6.466847	6.134393	8.657764	6.757024	4.873006	6.643890	3.681503	8.622416	6.515520	4.939228	5.067575	6.365301	7.960399	5.786103	9.519739	7.468771	7.902420	9.156076	3.889209	5.705482	9.174449	4.117581	5.074013	3.013917	7.344325	9.652742	6.590399	4.538977	9.610916	4.407028	10.281054	6.432963	8.013597	6.421990	8.980048	5.677628	3.597257	10.222055	4.952133	8.756264	9.367244	6.218936	3.133373	5.417981	4.717649	6.504826	4.673584	3.012221	7.158567	3.899894	3.268777	3.900165	7.830408	4.444725	7.969647	7.397092	6.771930	2.921890	4.381826	8.382290	2.741745	2.770923	7.117743	7.198518	4.938241	5.262317	10.192932	5.181868	6.232660	2.870944	7.975130
5.473586	7.923090	9.486305	3.874843	8.924649	10.300247	4.931147	6.846243	2.303378	5.271802	5.833959	5.554618	8.454305	7.267871	5.241887	9.997605	5.832298	8.845725	7.468882	5.428613	9.575035	5.542755	4.845765	4.231258	3.711537	7.494452	10.114303	6.738156	4.283440	5.083229	6.326040	4.062169	9.009963	3.140614	7.817650	6.237007	8.739394	4.874907	5.120738	6.449610	9.755682	2.657022	9.865268	4.950800	8.138430	4.880224	6.848991	6.673047	10.278339	4.423378	2.434866	5.742359	9.331122	7.661010	6.483977	4.327183	7.239969	4.521870	10.179167	2.244603	10.290643	7.612053	3.915719	9.218689	3.187345	7.153740	4.310985	8.210999	3.449857	2.767318	8.361973	6.088204	9.085276	6.296479	10.225694	3.530682	5.724226	9.266491	2.673856	7.112232	7.885082	8.903361	5.283407	7.726769	7.188479	9.857471	3.223210	3.094159	6.584354	9.806353	7.811693	9.241003	3.396184	3.538397	10.241617	6.964858	4.486300	9.603291	9.468191	3.540127	6.160614	3.925190
3.383464	9.742831	6.072780	7.256201	6.461750	6.201320	6.506500	7.285657	8.032655	8.756017	4.239541	5.305438	9.138489	3.005902	4.906113	4.148863	7.207349	3.134420	4.966079	5.712199	6.704235	8.932689	6.779178	3.762779	2.824744	8.841888	3.108467	5.141247	8.820281	8.216205	8.930106	4.025003	7.416667	5.700835	7.745326	3.382717	3.471432	3.414085	4.094210	5.566862	3.262249	6.117477	6.656072	2.143209	6.042988	7.526301	4.640700	6.474361	4.196879	7.256124	9.269646	4.429232	5.691512	2.876153	2.338536	9.645534	4.040487	6.958080	6.391508	6.420151	10.478205	7.954709	2.272307	7.245846	10.347939	5.496100	4.546258	8.875179	3.048141	5.882111	3.472767	8.675494	7.403063	8.419681	9.435204	4.661698	3.692486	5.839123	5.314054	9.103539	4.627850	5.861398	9.308015	8.324337	6.339638	3.691554	5.575533	6.573647	2.764846	3.958229	5.104775	8.650232	6.513796	5.458152	10.402218	4.990979	4.332579	8.269916	4.424094	3.007927	2.999550	6.170800
4.254710	6.009900	7.436587	4.883473	8.771867	7.554818	5.824324	10.319711	8.619590	7.632142	4.928633	9.087746	2.784270	9.232586	3.882143	9.468608	8.250077	8.243504	8.694617	9.883921	2.560381	4.542467	10.371987	10.373812	6.422333	9.773579	4.869312	5.165291	2.745895	2.823306	3.112219	7.927142	9.862021	7.014239	2.423169	3.817329	8.457770	6.256029	8.178210	7.192174	5.292412	2.901207	8.077821	3.231142	6.391336	6.764967	4.506273	2.583094	3.455694	2.509780	2.550422	4.773873	8.136276	3.628501	2.441160	10.095805	3.256269	2.968397	4.416791	4.966782	6.749563	8.880418	6.368615	2.353127	7.260990	5.931401	7.043275	9.693302	6.103395	2.233526	2.284945	8.379749	3.696456	7.551480	7.280521	8.552704	4.273122	3.064544	5.422313	5.482918	4.926248	9.980453	4.597501	3.354784	6.597300	7.928352	7.250965	7.925534	2.436071	8.075378	10.110491	2.890069	2.422553	8.996621	4.689033	2.558224	5.317790	2.630061	4.922259	7.738607	4.841002	3.834406
2.689109	7.506887	9.921713	4.707653	7.140211	6.776310	7.003495	5.237025	9.118695	6.144207	4.590998	2.873578	6.011313	3.233604	2.867275	9.027508	6.535726	9.458016	9.127612	9.296132	9.924917	8.889653	4.788053	3.968019	2.629009	9.047655	9.717002	9.048353	4.815266	2.916350	4.627477	2.764037	7.025027	5.384700	9.699072	7.363783	6.953847	4.191648	8.131721	6.293823	8.445395	4.456416	8.705981	4.917475	5.415025	5.075891	5.188542	7.866284	9.517536	2.481847	9.037121	8.402805	3.752259	10.072532	5.567353	9.507012	7.534179	8.747874	7.669214	4.858662	6.519322	4.732131	5.156138	7.806679	8.057944	6.496169	9.908387	8.664332	3.900161	8.629300	5.972068	9.563061	6.636111	6.707705	2.614211	5.136003	10.003392	2.269872	2.221147	6.892119	2.850392	3.931510	8.811318	8.658971	4.236101	9.548413	8.793071	2.747198	6.003606	4.114580	3.907045	4.138279	7.868394	4.426457	5.671822	7.867807	4.364548	9.104193	9.409093	8.127527	8.742812	6.969552
9.648977	5.464491	9.218381	6.221107	5.229251	3.043381	3.287534	4.192364	9.863603	7.269677	8.741338	9.019733	5.832139	9.670258	3.671287	5.122713	5.392157	8.577129	3.998775	7.335056	3.607649	4.805473	4.011703	8.336884	5.095657	2.398857	8.740957	7.323892	9.647359	9.263620	10.281636	3.783883	5.225409	5.238805	4.089690	6.369042	3.430098	4.113680	8.578183	9.264755	2.642044	5.111728	2.120790	3.710567	5.582811	8.638164	3.765073	5.778482	8.402128	7.692817	3.729336	5.861483	6.193127	8.846997	9.241995	6.292626	7.112009	5.372171	6.472277	3.975773	4.795754	5.862485	6.022242	3.412279	2.471711	4.742002	5.979059	3.606408	10.446105	9.883035	4.646535	9.006265	3.989813	7.208447	2.638386	2.410263	4.276284	2.683697	6.713543	5.217951	9.668301	3.155846	4.573329	9.282003	3.590310	5.900440	8.223229	8.586246	6.526912	6.641395	9.560804	5.653802	8.827928	9.514297	2.933932	8.510200	8.060104	5.408960	8.976248	8.331512	3.286794	2.382359
9.091405	3.866832	8.710306	7.789393	8.337579	7.911640	4.367291	10.060891	5.903579	9.524236	8.604706	6.702820	6.065602	7.858627	4.358542	8.312452	8.437534	9.938755	8.426102	3.856754	4.587431	9.012757	6.295604	4.353271	10.454240	3.581163	4.777528	8.456421	2.202916	6.121756	5.868712	2.178930	9.476299	8.953641	7.572726	7.212757	5.937938	8.903625	3.218940	9.715009	7.009379	7.262117	2.537981	3.525480	4.267878	5.477580	5.302354	3.238417	10.395934	10.146733	9.821164	6.334357	7.255115	7.371405	3.413827	5.576072	3.275865	8.543578	5.892064	5.910336	8.260233	9.577763	6.318388	9.070383	6.885242	6.150481	4.658383	4.329836	2.271990	9.724024	10.184148	8.104314	10.459229	5.668595	7.753595	2.441962	4.623972	10.444090	4.605267	2.523576	7.211228	10.362070	4.860719	7.990293	2.355403	5.109829	9.876762	2.628670	2.154810	8.187395	10.435686	4.139955	7.235681	6.029743	9.103478	7.949984	4.331299	8.219235	9.283009	8.772445	5.357038	2.438054
7.059698	3.031131	7.747925	9.155883	5.404899	5.731846	4.897267	9.032061	6.313229	2.683685	9.444497	6.524038	5.055938	3.183607	6.162016	7.797666	4.175984	5.298916	3.560934	7.120591	3.976280	6.592043	7.470222	2.489926	3.480104	2.667614	7.726444	9.631311	5.802834	8.244772	8.298574	2.460411	6.993168	3.651207	3.890568	6.170450	8.775105	9.365900	3.193232	8.987546	9.024165	2.100931	6.970520	7.493435	9.908825	5.341740	3.369277	6.300248	2.792305	3.005183	3.619738	7.088362	7.109237	4.834032	5.537487	3.053395	5.499272	7.148175	9.694521	9.016649	2.305506	3.991606	4.390509	6.471358	10.331376	8.705833	2.487707	3.241785	3.502765	5.881034	4.191059	9.975488	4.958724	5.995356	2.174168	9.981832	6.819039	8.299065	6.289901	5.383842	9.968503	3.867317	2.572908	2.918009	4.821921	6.248377	9.059217	9.056744	5.480813	4.689243	4.333832	2.491788	3.572271	6.668042	3.871800	5.093200	9.935159	6.346384	7.340674	4.248646	3.820867	2.631036
6.859342	7.336591	8.536297	9.239649	7.645281	10.059996	9.090552	4.661901	10.274567	2.905997	4.070382	4.765595	3.416915	4.950728	5.125357	3.784499	2.791248	7.764247	7.123268	5.170584	3.879014	7.142916	9.998025	9.748655	5.385687	6.448033	5.138519	5.112825	3.531476	9.092957	6.467603	2.657736	5.831723	4.619962	2.209203	4.944323	9.081200	2.487369	9.496835	7.922471	5.898147	4.723161	9.992709	2.868107	7.017574	4.653202	6.490854	2.503497	4.322439	3.343956	4.437093	7.196024	8.238252	3.450744	4.081784	3.501282	9.001746	3.909288	3.421402	2.711269	5.237641	10.361003	2.758836	9.462313	2.811354	8.536600	9.089173	6.747543	6.074717	5.036645	7.836780	5.253287	4.959402	9.430648	9.897523	5.114448	10.010172	8.622443	6.542011	2.539517	3.315788	4.373704	6.603006	4.979789	5.515664	8.095497	7.428826	4.152729	2.102952	3.537987	2.118797	9.068189	6.922817	9.708911	6.699403	4.177214	2.892306	2.919631	6.146079	6.051587	5.504166	5.172716
10.201518	6.645940	9.175230	4.346263	9.407137	6.280573	2.132044	2.222641	7.769356	6.092954	7.932334	7.071697	3.227375	8.758202	7.365635	10.214008	6.520488	10.452668	4.211497	9.099367	9.627981	5.052423	5.053588	3.314933	8.338440	8.479069	3.316009	10.463125	8.845187	3.286662	6.639918	7.512297	2.904348	2.912837	4.815110	8.348599	2.260012	6.915520	8.908969	6.378870	5.220575	5.773711	3.358071	3.896655	9.631106	5.442183	8.305237	10.183887	2.259180	9.186494	9.061887	10.425010	6.562364	4.861693	10.439083	4.642804	6.747074	8.652385	6.859617	4.335885	5.139202	2.573820	5.565910	6.207616	6.845634	7.127674	6.328034	9.688887	8.593602	9.232328	5.695571	8.932188	9.015326	9.557565	2.809341	6.463465	4.153001	4.099830	2.551159	8.813919	4.583353	9.413356	5.796623	9.336875	9.191064	3.733388	6.243185	5.164147	8.620447	5.112120	3.522382	9.899477	9.360515	9.877852	6.746592	10.051480	2.959645	6.609727	8.847284	5.899058	7.254097	6.918414
7.297024	5.751134	3.539966	4.836535	4.503688	10.176377	9.356981	7.231051	6.973717	6.149030	9.430609	7.230309	7.443384	7.169759	7.343613	10.310085	6.504118	4.190814	5.525929	2.626291	7.332819	3.192557	8.558563	4.021065	8.708145	4.027453	5.484140	8.634559	5.498636	2.463792	7.715937	2.438697	9.445402	7.607540	5.368488	7.874745	4.643682	8.963672	4.328341	7.512424	5.338087	2.373172	3.223973	10.401751	8.493977	5.623406	2.876539	9.914102	5.706744	4.755357	10.214698	9.827517	6.300073	4.408955	7.418722	7.949833	10.468586	5.050824	5.127077	4.007310	4.048952	6.067729	8.690833	6.141780	7.451896	3.945842	5.675923	2.488515	3.947357	7.307520	3.151090	2.655062	6.176423	8.028641	3.362272	2.283160	9.255770	7.296723	8.145543	7.983366	6.730331	10.390413	5.734050	6.195341	6.806558	4.741813	10.075159	4.972823	8.779418	9.648647	6.331485	6.508587	4.081721	9.338079	5.240847	3.486605	8.173018	7.043379	6.705764	9.800695	5.385108	9.043096
5.107078	9.669323	3.353951	4.943931	3.566562	10.307522	6.639030	8.700493	3.669501	2.732387	7.181451	7.769252	7.942957	9.111461	6.872154	7.735386	9.749458	6.531924	6.862840	9.647394	8.293113	4.053751	3.138401	4.577060	6.665180	7.508159	6.787048	2.955529	2.552470	8.038381	2.602462	3.257047	8.396153	4.603718	8.959776	2.503362	3.506027	6.488260	6.893120	10.371146	3.282891	7.687658	4.139685	2.618614	5.882277	3.953735	4.408256	3.543153	7.028343	5.678186	4.592476	2.620281	7.531169	3.413083	2.464612	4.456019	6.266482	7.611761	6.390129	9.792783	3.961489	9.772841	7.158861	5.726258	7.558243	2.661363	5.333184	3.102781	10.471475	4.759894	3.679220	8.609262	2.439420	7.849807	2.686335	5.847625	10.051606	6.621423	3.104832	4.271135	3.982785	9.905904	10.202081	8.213109	6.574679	2.383001	5.174159	8.735182	5.179484	4.633757	4.386298	7.393236	8.527324	2.201375	7.737666	8.784529	9.760062	4.900538	5.949116	8.905959	9.971795	6.557385
5.178288	7.051366	9.596149	3.360645	9.045753	7.525702	8.303384	7.918442	9.369559	3.609400	3.573277	5.793307	7.455029	5.019692	4.407828	6.067926	4.182167	3.683741	7.354633	7.807390	5.590615	2.301201	4.823875	4.260410	8.351493	3.995259	3.494054	2.311464	8.686229	6.313002	4.588109	2.898983	3.645180	7.282424	4.969929	7.942616	3.022632	4.685633	3.757181	3.194613	9.188887	2.263119	6.454075	3.373977	8.352964	6.935358	2.931719	3.896551	6.126444	8.744400	4.573278	8.710949	8.688963	5.100507	7.999928	4.352665	5.968199	2.605556	7.989630	8.367434	6.135144	3.847403	8.182624	6.973787	10.370090	3.825144	7.697705	2.573545	6.775569	9.861437	2.232048	4.846173	2.841655	9.657824	10.308833	4.069211	6.547836	8.850838	3.556815	9.157382	4.309532	3.807897	4.155512	3.883105	5.401680	7.617006	8.951272	3.062740	5.230808	5.026829	8.696374	9.253485	5.516622	2.190498	3.614970	2.237762	7.719755	10.334146	8.997912	7.264448	6.029270	2.363486
2.974772	6.855488	5.767085	2.147441	9.331356	2.551856	5.303154	2.761967	9.016953	4.463690	5.283125	4.009059	3.434883	9.987145	2.145509	3.614154	7.133227	6.200928	3.819088	3.180238	6.872948	2.750855	9.805076	7.050293	3.389546	9.819036	6.464216	5.921462	3.422215	7.780031	7.876527	6.715145	2.949924	6.589921	6.923805	5.761532	2.178252	10.097016	7.584547	4.263285	3.153486	7.363787	8.432960	8.575078	7.524496	4.948766	9.621095	4.336170	6.958296	6.759406	5.797763	3.778166	2.786847	4.081428	9.858273	10.014802	9.866919	6.526749	3.737729	9.339755	8.819310	6.744660	8.201207	9.628004	4.332428	6.311487	9.809865	3.919575	4.524686	3.621910	4.107985	5.750608	8.563704	4.711704	10.266542	2.467031	5.724561	3.995884	7.723296	6.403938	4.771510	7.760537	7.259543	7.284765	4.654285	3.353800	3.878380	8.715723	3.840404	9.013289	3.561654	2.203186	7.731863	10.108212	8.988282	7.454551	2.435045	9.185498	2.965184	5.299758	7.584412	9.418146
6.639676	7.230885	10.260161	2.861701	6.116101	8.871635	5.216584	7.884637	8.910353	8.657479	4.875001	10.184825	3.779736	4.294955	4.275748	6.857565	9.186979	9.286259	7.558427	6.402514	4.899688	8.870941	8.519324	5.875863	4.499097	6.644631	9.930204	5.482360	8.170055	4.166578	8.277246	9.231739	4.851494	8.261639	10.228923	4.548455	6.364188	9.297183	4.458222	5.568082	9.201559	6.398031	4.413757	3.176226	4.368633	10.401782	7.351628	7.319242	3.304134	5.784839	7.135255	5.087301	7.940165	4.237725	8.017028	6.378639	7.394906	9.679224	10.080649	4.088523	8.811415	4.844680	2.633547	9.707277	4.602268	8.895952	8.881304	9.414103	8.206860	3.611887	10.130865	7.480439	4.177555	9.173758	6.521993	6.779058	9.874640	3.858034	3.526592	6.108961	5.455857	4.515963	4.168117	9.912659	9.057308	6.996628	2.256472	3.193608	5.698798	6.726451	3.657248	5.753418	5.131122	8.611822	8.908692	5.860200	2.427640	8.631734	3.258645	2.216360	2.101533	7.340885
4.107104	4.548020	8.860864	9.017125	9.615876	6.152385	8.317904	5.155585	4.735631	4.092119	7.051224	4.603032	2.284451	5.104892	8.847037	2.438788	10.306984	9.569630	5.763540	5.407603	8.844921	7.042711	4.116650	10.454241	4.439629	8.137878	3.701234	8.430182	3.603679	3.967917	9.006805	2.434463	6.913278	2.984457	3.575924	2.753194	7.123905	5.913886	5.207695	2.586965	5.029338	8.557082	3.546315	6.828045	5.210360	4.117987	7.638577	4.281369	5.192836	9.328051	10.438824	2.908795	7.041012	5.822636	5.123482	9.945028	9.072664	8.009072	8.181382	9.364626	3.696509	8.250201	6.953855	6.699829	10.135336	4.417954	9.907485	4.555681	8.931937	2.534519	7.638056	3.904685	4.699769	2.165499	4.732420	5.204711	9.400311	8.216117	7.414947	8.503246	4.988636	2.546299	6.906110	3.252000	7.237954	4.358296	4.410850	4.279948	6.792242	8.214534	7.741954	8.900938	10.121894	9.095462	9.387841	9.368403	8.208849	8.309459	7.480371	6.704885	4.619742	4.839238
6.213360	7.746792	10.041476	9.321107	7.670548	10.247634	9.304531	9.638119	4.087041	9.921875	10.392718	3.300112	2.876407	9.697942	5.019257	5.059800	3.112882	7.543193	8.087645	5.619149	9.992948	9.659801	7.795938	8.089447	5.338078	10.022235	5.633052	10.469178	7.323925	6.484080	3.250647	4.699827	9.175368	8.862201	5.915385	6.049890	3.765236	6.311853	6.879931	3.230341	3.783103	7.485616	7.224731	6.601349	2.172776	4.502616	7.082752	7.295174	6.981202	5.712982	9.208009	9.202318	3.905598	5.651832	6.340146	6.782529	2.917476	5.227418	7.373381	2.562073	10.273193	8.903065	9.092771	5.424084	3.441601	3.575773	9.160051	6.777247	2.705066	6.144982	7.677011	10.400740	9.886203	6.049576	6.361674	4.817683	9.445642	7.877808	6.881469	2.160773	10.207285	4.215742	3.504684	2.767307	4.763771	6.314667	4.253340	5.162408	4.337592	6.180400	10.186583	3.338573	7.091057	4.607289	7.521787	9.262741	7.596568	6.688873	3.960373	5.435972	2.193089	9.020575
10.322434	8.458474	5.450898	9.064232	6.782454	5.807260	7.199935	7.506736	5.209015	9.153604	4.354020	7.102976	7.173947	10.255042	5.117722	3.800964	8.596817	6.827436	2.213088	3.333642	5.144671	9.867975	4.279531	9.346262	4.714967	2.552326	3.053582	2.807901	5.397136	7.780955	4.050694	3.044800	10.002729	9.600166	3.621240	4.032511	3.213930	3.539652	5.173240	6.627072	4.590724	3.859347	3.915380	5.496582	7.008311	9.279127	10.014477	8.293588	9.510239	2.346449	8.294486	3.307946	7.204912	6.053564	2.679953	6.235616	4.191468	8.977568	7.608959	2.727664	4.571044	4.710328	9.000281	9.872512	8.785072	2.442229	9.522751	2.428080	10.323942	4.014821	9.272278	5.459583	8.692434	3.727566	4.745952	6.382897	5.809729	9.157642	9.323966	6.729849	3.592256	2.639935	8.316248	5.805284	2.267289	6.864355	5.705773	5.874202	7.613597	10.407558	6.536871	8.332276	2.180914	4.011703	9.828137	5.995794	10.145344	2.973684	9.447065	2.610358	9.675697	9.204877
7.053091	4.908584	8.402569	8.650500	10.448759	7.476937	8.131370	3.466023	9.399288	6.314246	2.784195	6.645699	4.043542	4.229366	2.147904	8.566443	5.802938	7.064612	5.313427	3.605855	10.339295	5.639737	9.692786	3.814673	3.941761	3.898771	3.424096	4.402913	9.338752	10.164201	6.646776	5.377823	6.501068	6.959759	6.496098	4.857119	5.370221	6.356672	6.651494	3.817441	3.130293	6.677905	4.810516	7.433912	5.680003	10.474840	6.086795	5.907977	4.480335	9.365867	6.600435	7.230847	9.167607	5.241501	4.722089	5.383641	3.015978	3.634821	9.643656	6.914228	8.490932	3.325121	5.827895	5.726773	9.171043	10.052199	4.294494	7.381446	6.612236	4.343092	4.069549	3.453630	8.476220	10.137846	9.928974	10.141581	8.077919	5.531093	5.754319	2.264766	2.627537	8.127116	4.433195	6.458050	6.397464	3.468243	9.913215	2.839444	8.172228	5.325931	4.416770	4.323094	3.212987	9.427856	8.199241	7.456463	2.330109	6.987015	5.853984	2.241025	8.804801	7.786613
3.768480	8.698032	9.766194	6.317488	5.822212	4.658195	2.965820	4.663126	9.837384	7.357904	2.151306	9.121832	9.986875	8.946258	7.138161	8.309365	7.410732	6.304665	2.126149	4.273697	7.107071	4.443699	5.834580	9.133982	8.367073	5.429445	9.976445	7.776789	4.744459	4.225713	5.000220	9.718194	6.806326	3.941985	3.101913	9.279782	5.387982	5.046908	8.762388	4.351346	9.493852	4.335697	10.099016	6.355521	2.746061	10.054545	8.803969	5.030363	5.738950	6.066396	6.148628	6.168021	5.299701	2.391511	4.145264	7.588587	9.692429	6.311867	9.644923	3.586443	9.812542	8.772044	5.594186	7.483302	3.322156	5.363630	5.109029	9.034955	5.235598	2.778962	10.116033	5.360138	3.266247	8.818501	8.174686	7.137473	2.406438	2.652457	7.924784	9.307261	8.638564	5.231871	6.716520	3.044055	3.662908	10.434152	7.869107	6.344240	5.143531	4.973302	8.602517	4.349792	9.362261	8.548207	7.893125	3.178924	9.654849	3.118558	4.961631	2.956956	9.969292	7.590235
4.379646	8.819784	7.595591	6.052769	9.663541	9.347564	2.399245	4.360815	4.105270	6.136242	10.456429	4.483520	5.042629	3.543237	6.626071	5.349781	8.709393	3.574345	2.218157	7.047725	7.623154	8.440015	5.085518	3.200115	8.336336	6.296269	4.527840	10.332415	7.474892	3.101796	7.865101	6.495378	2.692565	9.039154	6.714762	6.655146	5.867100	5.451980	5.842792	7.029582	2.487282	9.515410	9.134367	7.652872	4.651839	8.123309	6.704036	7.102967	5.165093	7.500351	4.207492	8.684123	2.264487	3.871843	9.439503	2.706013	4.884045	9.726183	2.897281	3.740027	9.349626	7.124225	9.943089	8.585939	9.426378	10.261690	6.819657	2.107261	4.605693	2.110186	3.676336	4.319002	9.708342	4.510787	3.396692	7.305237	9.980279	8.086050	4.427212	9.793363	7.891682	3.895421	2.254270	6.154180	8.872420	7.629938	3.207773	8.535628	6.115760	3.858641	10.277022	5.101926	9.056712	5.302465	2.869721	4.645497	7.664514	9.005896	7.959794	4.231409	5.813616	8.952312
9.610257	2.777626	4.305029	10.049089	3.818969	2.945983	8.542971	6.012939	2.917874	7.400192	7.099533	5.712050	2.219481	3.603813	6.228587	2.885203	7.114566	6.716268	6.298224	7.352662	3.879927	3.733794	9.846552	5.353468	2.364184	8.837317	5.576545	2.449396	2.387548	10.010858	10.036871	3.320458	4.877971	8.244222	5.988221	2.492073	9.343546	3.244454	8.728809	9.175508	7.458101	4.732354	2.846963	5.076778	4.636307	9.780136	9.833477	6.969066	9.197901	10.316359	4.417437	9.507236	2.547668	7.475078	9.312464	7.919158	5.000166	7.048093	4.585087	9.150987	5.665244	5.593626	2.137713	6.184820	6.917647	6.473878	8.768998	7.770125	3.302068	9.812301	6.942218	9.726251	4.780032	9.966176	4.462626	3.272089	8.582010	9.155691	3.858543	5.506236	9.779243	5.564506	2.351561	3.130123	9.464406	8.534340	3.403235	3.774207	7.273142	2.967963	6.846659	2.980585	6.569189	5.498605	4.562354	3.340978	7.893944	7.957066	9.635166	4.726129	5.871610	4.809662
5.558576	6.650252	6.737142	7.133682	5.947760	5.921456	4.894513	6.396920	4.884880	8.426325	7.141192	7.455737	3.325083	10.041427	6.502138	6.234898	2.898017	8.614021	5.751010	9.627569	9.998044	4.435078	10.162486	4.844669	7.922480	10.457216	6.345938	10.302837	8.976245	4.706252	2.639565	8.510477	7.452148	6.334699	7.701786	8.627943	4.375180	6.242401	2.541028	2.915679	5.096245	6.688013	6.030998	2.379571	8.503902	8.914308	3.764209	3.295060	6.640865	9.114998	6.985351	10.230865	2.742711	8.834011	10.147363	8.764089	4.476930	9.064303	4.299639	4.143319	9.459555	7.662994	5.475882	8.164259	5.084216	4.722607	4.467220	7.528567	10.419344	6.315206	3.892271	8.572145	6.671021	7.911856	2.443894	2.460753	7.174748	7.271268	4.561620	8.411651	2.791554	2.329922	5.087459	3.729841	7.206657	9.907456	8.108313	8.914916	7.496376	4.240244	2.288001	2.430665	4.514681	6.934889	10.385874	3.428288	10.342802	2.390049	2.798388	9.546833	5.145662	4.733717
4.820217	9.645268	2.966308	7.487408	2.132521	4.236528	6.527979	5.560517	3.374155	10.386129	9.861626	10.198555	8.406913	7.693599	3.675071	3.758766	8.250915	3.344305	8.599513	2.552250	2.213619	8.597247	7.159159	9.581723	2.883856	4.879337	8.710621	6.749317	2.701124	4.773290	7.246360	5.538576	7.721635	2.836226	8.106966	7.833004	3.081004	9.367134	9.582655	9.893849	3.804090	6.120780	9.643388	8.327008	8.310447	8.457378	7.402125	7.478723	5.127178	4.877793	9.816624	6.771664	3.773481	5.358116	9.258711	2.461620	9.155876	5.456578	6.534636	9.092047	4.255629	2.644843	9.756013	4.241488	8.145520	2.352248	4.713761	10.286361	4.349735	5.239175	7.032049	9.034312	10.219578	2.225685	8.601021	2.727875	4.445212	10.414671	2.456096	9.095866	9.431821	2.329331	7.723771	9.696593	8.123873	8.364092	2.161179	9.264655	4.426082	4.731545	4.052892	7.996502	6.392239	5.768061	4.865087	5.040124	4.449562	9.542775	3.688757	6.622300	7.295712	5.510174
2.751073	6.809535	5.865992	3.311731	3.449406	8.285687	4.061490	9.412254	4.698379	9.108357	5.755795	4.557788	9.492980	8.661280	7.620234	2.166667	6.649176	8.458200	2.975719	5.219733	5.246551	5.448519	7.603340	9.869462	9.617933	8.522914	8.205517	5.488985	5.059839	6.189448	7.327488	4.321065	5.875668	10.423115	9.024200	4.678955	6.055280	6.219298	9.653651	8.071531	6.936548	6.033408	7.524886	8.687170	4.615500	7.437652	6.722796	2.876529	6.138704	9.456254	9.333392	8.189412	7.851700	9.461285	2.389232	4.214679	2.149027	8.947224	2.589285	4.135656	3.069493	10.335933	9.882379	7.122165	6.875074	4.738565	9.521729	5.230702	3.927321	3.750464	6.737984	9.433159	9.040346	8.330014	2.363096	3.232968	7.274129	7.758767	8.541485	6.652777	10.058052	8.644156	2.257056	4.423442	5.310775	9.602607	9.213039	4.333051	9.508974	3.222761	8.849670	8.614274	6.039241	5.513825	2.224566	10.467802	4.005491	5.251993	5.491499	8.968226	7.471747	3.209418
3.327638	8.805283	3.143818	2.774077	8.551376	3.971962	6.648622	2.599709	8.367435	9.518101	6.599188	7.894319	2.209961	6.637107	8.448434	8.111744	7.966802	2.582426	10.365186	4.717052	9.669455	4.446895	5.644391	7.651659	5.355426	6.227354	5.837917	4.636200	9.732245	8.443156	7.842473	5.289779	6.814305	8.937672	8.506170	4.894564	5.505582	8.137552	2.671875	3.686020	2.566176	4.694525	2.412675	9.927020	5.361390	7.087247	3.539266	8.761093	4.489186	9.453224	2.298244	9.488568	2.764977	2.351521	4.164294	8.668541	6.082687	7.089059	9.635904	6.334301	6.351505	3.117786	3.812836	6.076151	10.168831	6.700284	5.919652	7.109098	8.856835	6.204694	5.306162	3.118307	7.602779	5.311201	4.850114	8.074517	3.868963	8.382006	2.995888	7.670838	3.911809	6.945085	4.725086	9.377897	2.397354	2.267562	9.693699	5.235730	6.441488	3.916021	7.345997	8.457689	4.265423	9.569580	8.239668	8.592676	5.265235	3.145199	2.834335	7.322718	4.127890	8.434033
4.039825	3.263828	2.173364	5.899451	3.794041	7.329839	2.251288	3.164915	3.849898	10.466494	2.288739	8.090880	3.514084	4.384269	5.322905	4.543965	8.885574	4.959912	2.448665	10.341848	2.522635	5.697018	5.676118	3.832397	5.312459	5.742804	6.184716	3.700305	5.446508	9.670327	3.969185	6.772158	2.894901	7.250590	9.600459	4.788962	5.843025	8.254442	9.001583	9.243025	7.310287	6.282816	3.871394	5.871544	8.285296	9.805088	6.957067	2.139801	3.275081	9.064304	4.234670	3.811309	4.463432	7.322894	5.381515	9.803254	4.759666	3.379820	5.244235	6.595854	7.195520	4.621427	5.463764	2.690381	8.102735	4.369809	4.850031	5.096955	7.677835	7.711173	7.825576	7.830038	6.460089	7.658654	2.702442	3.607789	10.085735	10.282880	6.898037	6.955314	7.767503	3.869542	8.757428	2.444713	10.348280	4.281007	8.584054	8.104801	9.585086	6.857704	7.218757	6.807578	7.739955	7.522156	4.723610	3.190420	10.279372	2.456954	2.303607	5.855759	5.599016	6.751091
7.764326	3.006670	8.568272	5.818484	7.869163	3.101332	5.430357	6.127580	3.542638	3.799804	4.531967	3.781180	6.686411	8.486122	3.858349	7.965457	5.097215	8.750103	6.870349	9.322727	6.206311	3.902253	7.668821	4.790946	4.213597	9.861705	8.251171	6.604320	6.455739	4.384169	4.639278	5.507333	2.861702	6.982929	6.645564	7.516436	8.887983	6.457287	3.610536	3.750291	3.925460	6.045152	6.724625	8.909246	4.225636	3.208581	4.650627	9.291740	3.853397	2.166980	4.447447	8.862889	7.202472	5.404980	5.670291	9.859561	5.831552	2.165228	8.433498	4.573489	8.543197	7.598415	10.244979	8.242762	2.822475	8.972825	6.675997	6.929405	3.803513	2.995143	6.057753	3.886458	4.650348	9.147148	9.797054	4.487784	8.468988	6.835680	5.478574	8.991589	4.021469	6.794168	3.214879	3.128505	3.268335	6.030455	3.343809	3.778512	4.142578	4.100540	6.524673	5.136268	9.900006	2.584789	9.560422	7.982092	8.791379	5.706366	2.952432	3.032516	4.975778	3.576613
3.290024	9.330662	9.147485	6.609953	7.665879	5.559133	5.852323	7.078387	6.821539	6.159516	3.291026	2.794603	4.427703	3.082335	7.792453	2.519958	6.693767	6.275460	4.213022	8.036615	4.344582	6.184080	6.276801	5.980448	5.590549	2.435707	4.753084	2.871801	8.669193	8.781680	8.155276	7.437138	8.130875	4.345303	4.398957	3.931809	7.964028	7.048004	7.935170	9.439660	9.294984	6.138397	10.183137	9.504899	5.651418	3.456347	5.643381	6.933878	8.138323	8.215360	2.102283	9.829363	10.082465	7.444688	6.483307	7.368013	6.496330	5.841404	8.082082	9.910139	5.472167	8.479446	4.939146	3.385831	3.234809	9.698307	3.273663	5.125631	7.883161	3.479424	10.139307	4.229916	2.108515	5.261411	3.679438	2.166919	8.236803	7.406110	8.612196	2.105632	4.650493	5.615192	3.756337	8.695890	8.560719	9.767240	5.500186	3.125311	6.236108	6.604522	9.437822	9.364234	4.363532	9.824177	6.021383	4.855565	6.741262	6.842320	4.566944	4.973177	5.552298	6.380232
4.332681	3.727083	8.549158	7.121284	6.514014	5.570708	3.614085	5.267400	4.741882	2.810227	9.258308	7.832881	3.972820	5.857471	4.468162	4.552744	4.904038	9.415233	3.731503	3.140602	7.870450	5.807310	10.294676	3.039307	8.823973	2.922581	4.313566	6.220944	2.412580	6.176483	8.483310	8.093829	9.720189	8.590839	3.964075	8.824656	2.806657	7.571047	6.803214	5.856578	4.327436	5.200379	4.200593	9.801815	9.486907	3.729879	6.608456	3.762171	6.990086	5.019158	4.741815	7.562015	3.569688	8.467834	5.501677	9.408700	8.727634	9.552789	5.590885	7.153531	3.481479	3.120161	6.631745	9.194640	4.201562	4.338544	5.842657	7.379573	6.357660	6.830272	5.917817	7.561881	7.239004	4.846150	8.635178	5.855763	4.046818	9.420677	4.710059	9.778250	8.524178	6.836687	10.400344	7.341537	2.128967	6.998828	7.055570	3.596201	9.354386	7.640052	2.554378	5.973289	2.365325	9.438555	7.999332	5.452855	9.680810	8.669811	9.049995	9.285154	10.465782	8.591415
2.658575	4.913104	10.407566	7.516568	8.514620	9.847418	2.744317	8.816999	7.761947	7.826098	3.533337	9.935763	4.629472	8.407165	2.858624	6.497231	2.344164	10.157677	5.011699	3.444335	5.987305	7.968425	9.139993	8.199263	9.616191	4.806021	7.639296	4.915764	2.298290	6.389482	3.081448	10.231548	4.815456	4.787243	7.886180	6.842093	6.997342	9.754658	7.340586	7.057557	4.816006	7.579338	3.611257	2.822036	5.636180	6.396520	5.698164	3.498917	10.121125	5.863301	3.950190	6.076496	2.160063	3.771178	2.516572	4.062909	5.801961	6.318580	7.269773	3.709121	5.844429	2.808209	4.805636	9.380068	9.933154	5.509977	3.947962	3.844578	5.965067	2.688834	8.607422	6.397783	5.412779	7.746254	7.432541	4.010361	9.520599	5.603815	2.940965	8.528912	8.836248	6.162124	2.175722	8.496837	4.379403	2.489004	9.491525	6.877067	5.534031	6.678753	8.989593	7.936898	5.197339	8.581373	2.811328	3.607692	6.941790	8.947267	7.688543	3.476717	4.220500	2.993982
6.565296	5.613501	7.586097	4.381163	4.560204	2.909884	2.291802	7.037648	4.560489	7.439165	4.687910	5.927915	7.563349	3.407771	8.572464	2.301961	4.248372	3.681703	3.790064	3.005071	7.173661	9.465481	2.528756	9.286376	9.924819	5.798045	10.470919	8.884967	5.758686	5.591907	7.951730	2.176970	9.711935	2.773969	8.164680	6.311285	2.761006	8.995228	3.145146	7.617202	6.976360	9.448821	3.855410	9.407656	9.886835	8.546201	3.854725	3.117947	2.649895	4.340110	6.226270	2.909718	5.012133	3.310735	3.894635	6.910294	8.270000	4.502503	2.978002	2.580135	4.262722	8.148926	8.141504	2.388636	2.438514	2.388641	5.617825	9.413372	7.654591	6.789441	6.882089	5.053805	4.360138	2.172246	10.174640	4.349903	10.364840	6.891703	7.946653	8.176249	2.528862	9.763698	10.420475	6.261321	6.247844	2.124457	8.179311	6.865824	3.009201	7.339253	2.794480	4.807665	2.910460	3.848790	8.949957	8.772236	4.788627	2.991839	5.902043	2.432777	3.977008	6.172290
3.521676	8.537748	7.721657	7.168599	4.794349	7.970178	6.105311	10.040017	3.647112	7.308963	2.451239	3.306486	7.182135	7.021599	6.289821	10.200589	3.358868	5.714081	6.715900	4.208616	8.439269	9.103745	8.422324	3.295515	7.239846	6.047220	9.123713	3.244715	8.747928	8.170937	9.884847	2.318870	9.260510	6.355880	4.887673	10.301485	8.197530	3.768717	2.968519	10.410409	6.748163	3.225455	5.008442	5.914014	5.865498	5.794874	5.513328	6.820100	9.382509	10.187026	9.947777	9.506171	9.378806	7.668557	9.449935	2.773546	7.423743	5.444015	10.446719	4.558234	8.400536	10.344735	10.067311	2.155580	6.370006	5.323995	9.826518	6.788428	3.062006	7.840181	2.200684	5.854044	8.351080	4.783736	4.271140	5.835905	5.002056	7.900656	2.660378	6.261078	3.676204	2.298721	7.020204	3.437665	9.459062	2.268578	3.689628	4.134517	3.382957	5.557626	5.580935	8.571933	5.850094	8.402638	6.545172	2.681128	3.229531	8.057608	7.924616	7.512013	8.895074	4.576604
6.921926	3.020866	7.911616	3.181022	3.402164	5.066263	6.339554	2.636103	2.384255	4.013781	7.658285	5.872481	9.795027	3.311298	2.707725	3.366227	7.393406	9.451080	8.399310	5.405155	6.520908	5.374113	3.403001	6.231942	2.951401	7.315442	10.452213	7.363406	10.413747	9.667354	6.980131	7.250759	6.993411	6.233080	7.117082	6.675880	7.456972	3.774649	9.211642	6.095399	5.961292	2.699593	3.744126	10.241955	7.906210	7.180704	7.953587	6.179790	2.436693	2.550952	8.069680	4.894267	2.736427	4.485140	8.848665	3.330444	9.447759	8.520969	7.515654	5.481091	8.007509	9.905360	9.356218	6.017311	4.342423	7.627146	4.553927	3.935989	6.091307	5.632143	3.045330	5.270487	2.627019	5.979128	6.283989	3.572486	10.475882	3.576878	2.436732	4.087334	8.099510	6.292520	5.553119	8.682310	3.907239	6.606784	9.496343	7.370380	7.457262	9.441185	6.170514	9.016852	5.201381	2.667431	8.900546	2.571522	2.963086	7.664253	7.221787	8.296887	8.013488	10.476359
7.214732	5.226037	9.240349	5.728952	8.775360	5.881133	10.401422	7.064757	9.741838	8.252497	2.571103	2.225388	4.234715	8.232325	6.581156	2.924459	5.851770	9.325870	5.963994	8.432673	8.641263	8.439853	6.226413	7.419980	10.044747	6.577684	3.540958	4.558584	9.057778	9.309437	7.880682	2.171835	7.178090	4.448667	4.524783	3.000437	7.525097	8.965793	10.047873	2.839230	8.345107	8.430787	6.009976	5.937049	8.354739	3.997673	5.512500	6.924840	8.837498	4.610734	5.587065	3.360613	4.820365	8.542195	3.941556	2.550507	6.136587	2.338682	6.018324	6.805698	7.840006	3.094642	7.379124	8.425678	4.195276	6.485110	4.957689	6.453587	7.390440	10.361194	7.643537	8.650090	10.296283	9.299885	9.392296	8.117881	8.381091	2.825611	8.458569	10.461256	9.300257	5.725254	9.339706	9.043629	8.585256	3.442629	8.382822	7.965803	4.705472	3.874866	7.245063	2.317804	8.074317	5.457019	4.783679	2.665706	5.379243	2.633472	7.995781	10.465803	8.737541	5.544190
3.803321	4.922569	3.785399	3.663062	9.328383	3.100558	7.852724	6.214879	7.276166	5.084624	4.715031	6.395002	7.491750	8.741603	10.014625	8.243329	3.185359	7.425542	4.303591	4.642655	5.964390	4.457369	6.105153	9.067185	2.998648	7.419287	4.343760	5.927438	5.743957	10.023878	4.044533	5.402826	5.051055	2.454675	9.386267	6.009516	6.201863	3.060957	2.428011	4.004683	5.436523	2.988357	6.883083	4.699275	9.011305	3.273270	7.743799	7.482111	3.678297	4.951972	9.055724	7.288831	9.227219	7.541228	5.353882	5.046472	3.679103	4.182214	6.046538	3.676259	9.519089	2.874451	7.206126	7.259360	2.959924	4.304952	2.309341	7.602177	8.837704	3.318603	7.345088	10.048289	4.821380	4.683604	5.255969	4.269336	2.366682	10.102822	5.200493	2.639958	8.450333	7.723562	10.288347	8.155430	6.882039	3.233883	3.670674	7.734387	2.406560	3.735431	8.932222	4.227528	8.900792	2.874110	6.946544	4.277959	6.520592	5.502759	6.931726	7.470431	7.983720	9.932471
3.353191	7.521102	6.204429	4.300186	4.964732	10.004502	10.298740	9.083695	2.364005	8.768194	2.138941	4.147190	8.420937	9.953278	5.165659	5.369452	5.066270	9.194899	7.527897	2.471425	8.940108	5.231019	5.516251	6.694381	3.086509	5.669581	4.810016	6.722787	8.181941	3.318560	5.585385	3.937009	2.471683	4.209176	6.480723	9.280551	10.414323	7.546251	8.118871	9.636382	7.569985	8.956177	4.082128	8.436591	7.546623	9.737513	6.295879	8.901463	10.015609	6.845380	7.749217	6.745334	8.081017	7.164913	7.604992	3.140587	8.318523	7.413758	3.821951	8.651354	5.413998	6.918036	6.132645	10.179546	2.668430	6.258530	9.888061	7.356031	3.415501	4.979276	6.522298	7.439237	3.073785	6.712727	4.621162	4.195692	9.875604	7.140508	10.144633	4.286144	9.573216	10.077762	2.584342	10.106932	4.409112	6.682033	10.377349	10.123657	4.909651	2.589827	5.924708	10.350736	7.275787	3.955720	4.985664	7.074668	9.340522	6.200623	3.224680	7.293262	2.518302	9.366436
7.953017	8.437647	2.465060	4.264660	4.158093	8.177131	4.583203	6.857384	6.893115	2.111175	9.839573	7.229858	9.938436	6.314874	5.451078	5.750229	5.750477	9.278509	6.811694	7.090538	6.548216	4.872822	5.470516	6.701132	7.646794	10.165969	4.393674	10.066105	5.133098	9.949435	6.980128	8.857843	6.070919	3.854780	8.928626	7.056105	6.028881	7.934868	5.575053	2.121859	7.034192	8.143870	9.932698	5.256050	8.778770	10.022514	6.885853	9.244320	7.529488	8.604810	9.577614	2.619447	3.679695	5.806276	3.662728	7.841621	2.561716	6.975146	9.863385	6.759042	5.876519	7.656622	8.019052	9.399141	2.672370	8.374765	5.508792	10.079641	4.508138	8.224233	2.755737	3.856667	8.274359	2.840239	9.489308	8.637809	6.700624	9.235640	3.736699	5.206712	5.054654	4.980696	3.471721	7.821173	3.566041	7.002630	3.073337	5.453783	7.549759	4.546690	6.363766	4.087226	2.792518	7.895883	7.997044	5.843241	9.974779	2.227538	3.924342	6.254898	10.324992	6.759797
7.020382	9.064488	7.962096	2.333874	7.310253	2.180535	5.312010	5.210549	6.907120	7.313320	8.740472	2.558082	3.446351	9.861516	8.364727	6.141766	5.977546	8.546206	7.693966	4.655449	6.912592	8.903371	7.372838	10.405081	3.768769	8.750301	3.573619	2.373950	9.363454	3.658291	7.642633	3.440248	7.778961	6.964581	4.190664	3.365131	7.423417	2.367395	6.878328	9.439755	4.942615	6.717483	3.173134	8.868706	5.040307	10.026006	5.375732	4.107488	3.356470	3.612912	8.138502	8.033513	7.667821	2.601347	8.531944	8.166427	8.240286	3.491806	5.639540	5.663341	8.615777	6.034783	9.098823	5.237342	5.071348	5.101942	9.523101	2.625529	5.621419	3.647956	9.132525	4.889975	6.900682	4.532739	5.545183	3.478920	3.469123	7.083623	8.603869	8.268389	4.358419	9.178323	6.154472	7.002145	5.846381	5.384315	8.774320	9.601506	3.254345	7.785856	3.709939	2.879175	8.165766	5.920645	4.646095	7.864268	5.971749	5.624780	4.603207	2.288619	4.256514	10.310288
8.354058	9.836369	3.753564	9.136345	2.893651	2.613914	8.090931	2.166664	8.295212	7.254680	7.400522	7.400491	6.069911	9.033393	3.500256	7.912560	6.736867	8.344271	2.677336	8.384882	3.581595	9.078881	2.621285	4.074945	3.482739	8.926038	8.088009	3.478873	5.962407	5.092123	10.289179	8.728664	10.266011	7.335434	9.125486	8.368954	2.975547	7.252980	4.926851	3.931194	3.903887	10.178830	2.842305	7.349196	5.786689	3.699295	2.280628	3.288977	5.050039	10.389941	6.327373	9.926949	2.989196	9.719801	7.015327	6.242451	2.473911	5.876824	8.853391	8.937423	8.123554	10.031382	3.211000	8.188203	6.183018	4.632838	5.456205	7.312647	6.827215	7.943238	4.977578	8.936658	3.881677	9.142782	6.486727	5.720831	6.547012	5.774318	6.260699	5.783521	10.276898	10.232022	7.457363	10.020953	8.337478	4.819110	8.410806	5.435261	6.606990	7.462899	6.649292	9.974286	2.292570	7.129883	5.075214	6.594619	2.508446	2.202846	5.727854	2.201202	4.892577	2.115994
9.124504	3.587172	5.769029	3.865051	9.270600	8.792178	8.038093	2.190976	3.537463	7.886164	7.357127	7.865796	7.867708	3.297231	5.924029	6.392296	6.354997	3.819271	3.042602	10.199770	3.023281	10.324261	3.754850	7.685543	2.547237	9.256835	8.084572	3.780666	7.255620	5.596804	5.688238	9.095050	6.119774	6.920536	5.890381	7.165917	3.192073	7.387085	10.041820	5.506087	10.217664	5.883296	10.468283	4.334680	10.133341	7.075219	5.267204	8.508641	10.039258	7.594003	5.034415	2.644542	2.295945	6.962787	9.178629	6.829698	5.639999	6.776692	5.579303	2.497452	2.675827	8.390814	7.205600	6.539322	5.456757	9.268933	6.654864	9.896374	4.126550	9.914729	9.872555	9.570492	7.329361	6.028002	3.037810	9.164084	5.122338	5.429498	5.720562	7.681917	9.932212	9.040032	2.250607	2.776278	2.145840	6.816074	8.962923	5.955628	3.542037	9.996289	8.265186	7.493118	7.526166	10.197670	9.478554	8.448780	10.449504	4.332080	5.445550	3.568216	6.748135	7.769075
7.332504	9.346781	4.809869	3.900453	2.922685	2.793267	6.439670	4.013758	6.310630	2.424683	3.436021	9.759237	4.901578	6.336164	8.622217	5.247685	2.507685	9.005387	6.718540	5.069787	6.116448	2.550075	9.298344	7.851756	9.832373	8.438875	9.608117	6.531609	8.823057	9.767099	7.490230	7.573885	5.695044	9.359632	3.589194	9.188774	6.499713	6.115064	7.315154	9.865617	10.011872	2.477780	8.442717	8.513569	5.620661	6.694928	6.123134	4.155534	6.150901	7.874268	5.436598	8.143945	10.133833	4.865792	4.143635	2.437319	3.700762	3.806098	3.805360	8.081452	9.555834	2.526904	7.444817	3.333749	8.023631	5.396466	7.984252	7.537413	3.445099	10.356881	6.478936	8.408346	7.184674	7.698600	5.287753	9.174627	2.774616	9.711530	5.276695	2.791851	7.228839	8.801086	7.010623	7.415521	7.236690	7.896001	8.866977	3.941822	9.866241	6.906839	2.322061	2.311268	6.458717	6.948237	4.200841	6.405964	3.824955	7.519806	4.891757	7.864472	2.253685	6.964268
