0.000000	16.248972	7.801029	9.911971	11.922616	8.614316	9.065047	12.286024	9.721016	5.310133	10.614414	5.177272	11.952326	14.308766	3.810950	13.787480	12.257419	8.508916	15.790557	10.121245	9.326010	13.788888	5.880886	6.813813	8.185871	6.352811	8.526366	13.627640	9.807664	9.521444	12.984683	13.247234	5.634514	15.636249	13.976713	10.999513	13.963918	9.162694	10.441732	3.541719	9.703607	10.524136	9.696440	10.218535	11.481784	15.247044	10.978211	8.435536	7.802160	9.372333	10.233604	11.679588	11.655273	10.093630	4.587880	6.117832	7.221689	16.117450	4.232351	6.481737	13.412144	5.755626
14.605488	0.000000	12.403893	7.544718	5.688977	10.211299	11.837097	12.343948	13.409355	15.885872	6.008418	13.672748	14.156704	15.649032	3.970121	5.615418	10.359533	6.472323	13.030245	14.783749	3.344664	3.771820	6.740833	5.238593	12.767566	5.719531	4.486185	12.219902	8.410173	3.427754	13.174385	12.168496	13.477806	7.282222	7.429492	10.765992	8.194273	4.894320	11.607008	6.856242	5.964106	10.480602	10.101174	4.064904	10.947913	12.687493	12.829452	8.253844	7.952905	10.687437	12.378846	5.654116	8.847780	15.170174	6.202302	15.489879	8.725347	7.160680	12.714820	6.769822	6.867489	14.362680
12.382996	4.182371	0.000000	8.430831	6.392507	6.397460	4.156808	11.550661	10.074973	14.726735	4.726114	15.000347	9.488642	9.393711	8.562509	4.014384	12.256520	8.168644	12.280920	11.768011	15.216976	8.790628	11.786482	9.562863	10.625572	13.061922	6.633629	13.135015	14.755255	9.421497	7.167761	9.093392	15.829769	10.759104	13.809743	14.562750	9.772179	14.822481	16.018300	14.357761	4.245257	11.700539	4.370241	3.356647	6.781304	4.123693	15.929841	4.572775	16.268536	13.546841	13.564952	10.387643	13.380224	10.202239	7.181727	16.244431	11.445317	8.559252	3.742612	15.854797	15.017762	13.004326
14.846412	5.515279	8.506221	0.000000	6.248653	12.518381	14.850291	9.183029	13.177393	8.130214	6.377334	4.215257	9.846138	6.610306	3.778792	9.706974	10.259398	15.653714	15.090861	15.551562	6.795818	5.484187	5.078214	14.688311	13.074729	7.220604	11.363393	5.236911	7.433187	12.500055	12.882500	6.560007	4.086871	15.594324	13.756443	4.076988	14.466083	5.702191	14.693543	11.852712	8.094275	8.384175	16.160874	4.264339	6.558895	11.160409	8.845949	5.143800	12.534892	11.684549	13.082726	7.256745	4.977618	11.250638	7.703408	8.992500	8.965765	10.445025	8.286073	14.125666	7.214951	8.958054
16.344229	9.207243	13.362746	15.481715	0.000000	12.723850	9.818353	10.609183	13.574202	8.277953	12.733133	13.736347	11.967031	12.071631	4.773587	16.047828	12.546593	9.311511	4.231981	3.489269	12.789669	7.842432	14.226954	7.103998	7.558121	13.711020	6.783178	11.162665	8.831666	12.065687	15.015269	10.892745	11.306309	14.688773	14.216821	12.460896	6.659338	4.263010	8.704501	11.059848	13.537096	5.013726	5.312627	11.640205	14.196538	6.870948	6.833608	12.868549	16.176117	6.133506	4.683054	6.981125	3.293576	12.769946	5.437974	7.329888	13.532898	5.005321	7.903741	5.035560	13.813140	10.050380
8.755788	4.860741	4.983900	16.156202	10.012116	0.000000	11.905921	4.612937	12.492230	16.275129	6.090283	12.899727	9.491950	12.750897	14.501861	5.023205	7.039850	3.617761	15.821721	6.769428	5.176792	12.088295	11.617168	8.367447	16.005240	7.166766	9.220757	13.995057	5.734277	4.162468	9.140683	10.368560	12.301751	10.807294	9.792740	12.796362	6.813703	13.462207	10.328715	8.513579	6.661866	13.595105	14.265470	11.609558	4.167066	12.196346	6.485128	15.268823	6.127836	4.704568	15.343615	6.702473	6.668442	9.066717	14.880837	12.883563	7.113986	8.032852	9.000786	11.283759	9.974176	6.973399
13.294957	13.551688	10.855432	7.473766	11.540931	8.823693	0.000000	12.862502	6.257313	5.654231	7.386186	15.982103	4.827665	12.837799	8.556141	14.329040	9.003203	8.813739	10.450067	8.690944	15.156323	12.279773	9.495694	5.545998	14.548876	12.917274	12.910406	9.193445	3.890865	10.501456	4.893817	6.997408	9.109516	11.841627	6.708463	10.933552	8.163358	13.389349	12.645169	15.735661	14.783971	11.527200	10.630536	14.471824	7.906844	13.154597	6.601985	8.371285	9.428284	14.664428	14.184798	11.001793	15.590863	12.779388	9.243039	13.581494	14.166983	6.779010	4.355669	9.744016	5.556342	11.723317
15.830136	6.115399	13.366205	4.462714	16.302256	9.933016	15.358770	0.000000	8.440080	5.728843	5.765438	8.881865	15.501422	7.180612	7.952560	4.626651	16.304337	7.281726	7.673300	14.620700	9.587554	8.409896	4.859892	4.460681	11.058400	9.395000	13.310091	6.768624	6.911720	3.678802	9.462515	13.785030	5.870722	13.566410	13.547460	15.420549	8.677288	10.493836	12.510201	7.465786	5.619662	7.390273	16.007453	3.551391	4.861081	14.070328	4.873369	4.946716	10.654588	13.478429	13.779128	4.125701	13.927040	4.016550	4.854452	10.707571	5.135545	12.278825	10.691476	11.199992	12.462899	6.280849
9.483368	12.261624	5.474933	7.311897	9.646770	15.864499	12.409488	10.216080	0.000000	10.193455	10.447781	13.138869	14.382612	3.612248	12.837751	16.064055	13.310110	4.810753	6.766639	14.108315	15.276999	9.151860	6.158142	15.050415	10.972898	5.355971	9.526265	14.174894	5.085606	12.532369	16.318112	8.261976	5.274563	8.020293	3.547371	6.725327	8.359061	5.320228	14.168222	15.424260	12.680338	5.432643	7.339767	3.304349	3.626392	11.297077	10.821542	15.428210	6.079304	7.374739	5.456427	7.838528	6.986507	13.070203	14.510892	6.468148	13.697945	7.180508	15.779454	11.878169	15.515633	8.160026
12.371983	14.054883	10.296108	12.958617	6.475321	9.171521	10.780810	4.141568	6.014565	0.000000	3.453505	16.230603	11.705340	11.790609	10.596238	8.886983	6.014701	9.161135	7.148882	4.349342	10.225157	14.378240	7.525967	8.484048	6.071003	4.261744	9.677035	4.689775	8.531997	11.977541	15.312317	7.864336	15.275352	13.679721	3.829316	13.206639	13.542856	3.551780	15.012308	5.742790	7.759302	11.290747	15.617880	3.574293	11.011714	13.261801	7.527863	15.755276	5.205739	13.192980	7.476635	8.759548	9.867500	16.254472	6.106027	8.480580	5.985178	14.699432	11.368180	14.696095	8.615144	9.889239
9.483137	15.908277	10.301094	4.933950	11.634756	14.659855	9.758079	7.499513	3.442821	6.079516	0.000000	8.685540	9.969160	13.177445	6.101002	10.881493	4.235094	16.036819	6.751572	11.407298	14.325275	14.352148	4.936330	9.019632	6.784273	7.465253	5.125500	5.815125	14.661253	5.761154	10.603290	9.088054	9.644333	10.282235	13.876492	10.789837	12.519980	12.047380	6.093814	5.413168	6.356837	12.164665	9.020354	12.976529	9.320197	13.583828	15.134118	15.374879	14.536681	8.050674	15.103794	11.044582	4.220756	10.504723	4.991184	9.022020	4.152832	11.308745	4.449744	6.907529	12.497504	10.424384
5.791629	10.536545	12.154810	4.362141	4.631663	10.942541	10.492621	10.132911	13.144765	5.729464	9.285394	0.000000	14.515064	8.641598	15.668161	3.927327	15.550705	14.125000	11.867677	4.491527	12.213606	8.018978	10.114576	14.982973	12.087861	9.666245	8.155652	12.490368	14.335852	4.340481	5.370561	3.298512	6.055513	15.830699	15.720835	13.695876	12.354790	12.394701	10.724427	3.391959	13.985318	7.777818	5.565923	13.528864	4.555180	5.457668	16.415922	11.859387	14.881469	9.600280	13.672488	5.138432	6.958321	14.048525	9.700812	4.018087	4.365863	9.487958	5.524016	3.660092	11.364204	9.233557
7.660301	9.977530	7.076016	7.737972	6.066925	9.309072	10.182562	8.884047	13.545656	10.356430	15.044361	14.910057	0.000000	4.832425	16.238471	14.504386	4.614888	4.075457	16.359116	8.111117	5.908238	3.452296	5.751444	11.584782	13.767280	15.539885	15.930392	10.124384	8.336701	8.944987	13.929254	5.233119	13.605739	11.355202	11.845420	14.739304	4.420579	10.413283	11.296750	13.016039	8.364698	11.492982	4.735674	6.173501	4.930228	13.987030	10.751301	5.920729	9.536956	4.842694	15.686253	9.953784	12.788681	11.936431	15.842735	7.161419	8.992006	3.929349	5.523767	7.629965	13.134311	15.706349
8.561000	12.578551	14.880249	14.271860	12.367239	15.103907	5.788911	11.657166	15.250486	3.650857	7.169720	13.064761	12.899017	0.000000	14.964272	3.712037	16.352006	9.320677	3.810511	15.253226	13.311207	15.596067	15.486893	7.702187	6.394215	14.820974	4.891279	12.974372	6.040044	13.506253	10.933492	10.609165	8.464172	11.572468	3.349495	12.472873	3.333882	3.589802	11.049783	10.433149	6.438934	8.328086	11.640807	14.330439	10.799267	10.985464	13.409933	12.850785	3.822963	10.344116	10.886732	3.538906	3.643270	5.118229	10.067842	3.804586	8.029258	6.435260	3.618896	6.259618	12.189612	5.426763
9.558125	3.707985	11.430790	9.219338	15.066308	12.004334	8.441189	10.792032	6.564450	7.354114	12.153835	5.776902	12.081127	4.930817	0.000000	13.873099	11.400537	14.137955	8.384566	7.851016	8.955953	4.610239	6.380968	12.633563	12.252760	12.286527	10.087575	14.822156	6.933580	15.552536	8.339896	15.562489	10.593804	13.811973	6.145172	4.648147	6.910645	11.595444	7.967896	13.849094	13.603946	3.981977	5.486568	8.663783	15.961299	6.989620	10.167498	8.873050	7.353911	11.057990	9.005997	5.237539	10.337282	6.474343	14.481512	13.556658	14.917960	5.490559	13.486661	16.362927	15.142488	6.993934
3.949796	7.540317	10.503051	8.660226	14.271526	10.560435	7.399291	6.891332	6.997999	13.325272	14.230211	10.284988	16.364309	14.666035	7.252492	0.000000	16.365728	9.401128	11.430502	14.239401	13.121748	5.590981	4.021619	9.023269	12.199533	4.878514	3.485525	10.268895	13.321971	13.674665	8.293972	13.010766	4.447237	11.246425	13.552657	11.510942	6.084965	4.958232	7.435438	4.217873	14.019819	8.661126	3.973117	10.841982	15.957404	3.958348	9.346337	8.483230	9.160639	12.799065	9.609059	13.619203	10.224846	7.365472	15.563604	12.226314	13.485711	12.112547	4.049460	7.634012	11.636725	10.803144
15.707176	5.349705	14.546890	9.816882	14.895042	10.731045	4.090313	15.836947	12.449360	11.120022	3.395618	8.546673	10.425115	3.994170	14.375251	6.405218	0.000000	6.242812	7.098091	9.972641	12.845248	13.239739	9.647780	6.204633	12.567188	3.680633	5.204868	5.389409	12.814845	14.298894	9.773686	15.267569	9.575383	13.684172	5.459453	12.487903	5.053370	13.433989	4.153931	10.412322	13.971668	10.271364	13.611033	14.268338	14.219899	10.681425	11.469032	14.293868	6.491427	4.871618	11.663263	14.870457	14.517562	7.565230	12.612407	10.863133	13.783386	11.730309	8.582500	10.210682	10.077926	4.873979
7.278361	13.909049	10.802264	11.986096	15.566550	5.729333	9.458910	11.148714	3.407718	14.107365	4.367409	6.079761	7.999310	5.664594	13.087511	12.510706	11.360751	0.000000	14.175919	6.273133	10.757728	10.425894	7.340749	15.723917	14.619398	8.910288	10.284299	8.798830	8.887897	8.247839	15.390080	5.613079	15.779869	10.364928	7.665952	5.722801	15.159163	5.377731	5.863692	13.746809	8.185327	14.449901	9.344824	16.420877	7.658981	15.397850	7.049699	12.011730	5.510392	13.537622	15.831277	11.638208	8.298758	13.694187	4.257593	4.182813	7.529475	10.873140	10.996086	16.240965	11.345237	3.934733
11.195157	7.554522	6.662014	12.136780	3.323682	8.675906	4.254896	3.321905	8.149268	14.123710	5.426529	12.031342	13.849489	13.893514	7.250100	3.814510	9.397192	3.390157	0.000000	9.977982	12.307385	5.348034	10.984213	7.744611	6.536290	14.675821	16.201819	13.642789	15.110498	6.898271	12.932094	13.305594	8.036213	15.841952	13.899306	11.391351	12.580443	4.768874	7.623545	13.940153	6.954090	13.632509	5.514177	15.668010	16.180925	11.143390	9.456797	12.887382	6.504287	6.789351	11.903843	14.432101	15.423841	9.295421	10.142197	14.871146	14.458428	11.448835	6.610276	10.360450	14.128872	11.735246
13.318873	13.000558	15.059943	10.558484	6.424989	8.225174	11.256744	4.705013	12.265041	7.218596	11.283546	3.565242	6.168976	12.406780	4.844203	8.698258	12.855867	4.884484	5.408056	0.000000	6.616665	3.629087	5.816495	8.837578	14.610530	14.000566	5.283744	13.029753	12.705054	4.834206	5.836745	10.335689	13.976838	15.937055	7.379475	5.635903	13.995274	8.125935	14.395963	3.733675	12.506035	4.038665	14.866252	13.563869	15.916333	16.204739	9.543551	6.337708	7.101511	6.790071	15.287027	5.421493	8.714330	5.046512	3.305931	6.383463	13.957803	12.033005	9.073723	10.888747	8.982123	4.048847
13.971703	14.501800	15.286052	12.411630	11.686131	16.004234	13.195461	6.790736	4.502550	9.829250	7.218768	12.578191	11.688921	5.196321	10.896545	13.539737	6.796503	8.207387	16.309651	13.890679	0.000000	7.200726	8.256434	4.291570	10.861872	9.287851	12.094523	7.001041	6.491659	10.349076	6.691827	10.292494	15.651439	9.412735	15.755379	13.715007	8.814569	14.594192	11.218712	10.594504	7.383446	12.294648	10.310582	10.554254	7.644973	4.571823	10.044779	12.262276	4.829041	4.684394	15.978173	12.982360	6.335641	12.540341	5.890624	5.810152	5.306503	10.073478	10.187731	7.090209	6.964169	15.221633
12.097784	5.603144	14.893604	3.563385	14.083868	15.448762	11.591719	6.367206	5.308421	15.697949	7.226124	13.015912	10.371151	5.538985	5.955496	6.998762	16.404571	7.752723	3.527615	6.709595	5.305010	0.000000	3.498590	7.186128	8.307232	4.100714	5.222885	15.681467	10.605315	13.480686	9.466709	5.241344	7.744527	9.159034	13.600392	6.406886	9.824929	11.241288	4.370293	12.015993	14.230691	5.217376	14.073055	8.117687	4.333695	13.926296	14.789182	8.817701	14.239126	6.627722	11.361768	10.328641	14.618658	8.723828	3.814722	10.050683	15.152816	13.410695	8.171847	9.625429	6.276687	10.666267
14.647067	7.094591	12.851953	11.433657	16.176383	11.479498	6.218051	9.979464	10.966747	3.484129	9.995813	4.524551	11.549237	10.970931	9.988954	4.159747	4.615813	11.763954	8.123770	3.326884	14.637219	15.564059	0.000000	13.661352	5.112350	7.915171	12.089098	7.763949	4.537301	4.190453	13.808630	12.880700	3.393595	14.214101	16.266552	8.513842	15.668116	11.303050	10.949637	8.177364	10.410959	12.794751	11.072521	13.133156	14.665848	11.769770	9.896632	3.646421	6.362133	9.719614	14.450493	8.060122	7.131249	4.694282	3.320859	5.988588	11.959687	13.630926	13.295032	12.482865	7.753876	9.822205
11.629308	12.397166	5.482941	15.175558	8.566585	8.828166	10.515936	11.455965	12.325878	8.713278	16.347157	10.788160	5.347661	3.361253	15.487132	12.432977	14.144277	10.334831	4.890256	11.209329	5.830923	8.265903	11.791520	0.000000	10.452676	9.821508	10.183717	15.769837	8.026857	8.396516	12.889637	7.526205	10.932284	9.838180	9.303542	12.143340	14.256137	9.045169	14.756856	3.851062	15.308790	6.358151	7.902259	11.508814	14.968969	10.442592	4.270732	6.691210	16.317517	7.534696	10.692364	15.437583	9.896588	3.637453	5.032146	7.581320	4.816565	10.706292	7.628314	15.206370	6.275953	6.320535
15.329271	10.373766	12.295448	5.549660	13.919931	15.262844	7.099907	8.758185	12.884588	12.311219	15.641538	13.252647	4.146738	11.532207	4.792407	13.173184	9.811498	11.529127	5.269648	7.461337	8.683076	10.793176	6.036551	10.966759	0.000000	16.137512	5.671576	9.410062	11.506390	6.984069	7.760704	15.082928	5.315546	6.610454	3.851301	10.592984	12.687812	9.096723	13.994254	5.147807	6.257701	3.942083	9.341573	15.157221	16.308857	6.775373	9.063786	5.050959	5.297310	11.621498	13.721262	14.302831	10.774424	12.695681	11.078165	10.211979	16.265780	16.256291	15.452784	14.914785	8.883241	8.181380
5.709457	4.877787	3.640179	4.286367	4.653498	14.961999	7.491740	9.627002	13.676215	11.515184	16.151377	4.262473	15.149853	7.347501	9.978097	15.617896	9.201593	7.821873	8.746663	10.873019	13.906384	15.603089	4.833478	13.953244	11.996559	0.000000	9.477264	8.319242	6.524889	12.702875	13.282497	9.044785	7.470982	8.089962	16.230978	8.857340	14.078769	15.339189	6.675647	12.837935	9.558951	8.221418	4.427708	5.196351	15.925874	10.617792	11.868124	15.299573	14.121503	16.371915	11.723516	11.504216	12.091506	13.115640	14.186885	12.688825	10.930674	13.153003	13.878496	7.626656	5.336671	14.596752
9.956707	6.470281	13.729746	9.832848	10.140811	7.214596	8.820493	12.119821	9.202865	9.734616	4.716428	10.079215	5.001674	14.584468	3.444931	4.557799	7.003844	13.062154	8.554849	14.927894	8.252925	7.518500	9.927271	5.766543	9.541187	13.271784	0.000000	4.061078	15.058749	15.191311	6.924896	8.388110	7.352741	7.670202	12.298205	9.461242	13.408739	14.492785	9.369563	4.803810	7.846484	5.163280	8.010181	5.095787	4.941692	7.262989	14.068695	11.598774	10.409972	6.673145	4.929234	3.328466	8.472149	12.953989	10.322096	10.654133	14.965574	15.650968	4.577390	9.717439	5.245955	4.884139
8.529323	12.564411	10.318447	10.963996	14.595408	10.733299	15.742936	6.808204	13.516934	13.097288	11.120874	8.943589	13.943761	9.674923	4.949884	4.533370	13.270968	4.881843	10.538462	10.510724	9.106361	8.472934	9.892460	4.162858	7.555554	10.590851	13.995322	0.000000	4.905568	10.780748	4.084534	14.761948	5.563693	8.671259	4.576079	9.787292	4.563048	16.247295	11.800852	8.633721	7.483102	9.655350	10.958500	5.963118	10.300483	10.746033	7.334541	9.985239	7.285518	3.585125	7.100568	6.682684	14.236438	7.309206	11.334174	12.151112	3.453669	14.341363	5.354834	9.725172	11.888335	16.236457
15.399176	13.995312	6.127743	11.175726	5.859682	9.605606	9.439180	6.627341	14.635191	6.846186	5.651009	11.980464	15.796743	13.250736	6.314180	5.586061	10.157505	14.956746	14.766203	5.247848	4.431589	13.408265	5.090688	11.819878	12.944489	4.037477	4.216177	3.404467	0.000000	15.935366	9.619719	3.613265	8.319787	15.784147	9.325262	5.240850	15.729090	7.703237	14.649187	15.521767	7.666115	10.858414	10.547205	7.450366	14.931005	5.327402	16.096380	4.018361	12.030189	15.094382	6.878685	16.389827	13.697715	8.892470	6.748685	14.270997	8.996822	3.832416	10.994208	13.200901	14.602253	7.458485
16.394340	3.649383	4.769698	6.578465	14.831522	6.573819	15.164466	8.746712	11.002818	4.250867	15.150254	12.916332	9.076616	14.273822	7.861770	8.866931	16.229611	10.688011	14.934709	4.237971	6.766413	13.836011	8.436465	8.544117	16.202851	14.862025	9.726839	11.671127	15.943727	0.000000	15.840777	15.196282	4.427013	8.932024	11.755882	12.813476	6.743129	8.771669	11.111520	8.327343	3.563227	14.894262	7.115375	9.806129	11.582661	10.429100	8.737171	5.485401	15.565985	13.580191	8.050834	9.931412	16.047770	5.370568	12.356790	3.937094	4.382180	13.659448	10.593705	6.834693	6.915606	5.818959
11.888413	9.497853	13.328016	7.510637	14.914036	4.006798	4.129069	12.185766	5.123525	7.219129	6.068518	7.701929	10.657566	6.902874	4.440465	7.036420	12.950426	14.617189	8.562529	7.838492	14.905595	14.605945	12.018456	13.135875	13.720868	15.776657	13.748040	11.009096	6.068743	8.002868	0.000000	6.095776	6.396094	10.301276	8.685463	10.274874	11.509327	12.139214	11.978824	11.431407	12.570755	11.424857	12.982135	5.676128	10.432565	14.727408	11.249884	7.583211	11.945293	12.693293	7.554299	13.032221	8.720991	6.506265	9.617130	6.156313	13.530122	9.307812	10.604782	6.286713	6.252682	15.859940
7.690989	11.560543	8.208609	5.214232	13.826875	5.442219	3.602012	15.026415	15.478118	10.345549	11.416963	11.608251	10.308899	3.728501	7.026547	15.596287	15.735545	3.612256	15.563710	15.407691	12.582381	13.450195	9.189318	3.799300	15.012561	9.353207	12.550381	16.223839	14.641142	4.113520	9.293144	0.000000	16.190532	4.376634	16.045694	12.565690	8.306615	8.706734	10.261387	7.936400	6.774067	6.431494	10.525302	12.333673	13.418127	7.582686	5.864784	4.840015	3.888574	5.095528	7.529571	9.923933	10.274284	5.236683	5.550712	14.144268	9.111859	13.066286	10.873521	16.394372	4.855554	5.544167
6.820061	14.088508	6.327901	9.222094	5.523889	10.033457	10.360789	12.210888	13.928462	13.800639	11.164352	16.104405	12.394839	14.118014	15.898192	13.783921	6.115307	15.375251	9.127599	7.641211	15.327273	4.116960	14.443921	5.191353	12.841435	7.529373	10.494095	6.436136	7.778456	9.241307	8.576917	5.956027	0.000000	3.725532	13.200823	14.439858	13.675477	10.205111	8.808402	10.218742	5.998491	11.577269	6.744536	10.524967	5.574987	7.192940	5.590083	10.980685	16.011783	13.911721	14.630859	16.221308	8.030706	8.905790	8.774908	9.967015	3.348272	12.757274	13.805944	13.190903	9.204531	5.309057
11.979428	9.886356	6.330851	10.039594	4.072698	6.696528	6.726600	15.686168	5.827890	9.923917	9.694181	10.765933	10.808084	9.505460	8.482231	12.891472	4.737383	6.926843	15.732812	5.560807	14.158336	6.294954	5.518593	11.786121	9.750644	12.030222	7.738798	8.715942	4.087295	5.314372	14.509992	15.511774	15.496122	0.000000	4.333104	6.752064	10.469598	4.951264	14.450191	14.213798	7.498949	5.887610	6.984274	14.977103	16.198495	3.554115	15.845618	11.829115	10.391507	7.141177	9.583362	3.564083	9.137963	11.454719	13.650265	9.903150	14.201227	8.692652	5.184723	12.664793	13.467132	6.324715
15.926681	10.686256	13.641457	8.488188	13.717455	15.219707	8.395599	7.676878	15.131244	13.957007	6.976254	14.219723	6.278635	10.619562	5.804160	14.785590	12.972852	6.880882	8.915284	12.717138	10.731658	8.603730	7.428134	4.462826	10.444899	12.058382	7.902932	4.991841	12.587661	5.081499	11.364185	11.037939	9.281914	13.493354	0.000000	6.950940	9.445567	15.542359	10.294177	12.884041	12.449581	9.086900	6.059813	6.086541	14.354047	7.779771	4.844407	6.827595	10.458209	6.469347	6.885707	9.305694	13.833348	12.316994	7.843373	6.936363	7.589357	11.677717	13.258403	9.847693	5.086451	13.097111
15.882808	6.664425	12.917589	4.958894	4.225717	8.038759	12.136820	10.616123	7.270575	12.845955	14.555739	6.442420	6.183290	12.255383	14.613241	4.119000	8.407316	8.978019	7.287323	16.417062	9.535615	15.895908	11.590005	16.299651	13.342001	10.638620	9.851523	15.428064	7.006771	8.973333	5.963290	11.723169	16.294398	15.866211	11.501084	0.000000	3.797296	3.734989	12.763635	6.632763	5.057087	14.933847	9.859650	4.596596	7.464179	14.922907	8.308781	9.763842	16.140945	4.637399	7.915165	5.657241	14.107728	15.505922	11.104037	13.645368	12.438587	10.869503	14.137139	9.962770	3.755701	16.247952
15.811254	13.089056	14.886953	15.996118	9.337712	5.523449	9.904691	11.469396	13.543137	16.250447	5.719279	11.380068	11.878931	16.196995	9.599584	13.697084	5.762838	13.142171	4.551132	7.532146	12.254060	8.986458	6.923460	7.595097	8.324090	15.605125	12.878382	13.379055	12.957248	11.865513	3.643216	16.106389	10.698782	13.307629	15.154650	8.024592	0.000000	5.974824	13.163990	7.482146	13.050099	6.458606	5.566164	13.272180	6.430867	13.545869	4.453131	16.106206	15.684963	14.446814	15.727994	8.929207	11.019794	16.180136	3.756376	10.681269	4.924135	4.422949	7.420267	10.998274	9.170120	3.384907
13.279270	14.393997	13.842943	16.392302	14.069635	10.519935	16.324436	4.956847	11.133000	14.539470	4.499183	12.369768	10.937050	13.996043	7.659332	14.717992	9.544671	5.328055	12.601871	12.437661	11.035693	5.313622	9.680602	11.630088	14.691584	9.254100	14.428718	13.152661	8.390863	4.536116	9.791839	9.368945	8.971543	12.704660	5.423885	9.222568	10.206519	0.000000	10.575967	6.276585	12.694907	10.108235	8.793375	13.178605	5.956306	11.020917	6.270924	9.008055	12.642031	10.614836	5.754706	11.167805	14.271595	3.304490	3.638342	4.285604	9.822775	3.853509	12.085949	6.937797	13.435280	6.268053
10.081287	4.790194	12.246197	9.488280	9.733621	5.979705	12.780097	6.106362	7.333505	6.279929	11.344809	5.140610	16.307577	10.282792	13.251390	14.726237	8.851744	3.748492	8.279056	12.436875	14.609103	8.651428	4.830538	7.490331	10.458921	14.528038	8.056682	7.132265	16.031711	6.300601	9.749557	8.486837	3.998178	15.559556	10.432241	7.396994	7.855075	5.896578	0.000000	14.901353	4.745662	9.262939	7.450343	6.241243	7.181985	10.930753	12.643245	5.140461	8.883181	15.163958	9.997518	15.539039	16.309369	13.676292	7.809930	12.351051	13.667710	12.324979	11.489541	4.744391	10.593829	15.265431
13.536538	14.604553	9.967881	9.768352	13.246819	15.933237	12.952932	12.156534	6.029369	13.874106	9.106148	3.757880	15.383707	3.868882	11.175177	13.388992	9.981336	8.057849	4.329362	4.415295	11.247502	12.097494	3.346791	11.254624	14.473836	7.674062	8.525931	6.233323	6.333881	3.388008	11.780706	7.839825	15.749236	4.271256	4.900297	3.659586	13.923991	8.438273	5.058384	0.000000	4.903977	14.626860	5.303533	14.359698	8.176247	15.053519	6.170467	14.041462	12.521736	4.729576	8.521220	9.435851	12.709392	13.132590	13.792006	16.224513	7.238087	7.825415	13.097407	12.234546	7.669059	12.861050
15.052864	10.515266	8.009696	4.326466	8.858874	8.353812	9.724107	8.169866	4.655092	11.667394	11.248591	10.198213	4.911962	4.951563	14.891162	3.377387	11.521363	14.036214	11.486501	14.091825	14.529374	12.913806	10.111328	6.523640	11.207119	8.402620	5.139252	14.440948	6.095231	6.074509	5.148746	13.280968	8.359493	4.787017	16.334120	6.049378	12.883381	6.793721	7.794218	4.931844	0.000000	13.139578	5.533014	8.835976	5.507733	13.253865	3.402654	8.331439	6.095311	5.246751	10.870154	12.016740	14.033976	10.740147	9.895561	12.776160	8.881246	15.002577	15.406739	9.637908	15.165698	13.202449
4.371788	8.353628	8.997554	12.085504	5.734242	15.449098	6.395891	13.297877	13.978857	4.363466	5.798072	6.777776	13.936635	12.539602	8.671716	4.861373	7.975121	14.273436	16.257804	9.827060	12.566407	7.551328	13.014790	6.274675	6.668899	8.036362	14.556360	8.146005	3.837957	7.865355	10.884111	15.784368	7.456979	10.041405	8.516767	11.913623	11.377539	13.327619	14.050572	12.624588	12.243471	0.000000	11.723606	13.151317	6.638157	6.314633	8.936365	10.215789	14.349196	12.541005	15.053492	13.855125	15.927373	13.930003	15.466294	4.938971	4.540542	8.534822	10.264718	5.069902	4.805203	13.377146
13.576273	10.486103	11.664470	4.272100	7.492158	4.985153	12.125373	8.920997	11.043582	5.813182	12.967591	9.537649	13.700363	11.013661	16.054556	14.152089	14.882318	9.790312	11.633940	10.733100	8.033667	7.006595	14.317070	7.731577	6.037036	9.235590	13.108571	8.284866	15.177656	16.083412	14.183143	10.153967	13.310730	4.690935	15.223464	8.216317	3.588384	14.939417	4.191757	4.107299	3.766013	12.587593	0.000000	14.081619	10.637607	5.633755	8.728083	13.330561	10.193017	5.585522	13.383330	10.494908	10.197225	13.010605	11.432067	15.525324	10.727228	14.089293	14.228346	10.814204	10.935067	10.944402
6.232060	12.115731	3.323691	13.606457	5.914676	13.033187	14.568855	6.619856	16.358902	9.838950	15.193369	14.876349	3.571782	16.119884	8.516916	13.026057	11.848827	13.224834	4.974790	11.587307	7.038115	14.959197	14.718570	5.645741	5.427749	9.225951	9.703148	6.448677	10.653299	16.260024	9.604975	9.365712	10.164599	6.557076	9.181933	7.651082	7.776562	12.161379	13.309559	7.184903	4.009062	11.780353	5.933746	0.000000	13.963135	12.988662	12.854737	3.985035	11.318818	13.281032	14.564226	7.376778	16.200086	15.140734	5.870567	6.284551	8.590871	14.909350	3.383945	11.769607	10.453413	13.329140
5.117170	15.762933	6.958194	15.095122	12.267005	7.905606	10.241720	4.953113	12.214163	5.836062	3.609795	9.102697	6.467322	15.674048	7.593426	12.342666	14.344766	5.325122	13.132205	5.138218	5.686886	9.552504	8.237789	5.071068	14.308089	14.893972	4.372894	10.872175	12.960202	11.640090	4.961969	6.498186	15.044292	6.441908	9.239388	11.777606	12.637718	7.759419	9.100017	6.942923	16.177781	14.288468	12.565319	6.725049	0.000000	10.046064	10.568506	8.070977	14.157600	4.361374	15.512476	8.759000	15.022324	5.513665	7.088221	13.877242	14.313205	6.497623	7.356907	15.785545	12.162618	12.364676
7.446327	4.391068	4.900115	4.085425	12.340683	11.339211	16.013238	14.904075	13.887641	6.987482	12.869768	11.627022	8.001445	6.372316	3.872266	6.003840	6.653152	8.839266	4.132888	14.832649	13.442486	15.708461	7.840557	10.086757	6.360748	13.256965	6.715502	14.770517	4.477910	15.280409	16.261421	4.059857	10.884327	14.505581	8.624942	6.120134	5.206544	5.550402	7.162115	4.940385	6.529873	13.291383	9.620551	8.029135	11.658473	0.000000	4.989960	10.345626	9.800722	11.526726	11.126023	9.445835	14.769185	11.475910	10.532843	3.864640	14.806579	13.978889	7.291589	3.863065	16.026391	5.546910
14.268493	5.787623	14.472817	4.392514	4.721775	13.510173	4.674968	8.938302	6.598887	7.247168	12.724608	15.029994	9.884922	6.955000	11.148018	12.971499	9.955597	6.473303	15.694667	7.513413	13.427785	11.039315	13.922004	4.037688	5.498061	4.156269	10.191241	6.470542	3.313510	10.296772	14.988137	11.709188	12.340409	14.825951	11.888020	14.696179	11.665136	14.417057	11.008048	7.494220	11.655431	3.825357	11.968614	11.921880	7.181148	14.669516	0.000000	7.359594	11.947352	6.964404	3.861962	9.005883	7.160020	13.134222	4.770547	13.673000	7.703482	9.851423	6.874791	5.403991	11.166911	4.213622
11.432593	13.139407	6.768070	8.889821	14.492699	6.498773	15.295511	13.729095	5.459720	8.451701	5.660931	10.373762	12.247677	9.342373	5.734686	6.795905	9.884789	11.499300	6.777131	16.386297	4.246233	11.176906	3.720577	9.798670	11.441538	9.288343	14.358132	8.434441	11.588388	4.637152	5.575627	14.934357	12.547838	14.192692	8.842929	4.388071	9.655901	4.521855	7.645947	13.002931	12.149901	12.222528	4.762594	9.471562	15.066519	4.897742	5.478053	0.000000	12.364869	5.605517	15.458792	6.384067	5.415010	13.463576	5.441214	4.799382	3.367371	6.952660	12.944221	4.965632	9.946565	4.373036
16.307874	9.400843	5.751781	11.857176	4.514522	14.848606	10.616771	15.384856	6.382926	7.626668	8.885654	15.623999	12.160541	11.909574	5.430350	12.622844	9.610079	15.307006	9.496416	6.097713	13.987685	10.505770	9.658906	13.512278	8.972599	12.712996	14.697881	5.191700	9.420577	15.844064	5.648105	7.712842	3.610333	15.314997	11.053201	11.509086	10.512984	15.792756	4.522890	3.704920	4.845275	8.375323	13.744027	11.949081	7.298974	3.476531	11.299239	13.376825	0.000000	16.239643	12.488811	6.931937	11.853036	7.179943	5.718124	5.833808	8.339669	7.357973	8.255726	9.432587	6.830066	11.969471
4.997176	11.416555	12.692064	4.644684	10.625599	15.006530	11.719295	16.363870	6.442943	15.672808	15.853772	11.481957	11.600851	9.846296	13.592771	8.016474	6.783438	14.854557	15.643138	10.455041	8.190532	10.055612	5.523922	5.923284	4.779539	9.393139	12.361184	14.321176	11.749777	11.477158	4.083320	3.511045	7.164845	4.853249	14.392638	11.874175	5.601790	8.924759	4.542913	10.872584	4.870661	6.893758	12.056890	10.828529	10.929396	15.679529	7.438964	7.352627	15.482819	0.000000	6.299932	4.822313	11.367403	5.015110	4.561954	6.161610	3.357363	10.785080	10.724436	14.543498	6.207174	11.246034
5.503746	5.235367	7.298243	7.317791	13.000278	8.527949	10.471037	6.908743	6.223231	4.072169	8.448096	8.955322	12.364474	9.779717	12.025073	10.065879	4.785958	11.196315	7.641988	14.607123	11.863599	16.019818	10.983295	14.922843	12.138854	16.281878	15.887277	10.536864	11.417146	3.919974	6.722609	12.620866	3.370378	11.051766	3.865414	13.197475	9.769057	6.931898	6.728932	15.061361	6.468648	13.477489	15.748815	3.549688	15.141940	10.735358	10.318775	16.132011	3.959075	13.953254	0.000000	3.359234	3.476763	13.651832	11.761699	15.486420	13.661382	10.711119	9.308181	11.939392	4.629234	8.982105
12.160030	3.867557	12.979674	8.260087	8.988111	12.930856	14.438541	14.233956	11.969527	6.419657	10.014573	12.364705	15.207061	15.061955	8.044331	6.453162	9.036504	8.930005	13.643835	11.380220	13.010505	9.211341	15.616544	7.772905	13.192660	6.432382	3.649270	9.570620	3.882583	8.847717	5.718176	8.976253	10.395630	4.826950	8.028624	9.324729	7.209906	16.258368	11.331258	14.171911	3.909568	16.163146	9.744127	3.667471	4.888500	7.734439	13.678128	7.568794	13.176641	5.163771	8.527295	0.000000	4.243009	4.431249	7.483207	14.217197	7.469150	15.624064	10.249511	6.662697	10.854907	10.995838
10.669304	3.602349	3.645605	5.392058	5.679445	7.957885	7.601503	5.527552	4.769706	8.972397	4.742022	4.735248	13.986932	6.498716	3.502127	9.253533	14.029017	13.685607	15.442459	12.668778	15.262572	4.141084	9.740227	4.783555	14.521181	11.681982	9.087624	11.386515	7.254661	15.176145	4.525977	6.638122	3.440330	4.933174	9.187462	6.941948	13.682386	8.736194	15.535194	12.413765	4.955678	8.366926	8.218013	9.419422	16.365585	8.112452	15.815055	6.455105	6.486280	4.380217	9.871502	13.205626	0.000000	12.924588	4.937604	11.678422	9.039479	7.413339	11.911936	14.185995	13.424412	10.929842
15.120221	13.739228	10.268636	9.462321	6.177282	4.088654	15.227553	13.740304	15.808726	10.703240	11.087765	15.707703	5.952761	3.528796	14.074732	5.586070	4.220622	5.061478	13.785498	7.644513	15.055294	13.830243	13.729748	5.750240	6.979901	13.050424	5.902470	11.713217	13.669900	10.926627	11.013732	5.384900	11.752984	4.005133	11.877644	9.855158	9.483238	15.815420	14.766400	15.403994	9.609848	12.880825	4.652143	4.601871	5.741138	5.288680	9.488697	6.301480	13.072902	10.686859	11.802206	5.883064	11.371965	0.000000	4.875672	15.780873	13.482001	10.104279	14.024467	10.280835	15.556100	10.993254
4.140395	9.240933	14.503361	5.481637	14.212821	4.278958	9.755129	4.230881	3.830832	16.382389	7.994514	7.727548	4.953239	4.208456	7.129734	7.670035	16.066273	8.618035	5.699361	10.773600	9.766787	14.408643	8.074799	13.819695	7.390407	12.716165	14.412999	5.284948	5.572411	10.526242	14.252116	3.811330	11.282911	4.987493	16.046672	9.784712	10.490466	14.074045	4.735813	6.990400	6.033807	10.224293	11.879525	5.315710	14.513928	13.952624	9.366074	5.375112	4.787417	16.265508	10.079044	8.923989	8.062192	8.223751	0.000000	3.890903	8.210817	10.772644	10.306572	7.687627	11.864739	8.013116
13.310379	16.091281	8.357240	9.958449	4.466240	12.554480	5.099462	3.571714	9.715987	9.863669	5.174450	6.992985	13.792877	4.727974	5.514482	12.991632	4.064308	7.921649	7.410424	14.266829	11.740484	15.847372	4.666637	10.985487	13.599287	6.928650	7.530140	6.045621	5.111133	12.478147	8.436973	12.899429	3.382765	4.621844	3.340477	11.626320	3.691403	10.841126	13.798082	14.596347	10.434323	10.296942	13.336975	9.183049	6.191478	12.282060	16.278183	14.454105	11.145363	8.532190	14.965153	12.193228	15.020394	13.145827	10.007274	0.000000	6.755320	7.204868	12.589176	15.097176	12.796041	6.012545
6.366211	5.622208	9.579631	10.042425	15.785804	13.989188	3.994028	10.671859	12.080881	6.790126	9.952344	10.360996	14.532774	3.452067	4.634404	9.373131	4.125198	13.863658	11.313035	7.824955	13.986492	6.890894	7.862258	13.123959	15.873942	7.363197	6.490191	13.208787	6.083725	4.897745	15.820203	11.136763	10.990909	6.163506	4.883527	5.176414	12.013722	15.032006	8.548622	5.080584	10.461483	14.683453	16.291011	12.501512	8.739535	5.838397	3.525423	13.979214	10.262214	14.907855	11.517634	9.157176	8.055014	15.123012	9.179496	6.988998	0.000000	4.382106	3.916811	11.227860	14.072342	4.364095
7.280939	9.356290	15.362602	6.801352	12.055720	10.283459	11.528092	10.249908	13.648016	11.605813	7.417443	15.892228	13.103786	9.514783	5.787545	11.417205	13.602418	11.744779	5.404320	10.562880	16.230347	6.260072	13.936266	11.573342	15.678138	6.075119	11.003829	5.423924	14.514501	4.836611	7.611260	4.153292	6.593816	9.781983	3.942186	8.623431	6.119816	13.805781	7.495774	5.863507	10.678125	7.199613	9.012542	4.994355	7.148719	8.186380	7.922345	12.099475	10.651117	11.430240	6.919316	15.218025	4.740835	15.343094	11.000053	5.302153	7.714445	0.000000	6.435528	7.774373	11.233784	12.925877
13.491421	5.749500	7.702245	9.761623	9.853565	3.753829	5.347895	5.555320	14.108508	14.489722	5.782588	6.687333	7.506839	14.015382	12.572649	15.423891	12.986743	11.159979	10.231057	13.310229	12.917350	12.421806	7.756070	11.340256	4.114799	9.562749	15.397631	4.146732	12.288461	13.362046	4.799988	6.669936	11.831011	11.008600	11.092775	15.758945	14.370925	13.403744	3.419809	5.398672	6.626649	7.514893	14.875740	4.990573	12.325842	5.613186	3.376251	6.701580	3.907119	9.632999	14.906567	9.943228	7.639906	10.340273	14.487428	10.260551	12.627230	11.017512	0.000000	14.289456	10.136056	11.961339
16.185141	7.037825	14.566723	10.884942	4.478118	12.318417	5.174876	13.310804	5.570826	9.213441	8.284131	6.340186	14.784381	6.351592	6.484502	6.947819	10.794925	7.510297	9.564344	8.966480	4.997414	3.942410	9.786624	15.625962	7.684416	9.671779	6.936308	8.951703	9.592752	13.069585	16.146647	5.086999	13.828825	5.766398	7.406079	5.988145	8.738637	14.248214	3.579193	12.255155	4.768686	5.521859	6.689210	16.221677	7.226210	10.166776	7.388713	3.994043	8.808234	5.284637	8.661301	7.575141	14.445345	10.787133	11.616537	6.414189	14.159393	7.906065	6.827459	0.000000	8.724242	4.290623
14.196755	6.025292	7.380872	11.412264	4.819671	7.258959	13.128111	15.539597	6.545254	7.558254	5.252359	14.933498	8.446945	16.096895	3.536946	4.965945	9.122592	3.880463	13.191550	9.084277	11.448999	14.905365	15.236439	8.719726	6.204269	7.995023	5.173445	5.570877	15.890539	5.052347	3.855321	13.457417	4.690983	13.414221	13.166328	8.174236	6.979605	8.608645	6.501365	14.884734	11.357249	6.690288	7.667408	15.646115	14.163884	3.671213	14.396658	11.224445	13.602375	5.512297	6.079786	13.580496	13.252394	14.303639	7.779567	15.483305	8.029820	16.304048	12.461051	16.192101	0.000000	4.472632
8.868485	5.833436	15.697393	4.837164	14.793247	11.018338	10.038223	11.941321	6.828285	14.808126	6.238016	14.529060	12.979452	12.533048	7.657328	7.367755	3.325353	15.254704	9.926716	6.168943	13.083981	15.603145	8.222231	9.212279	5.848732	3.805360	12.415101	4.106226	6.786629	7.322755	15.592737	6.180962	10.501863	4.230276	4.774315	4.502238	9.491562	9.108570	5.320705	13.112333	5.254470	13.291255	12.101905	3.299829	8.738362	3.772101	3.764491	12.866603	14.551698	12.722224	9.998767	4.971660	14.212689	12.839229	3.700452	9.335827	3.643659	7.263843	9.139070	11.439479	5.272948	0.000000
