18.540906	33.546096	16.097300	20.457343	24.610229	17.777102	18.708066	25.360829	20.062936	10.952481	21.908203	10.678064	24.671592	29.538698	7.855995	28.462009	25.301746	17.559406	32.599263	20.889589	19.247071	28.464918	12.131342	14.058255	16.892172	13.106080	17.595447	28.131868	20.241903	19.650729	26.803872	27.346159	11.622475	32.280547	28.852861	22.703606	28.826433	18.909749	21.551538	7.299912	20.026978	21.721738	20.012174	21.090536	23.699712	31.476664	22.659609	17.407843	16.099637	19.342748	21.121660	24.108266	24.058044	20.832551	9.460706	12.620743	14.900704	33.274443	8.726378	13.372371	27.686772	11.872624
30.151564	21.607571	25.604282	15.567902	11.734964	21.075590	24.433594	25.480469	27.681011	32.796131	12.394754	28.225036	29.224624	32.306951	8.184755	11.583032	21.381759	13.352925	26.897980	30.519753	6.892907	7.775174	13.907520	10.804719	26.355429	11.798072	9.250659	25.224256	17.355457	7.064523	27.195693	25.118081	27.822393	15.025732	15.329909	22.221280	16.909526	10.093641	23.958357	14.145891	12.303229	21.631822	20.848133	8.380524	22.597030	26.190042	26.483252	17.032566	16.410993	22.059029	25.552548	11.662961	18.259311	31.317894	12.795211	31.978229	18.006433	14.774692	26.246485	13.967396	14.169121	29.650056
25.561120	8.623147	32.908548	17.398123	13.188071	13.198301	8.570347	23.841975	20.794017	30.401994	9.746221	30.967125	19.582978	19.386903	17.670099	8.276178	25.299891	16.856590	25.350288	24.290899	31.414560	18.141266	24.329050	19.736280	21.931249	26.963406	13.686096	27.114377	30.460899	19.444295	14.789317	18.766610	32.680254	22.207053	28.507992	30.063291	20.168611	30.599751	33.069654	29.639896	8.753035	24.151540	9.011182	6.917655	13.991111	8.501951	32.886948	9.429506	33.586504	27.964982	28.002390	21.439819	27.620844	21.056877	14.818164	33.536716	23.624391	17.663372	7.714847	32.731947	31.003094	26.844445
30.649180	11.376200	17.553839	33.574099	12.890947	25.840751	30.657191	18.951751	27.201907	16.777214	13.156732	8.691070	20.321369	13.637923	7.789575	20.033932	21.174936	32.316621	31.154077	32.105630	14.021087	11.311982	10.473466	30.322630	26.989859	14.898461	23.455182	10.801245	15.337542	25.802899	26.592820	13.534033	8.425897	32.193954	28.397904	8.405483	29.863630	11.762257	30.333436	24.465845	16.702985	17.301760	33.364134	8.792448	13.531736	23.035928	18.255530	10.608929	25.874854	24.118512	27.006376	14.973110	10.265689	23.222292	15.895670	18.558223	18.503002	21.558340	17.099133	29.160517	14.886785	18.487077
33.742844	19.001763	27.584743	31.961365	32.016791	26.265136	20.263981	21.897399	28.021494	17.082363	26.284309	28.356398	24.701966	24.918011	9.844272	33.130643	25.899021	19.217123	8.725614	7.191580	26.401081	16.182816	29.369722	14.657618	15.595586	28.304085	13.994982	23.040588	18.226029	24.905733	30.997945	22.483081	23.337277	30.323585	29.348791	25.722018	13.739196	8.789703	17.963375	22.828225	27.944854	10.340269	10.957633	24.026923	29.306898	14.176266	14.099141	26.564005	33.395617	12.653117	9.657282	14.403830	6.787386	26.360345	11.216532	15.124183	27.936183	10.322907	16.309446	10.385365	28.515009	20.743219
18.069306	10.024285	10.278665	33.354485	20.664187	22.492620	24.575746	9.512460	25.786737	33.600121	12.563841	26.628402	19.589812	26.321000	29.937528	10.359847	14.525123	7.456973	32.663631	13.966581	10.677072	24.952431	23.979341	17.267208	33.042679	14.787263	19.029676	28.890748	11.828529	8.582038	18.864287	21.400405	25.393312	22.306588	20.211078	26.414907	14.058029	27.790175	21.318108	17.569035	13.744417	28.064670	29.449273	23.963623	8.591535	25.175604	13.379375	31.521647	12.641405	9.701718	31.676128	13.828288	13.757999	18.711515	30.720282	26.595016	14.678248	16.576119	18.575338	23.290701	20.585825	14.387872
27.444728	27.974992	22.406013	15.421356	23.821877	18.209561	29.437004	26.551515	12.908834	11.663199	15.240463	32.994891	9.955969	26.500492	17.656947	29.580574	18.580330	18.189002	21.568752	17.935374	31.289285	25.347918	19.597545	11.439649	30.034635	26.664644	26.650458	18.973265	8.021056	21.674895	10.092602	14.437462	18.799914	24.442950	13.840662	22.567367	16.845671	27.639691	26.102625	32.485879	30.520210	23.793516	21.941503	29.875488	16.315855	27.154821	13.620736	17.275136	19.458313	30.273301	29.282649	22.708315	32.186806	26.379848	19.075698	28.036555	29.245853	13.986373	8.981084	20.110441	11.461014	24.198587
32.681011	12.615718	27.591888	9.202182	33.656152	20.500811	31.707429	31.341700	17.417228	11.817307	11.892891	18.329712	32.002070	14.815860	16.410280	9.540784	33.660450	15.024707	15.833482	30.182984	19.787276	17.354884	10.022532	9.197981	22.825233	19.389567	27.475987	13.964920	14.260478	7.583050	19.529014	28.456950	12.110349	28.005401	27.966260	31.835030	17.907169	21.659155	25.823855	15.404873	11.591797	15.248906	33.047251	7.319891	10.024988	29.046217	10.050368	10.201862	21.991182	27.823681	28.444759	8.506098	28.750264	8.280651	10.011296	22.100615	10.591879	25.345961	22.067371	23.117686	25.726155	12.957446
19.572085	25.310431	11.292869	15.087024	19.909583	32.751986	25.615837	21.085464	18.543549	21.038734	21.564032	27.122336	29.691225	7.445587	26.500392	33.164159	27.476027	9.921038	13.960820	29.124678	31.538535	18.887372	12.704002	31.070537	22.648634	11.047159	19.660688	29.262193	10.488732	25.869643	33.688902	17.049362	10.879014	16.550179	7.311587	13.875493	17.249887	10.973332	29.248413	31.842696	26.175263	11.205519	15.144588	6.809637	7.474800	23.318210	22.336016	31.850854	12.541166	15.216821	11.254644	16.174753	14.414946	26.980510	29.956180	13.344304	28.277080	14.815645	32.576330	24.518424	32.031422	16.838790
25.538372	29.014317	21.250759	26.750036	13.359118	18.927983	22.251886	8.538871	12.407451	30.710972	7.117711	33.508156	24.161455	24.337574	21.870663	18.340284	12.407730	18.906530	14.750324	8.968016	21.104214	29.682195	15.529174	17.508042	12.524019	8.787088	19.972096	9.671165	17.607077	24.723673	31.611483	16.228058	31.535134	28.239439	7.893930	27.262313	27.956752	7.320694	30.991830	11.846113	16.011114	23.305135	32.242608	7.367192	22.728806	27.376247	15.533089	32.526393	10.736862	27.234101	15.427282	18.077072	20.365490	33.557456	12.596360	17.500879	12.346753	30.345601	23.465069	30.338708	17.778814	20.410392
19.571609	32.842408	21.261058	10.175495	24.015667	30.263856	20.139488	15.474534	7.095644	12.541602	15.601621	17.924212	20.575464	27.202014	12.585980	22.459842	8.732044	33.107904	13.929701	23.545865	29.572799	29.628303	10.180411	18.614262	13.997244	15.403772	10.571132	11.995516	30.266742	11.884043	21.885227	18.755586	19.904551	21.222105	28.645859	22.270530	25.844054	24.867922	12.571134	11.165295	13.114396	25.110168	18.615755	26.787032	19.235065	28.041376	31.243421	31.740702	30.009446	16.612929	31.180789	22.796694	8.702429	21.681642	10.293709	18.619194	8.562135	23.342310	9.175391	14.251823	25.797629	21.515706
11.946987	21.747368	25.089813	8.994452	9.551137	22.585933	21.656647	20.913684	27.134515	11.818589	19.163181	8.382996	29.964798	17.833453	32.346460	8.096367	32.103861	29.159139	24.496755	9.261692	25.211253	16.547464	20.875814	30.931239	24.951533	19.949808	16.829757	25.782890	29.594645	8.949716	11.077292	6.797581	12.492026	32.682174	32.455255	28.272806	25.502861	25.585296	22.135430	6.990590	28.870634	16.049359	11.480803	27.927853	9.393166	11.257208	33.890923	24.479632	30.721588	19.813562	28.224499	10.597841	14.356730	29.001184	20.021206	8.283826	9.002141	19.581567	11.394246	7.544406	23.456856	19.056115
15.806633	20.592752	14.599822	15.967060	12.515597	19.212086	21.016234	18.334218	27.962535	21.375351	31.058033	30.780636	31.423565	9.965800	33.524407	29.942743	9.516488	8.402322	33.773593	16.737771	12.187837	7.115214	11.863986	23.912449	28.420288	32.081513	32.888085	20.896072	17.203703	18.460087	28.754837	10.793413	28.086634	23.438264	24.450784	30.427953	9.115153	21.492778	23.317534	26.868637	17.261530	23.722842	9.765967	12.735724	10.167807	28.874170	22.190937	12.213636	19.682769	9.987010	32.383828	20.543707	26.399042	24.638761	32.707034	14.776219	18.557202	8.100544	11.393731	15.743977	27.112922	32.425335
17.666982	25.965029	30.719069	29.462472	25.528573	31.181023	11.941373	24.061955	31.483773	7.525333	14.793364	26.969270	26.626935	9.365110	30.892614	7.651696	33.758906	19.236055	7.855089	31.489434	27.478293	32.197553	31.972061	15.893147	13.191597	30.596639	10.087361	26.782576	12.460076	27.881150	22.567243	21.897363	17.466988	23.887016	6.902884	25.746756	6.870635	7.399225	22.807436	21.533810	13.283963	17.185910	24.028165	29.583465	22.290008	22.674589	27.682205	26.527313	7.880808	21.349916	22.470662	7.294103	7.509662	10.556114	20.779287	7.842852	16.568695	13.276374	7.459318	12.913594	25.161694	11.193375
19.726494	7.643326	23.594386	19.026746	31.103363	24.779013	17.419519	22.275065	13.543209	15.174220	25.087800	11.916569	24.937625	10.169023	25.881519	28.638852	23.531900	29.185897	17.302566	16.200547	18.482737	9.506885	13.164238	26.078654	25.292124	25.361868	20.820045	30.599081	14.305629	32.107642	17.210303	32.128200	21.865635	28.512598	12.677212	9.585183	14.258257	23.934471	16.441956	28.589271	28.082930	8.209244	11.316900	17.879274	32.951923	14.421376	20.985122	18.311505	15.173801	22.824388	18.586100	10.802543	21.335802	13.357099	29.895498	27.985258	30.796958	11.325142	27.840684	33.781464	31.260710	14.430287
8.142776	15.558813	21.678189	17.871929	29.461781	21.796714	15.267531	14.218368	14.438682	27.507342	29.376447	21.227791	33.784318	30.276619	14.964325	17.774453	33.787250	19.402224	23.593792	29.395429	27.086975	11.532560	8.291121	18.621775	25.182186	10.060994	7.183848	21.194552	27.500525	28.228995	17.115448	26.857746	9.170213	23.213590	27.976995	23.759937	12.552857	10.225648	15.342191	8.696475	28.941894	17.873788	8.190943	22.378233	32.943876	8.160438	19.289056	17.506352	18.905504	26.420488	19.831694	28.114442	21.103571	15.197680	32.130502	25.237502	27.838722	25.002520	8.348625	15.752335	24.019735	22.298016
32.427044	11.034215	30.030533	20.260943	30.749622	22.149098	8.433005	32.695080	25.698191	22.952511	6.998148	17.637389	21.517217	8.234427	29.676021	13.214325	8.349400	12.878882	14.645419	20.582653	26.515878	27.330678	19.911670	12.800026	25.941560	7.586833	10.735063	11.116222	26.453082	29.518310	20.171723	31.519059	19.762139	28.248632	11.260895	25.777800	10.422152	27.731891	8.564406	21.490794	28.842441	21.199652	28.097567	29.455198	29.355148	22.046611	23.673373	29.507928	13.392385	10.046751	24.074547	30.698844	29.969956	15.610270	26.034957	22.421919	28.453554	24.213028	17.711389	21.074315	20.800116	10.051628
15.017756	28.713104	22.296198	24.741342	32.136588	11.818318	19.521569	23.011773	7.023141	29.122717	9.005334	12.542110	16.506840	11.684604	27.016259	25.824898	23.449724	15.845338	29.264311	12.941510	22.204211	21.518825	15.146615	32.461621	30.180295	18.388418	21.226368	18.158207	18.342171	17.020164	31.772098	11.578201	32.577188	21.392904	15.818305	11.804827	31.295150	11.092102	12.095831	28.378006	16.891048	29.830206	19.285931	33.901156	15.803908	31.788146	14.545467	24.794290	11.366106	27.945940	32.683369	24.022797	17.125334	28.269318	8.778514	8.624060	15.536419	22.442588	22.696528	33.529557	23.417682	8.111662
23.107698	15.588153	13.744723	25.052573	6.849569	17.904314	8.772944	6.845897	16.816571	29.156475	11.192891	24.834797	28.590086	28.681017	14.959386	7.863348	19.394093	6.986868	13.664740	20.593686	25.404949	11.030764	22.672005	15.980772	13.485045	30.296833	33.448705	28.163159	31.194637	14.232699	26.695253	27.466698	16.583061	32.705416	28.692980	23.512928	25.968936	9.834539	15.730716	28.777349	14.347992	28.141926	11.373923	32.346149	33.405548	23.000776	19.517204	26.602904	13.418947	14.007731	24.571453	29.793441	31.841830	19.183890	20.932864	30.700266	29.847819	23.631657	13.637860	21.383654	29.167137	24.223225
27.494126	26.836662	31.090218	21.792683	13.255160	16.973349	23.234904	9.702638	25.317490	14.894315	23.290261	7.348498	12.726379	25.610244	9.990127	17.950481	26.537810	10.073326	11.154736	14.458035	13.651057	7.480366	11.998348	18.238239	30.161978	28.902128	10.897977	26.896964	26.226313	9.969478	12.040171	21.332511	28.853118	32.901847	15.226602	11.625344	28.891197	16.768378	29.718801	7.696388	25.815250	8.326330	30.690159	28.000153	32.859047	33.454735	19.696391	13.074886	14.652483	14.009217	31.559248	11.182491	17.983676	10.407986	6.812906	13.169389	28.813804	24.838230	18.725985	22.474825	18.536789	8.347360
28.842512	29.937402	31.557233	25.620262	24.121781	33.040602	27.239224	14.010592	9.284460	20.286488	14.894671	25.964285	24.127542	10.717409	22.490931	27.950310	14.022504	16.936612	33.671424	28.675162	32.830394	14.857406	17.037916	8.848691	22.419315	19.168256	24.965292	14.444966	13.392864	21.360162	13.806300	21.243295	32.311923	19.426197	32.526605	28.312321	18.190715	30.128232	23.156349	21.867081	15.234804	25.378642	21.280654	21.783947	15.774974	9.427540	20.731652	25.311778	9.958811	9.660049	32.986774	26.799076	13.070617	25.886108	12.151457	11.985246	10.944983	20.790929	21.026911	14.629138	14.368809	31.424179
24.972028	11.557681	30.746653	7.344663	29.074184	31.893304	23.926778	13.135813	10.948945	32.407986	14.909864	26.868375	21.405757	11.425164	12.285447	14.440259	33.867478	15.997528	7.270781	13.842998	10.941901	31.734252	7.210832	14.827254	17.142837	8.454488	10.772275	32.373943	21.889410	27.828342	19.537677	10.810401	15.980599	18.902191	28.075589	13.217770	20.277564	23.202980	9.011290	24.803093	29.377439	10.760897	29.051850	16.751342	8.935699	28.748726	30.530973	18.197184	29.394861	13.673894	23.451825	21.317955	30.178766	18.003294	7.863787	20.743845	31.282041	27.683780	16.863206	19.865506	12.948849	22.015303
30.237442	14.638188	26.529726	23.600308	33.396166	23.694990	12.827739	20.596747	22.635929	7.180964	20.630514	9.329902	23.839034	22.644571	20.616348	8.576419	9.518400	24.282521	16.763905	6.856182	30.217102	32.131443	22.355470	28.201498	10.543970	16.333055	24.954088	16.020714	9.356237	8.639839	28.505693	26.589101	6.993971	29.343173	33.582406	17.569580	32.346368	23.330546	22.600589	16.874601	21.487977	26.411578	22.854401	27.110537	30.276234	24.294532	20.425661	7.516169	13.125334	20.060040	29.831430	16.632444	14.713905	9.680473	6.843738	12.353795	24.686796	28.138656	27.444883	25.767394	15.999908	20.271936
24.004415	25.590386	11.309408	31.329013	17.678518	18.218799	21.704802	23.646385	25.443145	17.981504	33.748891	22.267067	11.029994	6.927170	31.972555	25.664352	29.198956	21.330738	10.085248	23.136970	12.028148	17.057474	24.339455	26.552758	21.574142	20.270496	21.018620	32.556467	16.563737	17.327248	26.607561	15.529665	22.564748	20.304931	19.200664	25.066122	29.429996	18.667008	30.464207	7.938846	31.604197	13.117110	16.306386	23.755541	30.902315	21.553314	8.805651	13.805025	33.687673	15.547204	22.069205	31.870213	20.425571	7.497646	10.378313	15.643503	9.933043	22.097972	15.740566	31.392655	12.947334	13.039415
31.646500	21.411158	25.380293	11.447213	28.735580	31.509299	14.649169	18.074257	26.597132	25.412868	32.291473	27.357339	8.549549	23.803859	9.883144	27.193213	20.249822	23.797497	10.868862	15.395684	17.919124	22.277428	12.452861	22.635954	9.532720	33.315880	11.699023	19.420676	23.750536	14.409912	16.014011	31.137691	10.963662	13.638228	7.939339	21.863940	26.190702	18.773490	28.889091	10.617205	12.909635	8.126845	19.279215	31.291140	33.669785	13.978860	18.705461	10.417171	10.925997	23.988284	28.325240	29.526440	22.238695	26.206955	22.866057	21.076995	33.580813	33.561213	31.901610	30.790400	18.332554	16.882896
11.777266	10.059492	7.503276	8.837945	9.596236	30.887920	15.458479	19.868755	28.232197	23.768697	33.344518	8.788594	31.275922	15.160562	20.593924	32.242640	18.990095	16.140353	18.050459	22.442338	28.707600	32.212058	9.967975	28.804386	24.762954	20.631770	19.559478	17.167642	13.461498	26.221814	27.418994	18.666214	15.415604	16.694077	33.508930	18.279058	29.063651	31.666985	13.772882	26.500774	19.728199	16.965592	9.129877	10.717472	32.878753	21.915182	24.497678	31.585161	29.151917	33.800029	24.198997	23.746044	24.959062	27.074358	29.286961	26.192794	22.561422	27.151529	28.649998	15.737143	11.007294	30.133521
20.549743	13.348709	28.342763	20.293919	20.930000	14.886052	18.202952	25.017544	18.992721	20.091026	9.726213	20.802777	10.315376	30.108148	7.100003	9.398573	14.450755	26.963886	17.654277	30.817476	17.030668	15.513751	20.488944	11.895173	19.691507	27.396866	11.496174	8.372623	31.087751	31.361551	14.287693	17.309887	15.171385	15.827083	25.385987	19.526385	27.679740	29.918780	19.337027	9.906698	16.191186	10.649164	16.529293	10.509761	10.191486	14.986007	29.042844	23.941348	21.485938	13.767713	10.165755	6.859450	17.483464	26.740476	21.304435	21.990242	30.895302	32.310948	9.439039	20.055548	10.819926	10.072613
17.601554	25.935823	21.296900	22.630247	30.130744	22.153755	32.500904	14.046671	27.903211	27.036454	22.954271	18.457199	28.784800	19.967734	10.208405	9.348117	27.395180	10.067871	21.751330	21.694036	18.793398	17.485085	20.417044	8.582843	15.590285	21.859536	28.891296	19.635066	10.116874	22.251758	8.421070	30.474724	11.476196	17.894717	9.436330	20.199825	9.409417	33.542632	24.358731	17.817183	15.440638	19.927305	22.618896	12.301190	21.259795	22.180057	15.133794	20.608675	15.032539	7.389566	14.650535	13.787415	29.389309	15.081464	23.394832	25.082175	7.118051	29.606027	11.044809	20.071519	24.539422	33.520247
31.790885	28.891275	12.641214	23.067564	12.087546	19.824562	19.480817	13.673107	30.212913	14.125121	11.656543	24.729711	32.612041	27.353392	13.026289	11.522397	20.964481	30.877069	30.483512	10.823835	9.137894	27.678761	10.499228	24.398028	26.720855	8.323875	8.692972	7.016425	24.843710	32.898359	19.853711	7.447687	17.168768	32.586024	19.245526	10.809382	32.472307	15.895315	30.241822	32.044091	15.818642	22.412174	21.769386	15.373023	30.823903	10.988150	33.230924	8.284393	24.832415	31.161349	14.192247	33.837025	28.276604	18.351616	13.923738	29.460690	18.567150	7.900332	22.692649	27.250461	30.144882	15.389793
33.846346	7.522287	9.836240	13.572157	30.618426	13.562561	31.306104	18.050560	22.710433	8.764621	31.276750	26.662698	18.731961	29.466523	16.222758	18.298866	33.506107	22.060215	30.831553	8.737986	13.960355	28.562248	17.409761	17.632111	33.450835	30.681427	20.074964	24.090790	32.915627	28.235548	32.702990	31.371819	9.128442	18.433313	24.265848	26.450254	13.912263	18.102108	22.934950	17.184375	7.344337	30.748012	14.681117	20.238732	23.908068	21.525448	18.030855	11.314489	32.135421	28.033865	16.613261	20.497498	33.130524	11.077308	25.506993	8.116540	9.035842	28.197566	21.865430	14.101383	14.268504	12.003435
24.539583	19.602003	27.513010	15.497510	30.788853	8.260509	8.513055	25.153751	10.567053	14.895415	12.518887	15.892614	21.997333	14.242207	9.156228	14.518038	26.733117	30.175732	17.670139	16.174679	30.771419	30.152508	24.808180	27.116154	28.324426	32.570553	28.380549	22.723400	12.519351	16.514188	15.522045	12.575187	13.195479	21.261433	17.924053	21.206901	23.756602	25.057599	24.726322	23.595661	25.948926	23.582132	26.798610	11.708425	21.532605	30.403382	23.220734	15.647408	24.657067	26.202023	15.587692	26.902060	17.997435	13.423031	19.848365	12.700222	27.930451	19.209484	21.888309	12.969558	12.899269	32.742570
15.870019	23.862385	16.939137	10.754404	28.543378	11.225299	7.424445	31.020968	31.953936	21.352876	23.565827	23.960923	21.277177	7.685700	14.497648	32.198009	32.485639	7.445602	32.130722	31.808472	25.972938	27.765365	18.964740	7.831933	30.992352	19.303245	25.906845	33.494186	30.225206	8.480938	19.179188	7.941915	33.425391	9.024387	33.126235	25.938464	17.141563	17.967988	21.179045	16.376902	13.976162	13.268597	21.724147	25.459245	27.699130	15.646325	12.098086	9.981478	8.016324	10.509227	15.536617	20.482050	21.205682	10.800774	11.449385	29.198938	18.804752	26.972420	22.443376	33.846412	10.013573	11.435866
14.071160	29.083767	13.054630	19.032437	11.393983	20.708267	21.384354	25.205638	28.753201	28.489189	23.044072	33.247500	25.585580	29.144710	32.821578	28.454658	12.615528	31.741470	18.837262	15.767205	31.642374	8.488044	29.817856	10.707147	26.508001	15.536209	21.659691	13.278184	16.050678	19.072120	17.699858	12.286543	23.418973	7.679568	27.250300	29.809464	28.230673	21.062808	18.177978	21.090962	12.374250	23.896932	13.915168	21.723456	11.499524	14.841324	11.530705	22.664717	33.056193	28.718624	30.203967	33.488956	16.571686	18.379127	18.108799	20.571035	6.900357	26.334171	28.500146	27.229809	18.996163	10.950260
24.727571	20.404437	13.060723	20.720942	8.396622	13.816009	13.878123	32.383652	12.021882	20.482018	20.007509	22.221158	22.308220	19.617715	17.504288	26.611352	9.769495	14.291715	32.479993	11.470237	29.227994	12.986579	11.383046	24.328305	20.124130	24.832483	15.968765	17.987008	8.426773	10.961236	29.954321	32.023451	31.991122	22.275911	8.934479	13.930716	21.609093	10.211256	29.830805	29.342549	15.473370	12.145232	14.410334	30.919115	33.441839	7.325516	32.712990	24.417106	21.447801	14.734409	19.778617	7.346105	18.858669	23.643810	28.178599	20.439124	29.316583	17.938901	10.693454	26.143156	27.800346	13.048050
32.880420	22.056589	28.160407	17.516593	28.317376	31.420201	17.325354	15.840873	31.237486	28.812160	14.393770	29.354786	12.952873	21.918837	11.972868	30.523555	26.779437	14.196785	18.398737	26.251273	22.150364	17.755238	15.327106	9.202412	21.558079	24.890646	16.307775	10.295066	25.983844	10.480249	23.456818	22.782974	19.155994	27.854507	30.211040	14.341485	19.494011	32.086623	21.246771	26.596002	25.698648	18.753202	12.500907	12.556114	29.632226	16.053394	9.990548	14.086723	21.585569	13.346779	14.206750	19.205108	28.556748	25.424796	16.184761	14.311378	15.660103	24.104401	27.369229	20.324580	10.490477	27.036089
32.789803	13.749702	26.665295	10.227016	8.712676	16.588320	25.052655	21.911733	15.001675	26.517338	30.048810	13.291163	12.755943	25.297541	30.167577	8.492256	17.349555	18.528313	15.036267	33.893277	19.680000	32.816860	23.923237	33.650772	27.541895	21.958200	20.332492	31.850551	14.456801	18.518634	12.301544	24.198280	33.639922	32.755522	23.739576	11.394408	7.827794	7.699102	26.347309	13.684307	10.429828	30.829773	20.349277	9.478707	15.401555	30.807177	17.146036	20.151390	33.322972	9.562983	16.333042	11.669415	29.123466	32.011364	22.919496	28.168486	25.675940	22.435076	29.184213	20.562267	7.741881	33.543989
32.642011	27.019451	30.732915	33.023840	19.271242	11.393074	20.442307	23.674126	27.957331	33.549143	11.797553	23.489623	24.519999	33.438740	19.812123	28.275301	11.887521	27.129157	9.384803	15.541936	25.294809	18.545743	14.284727	15.671958	17.177657	32.216263	26.584315	27.618428	26.747208	24.492285	7.509549	33.251598	22.082461	27.470902	31.285830	16.559058	18.221778	12.325366	27.174222	15.438664	26.938987	13.324595	11.481302	27.397684	13.267301	27.962975	9.182388	33.251221	32.381165	29.823831	32.470043	18.427494	22.745496	33.403920	7.743276	22.046290	10.155223	9.120048	15.310857	22.701047	18.925088	6.976025
27.412327	29.714739	28.576566	33.842136	29.044787	21.713062	33.701963	10.222787	22.979317	30.015206	9.277505	25.533798	22.574592	28.892785	15.804633	30.383935	19.698704	10.989499	26.013195	25.674028	22.778334	10.959687	19.979463	24.006026	30.329391	19.098544	29.786453	27.150824	17.315573	9.353789	20.209218	19.335752	18.514937	26.225499	11.187430	19.033417	21.065718	22.545114	21.828794	12.948638	26.205355	20.862717	18.146940	27.204409	12.287118	22.747815	12.936947	18.590351	26.096143	21.909075	11.870725	23.051205	29.461924	6.809927	7.499482	8.836368	20.273114	7.943898	24.947585	14.314338	27.734558	12.931017
20.807056	9.878573	25.278569	19.582232	20.088972	12.335449	26.381311	12.597052	15.131653	12.955546	23.416797	10.602341	33.667143	21.223255	27.354744	30.400964	18.267499	7.726992	17.084640	25.672403	30.159030	17.853755	9.961903	15.455569	21.587041	29.991595	16.625339	14.716002	33.097354	12.998243	20.121886	17.513801	8.242705	32.122141	21.531935	15.262786	16.208929	12.163754	6.964032	30.762657	9.786595	19.116800	15.372976	12.875642	14.818696	22.561587	26.098650	10.602034	18.332431	31.305056	20.634036	32.079766	33.670843	28.232357	16.115684	25.495139	28.214631	25.441288	23.715733	9.783971	21.865687	31.514643
27.943701	30.149633	20.572823	20.160706	27.345301	32.893961	26.738294	25.093374	12.438027	28.640931	18.792957	7.746382	31.758935	7.975650	23.066432	27.638953	20.600614	16.627749	8.926748	9.104239	23.215816	24.971429	6.897299	23.230524	29.879642	15.835056	17.594549	12.859285	13.066981	6.982431	24.317120	16.177432	32.513917	8.806734	10.105986	7.543360	28.743966	17.413495	10.432507	16.076252	10.113588	30.195707	10.938850	29.643896	16.872293	31.076948	12.729458	28.986596	25.847681	9.753371	17.584818	19.473943	26.235273	27.109369	28.471357	33.495577	14.934573	16.147668	27.036698	25.254504	15.824723	26.548516
31.075596	21.703419	16.528292	8.920767	18.282224	17.239046	20.069321	16.859114	9.599528	24.083080	23.218064	21.048562	10.130079	10.211873	30.741609	6.960493	23.781461	28.975757	23.709456	29.090619	29.994354	26.657481	20.869106	13.458918	23.132405	17.339857	10.599536	29.811715	12.574062	12.531260	10.619145	27.415834	17.250779	9.872012	33.721965	12.479355	26.594639	14.016757	16.083234	10.171145	26.753456	27.123802	11.412832	18.234930	11.360615	27.359854	7.012682	17.192836	12.574227	10.821569	22.436422	24.804636	28.971135	22.167899	20.423450	26.373180	18.328434	30.971730	31.806507	19.891280	31.308649	27.253657
9.014378	17.238666	18.568662	24.946666	11.828457	31.893996	13.195060	27.450760	28.857289	8.997190	11.960294	13.983823	28.770081	25.884582	17.895660	10.025591	16.456880	29.465728	33.564337	20.281965	25.939947	15.581555	26.866057	12.944694	13.758943	16.583369	30.050092	16.809831	7.911778	16.230162	22.465248	32.586480	15.386683	20.724683	17.575621	24.591655	23.484400	27.512191	29.005413	26.060116	25.272937	16.894220	24.199182	27.148048	13.695447	13.027225	18.442278	21.084863	29.622204	25.887479	31.076893	28.601728	32.881850	28.756383	31.929514	10.185866	9.362931	17.612912	21.185924	10.456296	9.909574	27.614486
28.025773	21.643183	24.077041	8.808477	15.459343	10.281253	25.029012	18.410538	22.794629	11.991504	26.768570	19.684201	28.282074	22.732828	33.144539	29.215092	30.723341	20.206062	24.013982	22.153343	16.577803	14.456438	29.555850	15.953851	12.453862	19.060313	27.059758	17.096641	31.333347	33.204141	29.279231	20.957174	27.477306	9.673560	31.427961	16.955058	7.396297	30.841277	8.642533	8.468090	7.763181	25.983704	23.595153	29.069540	21.956107	11.620906	18.012083	27.518267	21.037829	11.521283	27.627259	21.661369	21.046521	26.857413	23.597025	32.051438	22.141215	29.085390	29.372595	22.320860	22.570495	22.589778
12.856675	25.009098	6.849587	28.088115	12.201135	26.904056	30.075900	13.657648	33.773152	20.306523	31.365802	30.711013	7.362006	33.279471	17.575928	26.889330	24.457822	27.299894	10.259848	23.917664	14.521540	30.882131	30.385128	11.645664	11.195411	19.040404	20.026030	13.304086	21.988519	33.568923	19.823259	19.329073	20.979135	13.527978	18.949486	15.787592	16.046766	25.103381	27.474887	14.824723	8.265186	24.316391	12.240522	17.723862	28.824817	26.812091	26.535476	8.215560	23.363114	27.415968	30.066339	15.221031	33.445124	31.257086	12.110029	12.965092	17.728679	30.779174	6.974038	24.294197	21.575664	27.515333
10.553926	32.542207	14.356468	31.162878	25.321547	16.313299	21.138423	10.215075	25.212404	12.038761	7.440521	18.785830	13.342597	32.358620	15.668508	25.477820	29.613056	10.983442	27.108572	10.597399	11.730646	19.714882	16.999405	10.458705	29.537301	30.747412	9.016662	22.440595	26.753310	24.026686	10.233366	13.406344	31.057890	13.290105	19.068158	24.310718	26.087236	16.011357	18.780293	14.324926	33.399055	29.496775	25.937698	13.874918	26.777646	20.734305	21.813383	16.654864	29.226474	8.992869	32.024900	18.075941	31.012518	11.372867	14.625031	28.647408	29.547868	13.405182	15.179990	32.588910	25.105939	25.523280
15.364681	9.054201	10.105611	8.422909	25.473725	23.405234	33.059199	30.768280	28.668887	14.416961	26.566523	23.999695	16.511250	13.146367	7.982640	12.385298	13.726419	18.241726	8.520942	30.620754	27.749443	32.429698	16.178944	20.818356	13.122474	27.366257	13.855199	30.492422	9.233568	31.545579	33.571808	8.370101	22.465695	29.945211	17.799051	12.625497	10.738523	11.448745	14.777656	10.188785	13.471792	27.437347	19.855430	16.568441	24.064655	13.485179	10.291181	21.353035	20.227565	23.792538	22.964906	19.494563	30.489671	23.687580	21.739722	7.966889	30.566906	28.857356	15.045079	7.963636	33.086365	11.441533
29.455517	11.938713	29.877539	9.057187	9.737258	27.889246	9.640581	18.446279	13.614337	14.953329	26.266701	31.028358	20.401475	14.349870	23.010336	26.776642	20.547450	13.354951	32.401207	15.503245	27.719078	22.785814	28.739863	8.324312	11.340637	8.569234	21.034160	13.349248	6.828558	21.252130	30.941906	24.169404	25.473159	30.606918	24.538772	30.338882	24.078417	29.762370	22.721234	15.463603	24.058371	7.885753	24.705235	24.608707	14.816967	30.283809	30.464292	15.185539	24.661319	14.369294	7.961358	18.585865	14.773329	27.112739	9.837994	28.225558	15.895823	20.332285	14.184203	11.146340	23.049358	8.687695
23.598111	27.123449	13.963776	18.346145	29.918603	13.407557	31.576772	28.341418	11.261447	17.441231	11.677037	21.411150	25.281625	19.280867	11.829373	14.021267	20.401199	23.735891	13.982491	33.829734	8.755051	23.070003	7.669336	20.223325	23.616587	19.169271	29.640662	17.405581	23.919898	9.562474	11.500846	30.830825	25.901593	29.298954	18.249293	9.048009	19.928443	9.324335	15.776987	26.841564	25.079673	25.229682	9.821568	19.547701	31.103800	10.100709	11.299313	14.080724	25.523679	11.562582	31.914019	13.170638	11.169100	27.793002	11.223222	9.897551	6.939805	14.345037	26.720302	10.240933	20.528795	9.016956
33.667756	19.401634	11.864682	24.475066	9.309188	30.653712	21.913072	31.761308	13.168282	15.737166	18.337537	32.255246	25.101650	24.583291	11.200784	26.056514	19.833800	31.600514	19.599036	12.579188	28.875523	21.683805	19.934650	27.893593	18.517118	26.242717	30.342396	10.707863	19.442395	32.709778	11.650546	15.915155	7.441631	31.617019	22.814496	23.756103	21.698706	32.603805	9.326471	7.636995	9.992342	17.283476	28.372261	24.664891	15.060330	7.165271	23.322675	27.613823	30.666847	33.526828	25.779675	14.302236	24.466514	14.814479	11.795166	12.034105	17.209834	15.182190	17.036455	19.467201	14.091826	24.707006
10.306085	23.564985	26.199483	9.578031	21.931305	30.979896	24.190278	33.783413	13.292244	32.356059	32.729829	23.700069	23.945639	20.321695	28.059847	16.542292	13.995517	30.666003	32.294776	21.579026	16.901800	20.754026	11.394053	12.218913	9.856566	19.385722	25.516069	29.564331	24.253238	23.690157	8.418561	7.236558	14.783295	10.008811	29.711932	24.510176	11.554884	18.418308	9.367828	22.441440	10.044775	14.223378	24.887565	22.350447	22.558782	32.369941	15.349475	15.171150	31.963646	11.735474	12.996861	9.944915	23.463465	10.343128	9.407155	12.711164	6.919135	22.260705	22.135449	30.023526	12.805274	23.212783
11.352379	10.798057	15.058821	15.099196	26.836083	17.598716	21.612065	14.254330	12.838438	8.395529	17.433784	18.481435	25.522863	20.184180	24.821847	20.775232	9.869824	23.110091	15.768808	30.154941	24.488331	33.072790	22.670109	30.807045	25.056858	33.614061	32.799032	21.748028	23.566206	8.081179	13.869878	26.052428	6.946016	22.811532	7.968489	27.243384	20.162161	14.302154	13.882939	31.093145	13.345335	27.821740	32.513047	7.316372	31.259579	22.158008	21.297576	33.304520	8.161940	28.804408	22.707407	6.922999	7.165750	28.181836	24.277862	31.971084	28.201561	22.107942	19.210245	24.644877	9.546121	18.536754
25.100595	7.972915	26.793528	17.045461	18.549158	26.692697	29.806743	29.384184	24.707121	13.244146	20.669263	25.523341	31.394082	31.094373	16.599828	13.313349	18.649111	18.429142	28.165319	23.489937	26.857208	19.010229	32.239849	16.039212	27.233440	13.270431	7.522053	19.752301	8.003949	18.259180	11.795273	18.524666	21.456317	9.954492	16.567386	19.244425	14.876367	33.565502	23.388809	29.256033	8.059686	33.368826	20.110671	7.559648	10.081621	15.959762	28.236149	15.617631	27.200354	10.650179	17.597366	32.002577	8.748392	9.137192	15.440856	29.349567	15.411822	32.255380	21.154514	13.746133	22.404929	22.696016
22.021575	7.425141	7.514485	11.121695	11.715277	16.421279	15.685189	11.401550	9.836258	18.516701	9.779077	9.765086	28.873967	13.407439	7.218137	19.097373	28.960892	28.251597	31.880285	26.151387	31.508737	8.537870	20.102614	9.864863	29.977432	24.113210	18.754696	23.502938	14.968806	31.330227	9.332847	13.695374	7.090499	10.173893	18.960908	14.322913	28.244944	18.028835	32.071824	25.624670	10.220374	17.266132	16.958560	19.440008	33.786953	16.740528	32.649863	13.317363	13.381753	9.031787	20.373756	27.260220	7.024966	26.679751	10.183041	24.105859	18.655255	15.296547	24.588170	29.285123	27.712110	22.559705
31.214719	28.362348	21.194017	19.528614	12.743534	8.429579	31.436406	28.364571	32.636790	22.091668	22.885886	32.428133	12.279796	7.273221	29.055314	11.522415	8.702153	10.438898	28.457916	15.774025	31.080615	28.550334	28.342766	11.861500	14.401303	26.939658	12.175924	24.177724	28.219154	22.553063	22.732975	11.106909	24.259862	8.257070	24.517341	20.339999	19.571818	32.650616	30.483919	31.800837	19.833323	26.589361	9.593437	9.489604	11.842701	10.908171	19.583092	13.000058	26.986085	22.057836	24.361527	12.135841	23.472888	21.185499	10.055125	32.579261	27.831058	20.854545	28.951493	21.219214	32.115005	22.690677
8.536447	19.071349	29.940626	11.306715	29.340530	8.822643	20.133395	8.723342	7.897060	33.821661	16.496934	15.945530	10.215334	8.677025	14.710775	15.826739	33.168740	17.784785	11.756413	22.236995	20.157472	29.744990	16.662758	28.528547	15.249181	26.249264	29.753988	10.900464	11.494204	21.726090	29.421692	7.856780	23.288950	10.286085	33.128256	20.194495	21.652195	29.053895	9.766252	14.422988	12.447194	21.102428	24.521226	10.964001	29.962450	28.803106	19.329821	11.086693	9.872839	33.580251	20.802423	18.416717	16.636718	16.970411	14.868478	8.021134	16.943696	22.235020	21.272372	15.863074	24.490686	16.535356
27.476582	33.220393	17.246125	20.553340	9.209463	25.915311	10.517352	7.361866	20.052549	20.357577	10.672235	14.428327	28.473157	9.750062	11.374554	26.818227	8.379294	16.346435	15.290526	29.452081	24.234044	32.716612	9.623373	22.674637	28.073306	14.295446	15.537792	12.471595	10.541458	25.757649	17.410809	26.627785	6.971601	9.530855	6.884257	23.998244	7.609078	22.376466	28.483907	30.132683	21.536235	21.252482	27.531515	18.951793	12.772856	25.352641	33.606429	29.838889	23.004852	17.607476	30.894433	25.169163	31.008531	27.136708	20.654187	12.437529	13.937441	14.865961	25.986974	31.167119	26.414244	12.403277
13.133757	11.597057	19.770913	20.726790	32.589446	28.878626	8.234134	22.026853	24.937117	14.009331	20.540731	21.384781	30.001376	7.114741	9.556798	19.344398	8.505059	28.619351	23.351170	16.146719	28.873059	14.217462	16.223766	27.091542	32.771491	15.192981	13.389831	27.266750	12.550296	10.100715	32.660495	22.987089	22.685835	12.715079	10.071348	10.676291	24.798402	31.032514	17.641416	10.478359	21.592333	30.312596	33.632925	25.805908	18.035736	12.043584	7.266254	28.858026	21.180753	30.776087	23.773759	18.898352	16.621893	31.220483	18.944454	14.420091	22.252883	9.035690	8.074646	23.175245	29.050378	8.998489
15.023081	19.309613	31.715343	14.032518	24.885148	21.224634	23.795360	21.155335	28.173954	23.955887	15.305024	32.809259	27.049876	19.636972	11.938551	23.566328	28.079774	24.242916	11.147019	21.801763	33.507627	12.914533	28.769320	23.888820	32.367067	12.532522	22.712519	11.187511	29.963634	9.974446	15.705343	8.563085	13.603863	20.188859	8.127057	17.795930	12.624841	28.499810	15.466812	12.095447	22.039796	14.855106	18.599619	10.300259	14.749987	16.893224	16.347871	24.975522	21.984012	23.593251	14.276168	31.416727	9.776626	31.675051	22.704722	10.936000	15.918466	15.844140	13.276928	16.042243	23.187481	26.682412
27.850514	11.859972	15.893267	20.146807	20.336708	7.738014	11.030478	11.458902	29.125076	29.912455	11.928314	13.797017	15.489666	28.932730	25.952839	31.841932	26.808128	23.035039	21.116400	27.476272	26.664801	25.641279	16.004441	23.407394	8.483579	19.736043	31.787694	8.549537	25.365863	27.583297	9.898802	13.761086	24.421023	22.722374	22.896233	32.533971	29.667085	27.669422	7.048114	11.135355	13.671678	15.506301	30.709756	10.292448	25.443070	11.578421	6.958148	13.826444	8.054629	19.881141	30.773428	20.521902	15.764508	21.341979	29.907716	21.177318	26.065573	22.740782	27.737724	29.498816	20.920179	24.690209
33.414257	14.520941	30.071497	22.466965	9.233998	25.427735	10.673116	27.477460	11.490929	19.014566	17.095123	13.080005	30.521057	13.103561	13.378081	14.335039	22.281039	15.496808	19.739339	18.504480	10.306577	8.127519	20.198445	32.259301	15.856443	19.961238	14.311263	18.473960	19.798013	26.979234	33.334749	10.491610	28.547405	11.894874	15.281552	12.352881	18.033882	29.413633	7.377314	25.297071	9.834150	11.389791	13.800894	33.489719	14.910041	20.983631	15.245684	8.234164	18.177631	10.899820	17.874148	15.630741	29.820796	22.264947	23.978038	13.232854	29.230178	16.314248	14.086441	17.533027	18.004149	8.846736
29.307346	12.429605	15.229488	23.556121	9.939457	14.977683	27.100116	32.080918	13.503562	15.595862	10.833153	30.829052	17.431406	33.231988	7.290054	10.241579	18.826921	7.999572	27.231146	18.747783	23.631996	30.770944	31.454761	17.994823	12.799274	16.497985	10.670160	11.491034	32.805771	10.420037	7.947642	27.780282	9.673659	27.691062	27.179052	16.868140	14.400690	17.765389	13.412911	30.728332	23.442492	13.803122	15.821313	32.300925	29.239454	7.567377	29.720235	23.168192	28.079685	11.370041	12.542161	28.034495	27.356816	29.528110	16.052971	31.964649	16.569857	33.659853	25.722339	33.428632	10.376828	9.222665
18.302076	12.033337	32.406838	9.975588	30.539371	22.742489	20.718110	24.648862	14.088147	30.570101	12.868977	29.993706	26.793070	25.871043	15.800494	15.202394	6.853019	31.492487	20.487799	12.726311	27.008969	32.212173	16.967271	19.012166	12.064929	7.844449	25.627430	8.465873	14.002109	15.109449	32.190677	12.751134	21.675734	8.722092	9.845776	9.283817	19.589009	18.797960	10.974318	27.067527	10.837513	27.437082	24.980541	6.800302	18.033314	7.775756	7.760037	26.559986	30.040463	26.261778	20.636615	10.253384	29.340257	26.503445	7.627767	19.267348	7.510464	14.987769	18.860956	23.612333	10.875677	32.766625
